-0.08767724981876057 1431350319.4874315 1479655616.2273388 1429449664.6623292 1594767619.4986439 2458474.5284333876 1 10 1 228.3874704971249
-0.4486272245501688 1428388701.3833606 1477010029.716741 1427734734.7882793 1592248927.166136 2458453.336809141 0 2 0 235.07037020558712
-0.10003809136524211 1429303570.8358307 1477561857.3811896 1427858150.1718876 1593193566.4527025 2458474.3359602517 1 7 0 233.87712802221156
-0.457478438590023 1428540715.17156 1477668969.5932677 1426970274.700545 1592173032.5252628 2458811.336585117 3 20 0 234.10873148947942
-0.44450674098770904 1431653673.035987 1480384216.0074713 1429653364.8168344 1595822761.8313687 2458453.4009700147 0 3 1 229.05707326522534
-0.4630536743067637 1425827608.0700874 1473869211.9413056 1424032267.1403737 1589433973.1554575 2458811.2497720066 3 19 0 232.92158966832892
-0.09697614357320816 1429826033.8678193 1477945437.7659106 1427596792.5646625 1593494092.4895248 2458474.383638453 1 8 1 228.12019296835584
-0.4561233590713947 1433125019.7480626 1482050581.4748306 1431506089.4071963 1598077014.9152074 2458453.2200853312 0 0 1 230.7016560607189
-0.46173047858360405 1428853929.3025746 1478060036.5635788 1427311494.3349366 1591969505.5403934 2458811.270375752 3 19 0 234.09814990627854
-0.45866931248600196 1430364302.0553474 1479469656.2965977 1428292223.675117 1595089734.9887204 2458811.3180417814 3 20 1 229.53549635169395
-0.4519545484668761 1433762394.2410445 1482453165.8091817 1431896236.4548807 1597202326.2963607 2458453.284998715 0 1 1 228.89025276217086
-0.3879945806257865 1430036897.4371834 1478032225.5461578 1427767148.0265968 1594483675.0355687 2458516.565732166 2 15 1 229.92354420858774
-0.0957852490425708 1428093676.062274 1476371238.062329 1426650062.0589476 1591150534.061202 2458474.40218211 1 8 0 234.25098284210318
-0.4448524089334356 1432862490.5113535 1482092486.6158764 1430920188.8582988 1597172131.1817312 2458811.53318755 3 23 1 229.46292034244243
-0.0870156525552872 1429275548.9275112 1477592802.8992279 1427715581.403973 1592306143.570619 2458474.538735251 1 10 0 234.1857413545123
-0.4403855088658766 1428027598.0089722 1476633766.0908039 1426381825.2301698 1591461631.2436686 2458453.4651425444 0 4 0 234.4347042220559
-0.3826840189770735 1432211586.7294786 1480242296.5890093 1430184242.1723866 1594855855.1554554 2458516.6484239837 2 16 1 230.1842339111339
-0.4000221123482781 1427350579.4847221 1475297248.280298 1425857694.056985 1591170289.6421702 2458516.378449064 2 12 0 233.3684470884203
-0.3781666272914421 1432729288.5546763 1480845753.0134354 1430689032.153592 1595543335.2715678 2458516.718765193 2 17 1 228.10965376029594
-0.3794898106338067 1431163948.9245024 1479132304.0382304 1429024973.814588 1594618209.2331579 2458516.6981616407 2 17 1 229.9601865563788
-0.09272403826646425 1429719036.791091 1477878804.94363 1427519607.6482742 1594508629.657042 2458474.4498488354 1 9 1 229.41689570064935
-0.4447713835056568 1431267232.8998888 1479894275.8614063 1429268695.0448995 1595916446.5819001 2458453.396849213 0 3 1 228.958745252059
-0.3910557233374483 1428094187.4274526 1476155282.9711215 1426461555.2988038 1591256502.3631444 2458516.518066501 2 14 0 234.76442025910075
-0.448891866051337 1428178034.824238 1476903113.4692574 1426432728.5894532 1592835760.9160583 2458453.3326883554 0 2 0 231.62608760302288
-0.45718190563762917 1428631935.109663 1477253396.6206813 1426935187.8374825 1592755822.5887556 2458453.203602491 0 0 1 229.0243555969286
-0.46278903145985595 1428433284.64681 1477592805.8683276 1427063422.2743177 1592439094.0443277 2458811.2538928133 3 19 0 233.83876263275783
-0.43945927273290053 1433090535.9198346 1481842958.4233317 1431120184.8275375 1597346218.137641 2458453.4795651524 0 4 1 230.73105444101054
-0.3834779294250943 1430722306.9561043 1478786138.7943044 1428703912.1158004 1594171892.7522502 2458516.6360618453 2 16 1 229.46246893096463
-0.4619951133560818 1428658706.92374 1477816599.116632 1427103555.2488112 1591963653.936454 2458811.266255071 3 19 0 233.29862574258584
-0.44591096626557913 1431251553.246881 1480216838.9391909 1429133096.240278 1596008736.1684422 2458811.516704542 3 23 1 228.18445516920193
-0.44371282623332675 1432085937.7770896 1480846930.1007738 1430182934.2681992 1595555647.4517612 2458453.41333222 0 3 1 231.19560229185157
-0.38772993966291125 1430706025.4419346 1478893825.330996 1428682089.4204707 1595160063.2371447 2458516.5698529435 2 15 1 228.76096065371266
-0.08728028975009394 1428623565.187674 1477001106.372999 1427050281.845633 1591771579.265847 2458474.5346145323 1 10 0 234.1416573014162
-0.38693602915508407 1431421919.7917008 1479672339.836654 1429449649.8250012 1595228162.2333033 2458516.582215083 2 15 1 229.90766317687988
-0.4455140034755303 1429090917.5605423 1478211659.3194072 1427519442.6765523 1593237011.3376496 2458811.522885729 3 23 0 233.4990975982816
-0.09604988827093663 1427959191.8346481 1476253604.212722 1426273127.336976 1592283524.885402 2458474.3980613598 1 8 0 232.29751661558376
-0.08382210945524804 1428492437.7950397 1476588316.7955117 1426769447.4612904 1592548536.0926776 2458474.5884625493 1 11 0 234.99115227895572
-0.400286749901948 1426028168.031929 1474052419.3803842 1424522817.5354478 1589551130.5971742 2458516.37432834 2 12 0 233.38908710501968
-0.10370369058067297 1432438934.9466097 1480862758.7194457 1430540356.8143778 1596357954.641004 2458474.2788824732 1 6 1 229.30691061237565
-0.3921142708008425 1427031179.32639 1474871989.5626516 1425253971.653955 1589850750.9045424 2458516.5015836465 2 14 0 234.41438791640837
-0.44884055392176236 1433105870.32387 1482332642.5194688 1431189085.7752452 1597566529.7621608 2458811.471087347 3 22 1 229.4574980073241
-0.3825517026823775 1429158791.4545636 1477310040.4981122 1427540831.5122695 1592310793.7231073 2458516.650484307 2 16 0 235.28292628530002
-0.37790199703466243 1432872330.4701626 1481145854.3210292 1430992642.112619 1596033022.1616893 2458516.722885804 2 17 1 227.51813508000956
-0.45731422632840335 1423024893.3259435 1471644664.0563464 1421612550.7421083 1586360701.5687408 2458453.201542099 0 0 0 233.28506787194712
-0.08263122942867795 1432737130.9569483 1481030787.2198443 1430820581.242 1595657214.6779184 2458474.6070059803 1 11 1 229.2506791052812
-0.10056737218449285 1428881626.6264954 1477089902.9149752 1427268729.9415588 1591230375.8439398 2458474.3277187143 1 7 0 231.15636143524344
-0.4498991024019361 1432347591.5435996 1481512023.842692 1430464196.4547453 1597130400.083119 2458811.4546044767 3 22 1 229.32120119561867
-0.3785635761456234 1428979379.709878 1476940603.538538 1427246690.6563163 1591961496.6225705 2458516.712584223 2 17 0 236.46574037512525
-0.08780957089830466 1427673329.6888733 1475994662.1910439 1425990913.7799013 1591996569.3996668 2458474.5263729896 1 10 0 234.99020989279737
-0.08408675538240118 1427974808.1601958 1476092056.1703339 1426206467.1603932 1591193679.406693 2458474.5843416946 1 11 0 233.40892229032283
-0.4534100618304713 1428672176.0475693 1477240295.9049397 1427108889.8941371 1592056899.4361017 2458453.2623346252 0 1 0 234.83606072752792
-0.3955731053038605 1429345976.292684 1477417857.240281 1427830072.2231982 1592084889.5709503 2458516.4477254427 2 13 0 236.27344515201366
-0.44458777514783776 1432826620.8595765 1481941777.1758986 1430950166.314231 1596623938.487589 2458811.5373082156 3 23 1 229.77726713958728
-0.3961023790953675 1428814751.5988944 1476912371.783235 1427294136.9067874 1591481753.751771 2458516.4394840146 2 13 0 234.3664476258686
-0.4457786449168921 1428436934.0334682 1477417807.0624185 1426799896.2891593 1591757258.3777866 2458811.5187649443 3 23 0 234.1895288993564
-0.4409147968324909 1425124433.3977385 1472715215.3998394 1423065234.075261 1589740564.501883 2458453.4569008956 0 4 0 233.6304271232746
-0.4526161376858262 1430045415.5441031 1478721504.3073606 1428568332.972374 1593000027.9781094 2458453.274696977 0 1 0 233.47052938340835
-0.39237891236182065 1424754991.135396 1471796774.7052808 1422661005.8116431 1588405025.2013054 2458516.49746286 2 14 0 233.43288745295334
-0.10136130933793908 1425482541.0458345 1472761179.6581793 1423421303.6448205 1589675627.4220011 2458474.31535616 1 7 0 233.68076784744878
-0.4576107557220652 1431993138.4020438 1481293523.625646 1430088300.491462 1596257242.741123 2458811.3345247805 3 20 1 229.42114477937568
-0.46634899968034205 1427496295.1860487 1476656058.9439511 1426156286.5685124 1590493601.9917736 2458811.198459836 3 18 0 233.28501996373078
-0.4362642769832874 1432544933.9083848 1481298617.945666 1430491506.2613354 1596266224.4474237 2458453.5293150702 0 5 1 229.8767815306634
-0.38228707128919837 1429426735.1006904 1477590837.044889 1427730154.7596478 1593595225.0683088 2458516.6546049356 2 16 0 233.39836116106426
-0.45335797781539355 1431682204.4652948 1480868074.5300152 1429830398.522213 1596301755.632109 2458811.400745636 3 21 1 229.72285514490167
-0.08302818465269013 1429139946.944768 1477451405.716814 1427478649.946289 1592433640.876671 2458474.600824911 1 11 0 235.81171042958883
-0.4496344619175474 1432577715.622797 1481805549.4144568 1430760086.245109 1596972759.1551385 2458811.4587252466 3 22 1 228.80039320974532
-0.4540195719089084 1427769480.9569588 1476854334.842904 1426308835.8728218 1591416506.7567587 2458811.390443822 3 21 0 233.0127581063176
-0.3915849925235406 1427872555.6217122 1475914793.6155477 1426255518.212832 1590754089.4245224 2458516.5098251444 2 14 0 235.3610558048584
-0.44915650943653773 1427624817.5690656 1476215986.6930003 1425977234.82516 1590996140.738325 2458453.3285675403 0 2 0 235.08712319058077
-0.08833886080876496 1426797362.1150863 1474937160.4440918 1425026860.3051407 1590739333.6037989 2458474.5181313106 1 10 0 234.171533658482
-0.09219474653178139 1430883654.5570621 1479316801.458168 1429168653.0778923 1595846646.557004 2458474.458090543 1 9 1 230.7434705359454
-0.379225169670935 1431915285.9644747 1479928581.229512 1429859102.0977676 1595932274.5904198 2458516.702282418 2 17 1 229.82392993284688
-0.10462992189889775 1426057211.984085 1474355312.1998425 1424640549.3279295 1588607545.2353811 2458474.26445994 1 6 0 234.24905658333708
-0.3966316609014946 1425493216.472943 1472451749.9312692 1423506281.2900143 1588511084.2961254 2458516.431242462 2 13 0 234.99049324645682
-0.38387489125817353 1424680860.0660768 1471712251.4818535 1422477247.2094111 1588424962.3891783 2458516.6298806733 2 16 0 233.86287863253082
-0.4562556759342904 1429353314.9507992 1478141463.2285438 1427977650.883295 1593481615.2233357 2458453.218024999 0 0 0 233.50051729393803
-0.3957054227947694 1432791053.3351507 1480969843.2298932 1430833204.0121038 1595620919.981336 2458516.4456651006 2 13 1 230.52035321107752
-0.4615981619599552 1432189841.6322873 1481401458.4557772 1430327934.374886 1595731908.6608226 2458811.2724360805 3 19 1 230.0417863186842
-0.39079109218350894 1428275626.2061555 1476440935.5903933 1426737569.3208175 1590784497.8747513 2458516.5221871254 2 14 0 234.9229199523622
-0.09990577258840716 1432874558.2671025 1481213388.2190185 1431033140.4563956 1595442084.544704 2458474.338020614 1 7 1 230.90861853068287
-0.44437442047636466 1428202525.7346354 1476879225.7371097 1426551391.1390004 1592664938.5626488 2458453.403030404 0 3 0 232.48942531705796
-0.38281633583997277 1428295876.2312555 1476432359.573525 1426634720.0652332 1591300810.7447762 2458516.6463636514 2 16 0 236.94127611106617
-0.09166546335001158 1431298985.1785727 1479653805.783183 1429375245.200912 1595275521.0894413 2458474.466332117 1 9 1 229.31206832591377
-0.3998897945284128 1431389734.2749324 1479400364.5544584 1429487943.1410742 1593982006.4866364 2458516.3805094115 2 12 1 230.42807286581973
-0.3782989430179349 1429258016.3000712 1477360311.7920747 1427511112.8366208 1592532734.5446968 2458516.7167048785 2 17 0 234.56518108463368
-0.45208686544939525 1430416080.998066 1479236273.972472 1429108044.9459348 1593588398.5407386 2458453.2829383807 0 1 0 235.80680085064756
-0.3917173112704688 1431116202.7997646 1479226659.810072 1429275441.4430642 1594570804.7315083 2458516.5077647828 2 14 1 228.90276606252417
-0.1039683261605937 1432072214.8536959 1480590838.0581377 1430192013.380094 1596722974.8437517 2458474.2747617797 1 6 1 230.0221602843695
-0.3881269014959905 1424540671.245027 1471553589.7201686 1422437203.7130985 1587655942.0549092 2458516.5636717714 2 15 0 232.46832530457553
-0.09565293026573585 1431575968.071787 1480008825.3974013 1429643021.84299 1595709376.377719 2458474.4042424723 1 8 1 228.8584335254036
-0.4449847266336846 1429436001.707851 1478554830.0600505 1427815283.9874315 1593482907.5136929 2458811.5311272047 3 23 0 233.18425478845717
-0.08688333452608532 1432790055.6142106 1481197549.7044854 1430853076.9887137 1597123432.1863396 2458474.5407956014 1 10 1 230.6674870704115
-0.09657917414418193 1427421972.2571838 1475691268.3940425 1425741358.1554508 1590733316.673261 2458474.3898197436 1 8 0 233.8032447916483
-0.46265671052984203 1432020594.9964433 1481252056.0075185 1430270217.9709163 1596782433.4525976 2458811.255953209 3 19 1 229.9983391012131
-0.38361024972709856 1426963787.0433793 1474852416.6092098 1425243745.5030768 1590292072.4565349 2458516.6340014595 2 16 0 234.21603052470778
-0.46212743156471703 1431992966.0967517 1481272938.3895922 1430285943.9361908 1595246843.5417962 2458811.2641947176 3 19 1 229.74334127226157
-0.10476224273919854 1428765062.9725127 1477118218.1766398 1426915104.6015017 1592212905.594956 2458474.262399546 1 6 1 228.07877896165513
-0.3793574899729393 1428255474.270568 1476091773.5536213 1426593321.2418437 1590556619.117132 2458516.700222032 2 17 0 231.62181117349945
-0.44490370539264035 1427494129.5999906 1476089266.9348774 1425799033.545786 1591691482.2340167 2458453.3947888026 0 3 0 234.33244891952128
-0.44936982361624445 1432894421.5478172 1482013810.4519682 1430949961.0582824 1596563266.048461 2458811.4628459825 3 22 1 229.40596221863217
-0.09964113620104342 1433006004.3062027 1481337799.5678275 1431152697.1806602 1596468190.0551891 2458474.34214132 1 7 1 229.35520366854695
-0.39092340752123533 1431745482.9155748 1480013460.0051208 1429824780.4874377 1596109241.2479277 2458516.520126817 2 14 1 231.4475930693185
-0.4490241875495542 1431437059.5998788 1480190176.8744802 1429492736.6948395 1595774078.443029 2458453.330627951 0 2 1 226.92473138942842
-0.45388725193586055 1431335862.4879522 1480582290.3861485 1429464813.934331 1596324979.2125614 2458811.3925042027 3 21 1 229.4296393560355
-0.08395443220948806 1431860635.2780724 1480114234.1106772 1429779612.5297036 1595924774.4700618 2458474.586402125 1 11 1 229.7890720994432
-0.4662166815913338 1431677133.3199668 1480953615.815463 1429945386.1665246 1595590099.2487836 2458811.2005201876 3 18 1 228.52765269254138
-0.4004190695460359 1428554520.3207803 1476669440.8184476 1426709731.7321277 1591876794.0853662 2458516.3722679643 2 12 1 229.04419433247094
-0.4359996344653396 1432960087.0484958 1481666518.1527562 1431038641.5214567 1597217367.5354707 2458453.533435872 0 5 1 229.90760839476076
-0.44604328788341974 1425867488.6770139 1473930513.003293 1423868855.823657 1589522466.5478976 2458811.5146441357 3 23 0 232.98161469024674
-0.4349410852076261 1433350118.6049497 1482126921.226272 1431463382.4259334 1597694420.7341185 2458453.549918754 0 5 1 230.0605316199434
-0.10069969386214339 1432282280.9036922 1480508532.8551445 1430405906.7580593 1595542799.5319042 2458474.325658307 1 7 1 230.10383462841398
-0.394911525923753 1433290150.4990525 1481467559.376275 1431391784.1903284 1596704454.0197577 2458516.4580270275 2 13 1 230.83934806299524
-0.4582723497856733 1427997582.0649788 1477244688.5821345 1426494533.444344 1591543236.8152142 2458811.324222967 3 20 0 233.72324196346287
-0.387068346047883 1427757902.1023755 1475763878.5277991 1426050738.7780554 1592082939.2050772 2458516.58015475 2 15 0 233.90724723421627
-0.4453816834725757 1432479078.6583176 1481522274.4568973 1430522481.658843 1596645935.425732 2458811.5249461103 3 23 1 229.5533845806177
-0.09618220875237427 1431245723.2444897 1479663426.4211378 1429293533.3820667 1594736239.538499 2458474.396000971 1 8 1 229.0445046030785
-0.09113618884077823 1431434214.561194 1479897286.241103 1429503981.989663 1595493163.4887135 2458474.4745735563 1 9 1 229.55702826315462
-0.3780343119836189 1429328611.7589366 1477497313.1326158 1427655809.782841 1592937829.4138134 2458516.7208255013 2 17 0 234.8798197283694
-0.3997574773066539 1428263380.5151997 1476265315.2624464 1426663829.18513 1590879304.5874858 2458516.3825697494 2 12 0 239.4654064676308
-0.45744654749766056 1423989148.7441874 1472562405.000194 1422108289.168878 1588353535.221521 2458453.1994816996 0 0 1 228.92904516841352
-0.46674595744630665 1428315515.6100516 1477535982.128863 1426642781.4899719 1591688933.7221014 2458811.1922787274 3 18 1 228.57819953627848
-0.09285636197767388 1424427817.1527977 1471757137.5749989 1422259824.2528286 1588286259.670238 2458474.4477883964 1 9 0 232.29823574560353
-0.4588016340739358 1424871897.6696837 1473070482.089675 1422889610.699453 1589990396.922892 2458811.3159813755 3 20 0 231.3196044059932
-0.10383600828091843 1428676147.0276442 1477090223.4662628 1427132606.690481 1591673930.2691917 2458474.276822128 1 6 0 235.73123784426795
-0.45221918282068074 1433849091.0340595 1482736750.2405415 1431979349.6770132 1598606117.4803205 2458453.2808780405 0 1 1 230.59376765727214
-0.39198195049883466 1430807974.4059556 1478945567.246898 1428779578.3116663 1594731673.9512892 2458516.5036440324 2 14 1 229.38833377810352
-0.44051783036409375 1431280495.3824615 1479995278.0575876 1429260309.3385882 1596153250.6988275 2458453.46308214 0 4 1 230.30473120097074
-0.08421907891417746 1430990335.52739 1479042369.031274 1428764077.7186623 1594797286.8029413 2458474.5822812584 1 11 1 229.26114858634253
-0.3954407883811548 1432969535.4573596 1481208513.6879954 1431100874.642383 1596639956.4458137 2458516.449785776 2 13 1 228.9849363451046
-0.10423296293672735 1431553195.837051 1480016142.6053028 1429749818.7143822 1596209251.283497 2458474.2706410675 1 6 1 229.91535603133786
-0.3866713970740818 1431374836.4483075 1479473769.4763007 1429357951.5120976 1595341948.8104534 2458516.586335722 2 15 1 229.22776018797256
-0.4447200918313001 1429612482.4417446 1478715514.7333837 1428057428.0724247 1593244595.3437319 2458811.535247886 3 23 0 234.40206565798434
-0.4656874144088903 1432910033.3819702 1482265389.0056539 1431182932.5785751 1596841392.1540093 2458811.208761513 3 18 1 229.36700204158532
-0.3962346990086054 1432081453.6713212 1480159343.4796991 1430211988.5786211 1595029259.4944327 2458516.437423635 2 13 1 229.52660222830454
-0.09710846731432099 1424623035.2434099 1471857491.3349285 1422425199.8147264 1589340808.003345 2458474.3815780138 1 8 0 232.86565828098225
-0.4544165346391438 1430040177.5875857 1479064160.3085976 1427969301.979585 1595081632.3154259 2458811.384262636 3 21 1 228.70665407238403
-0.45003142333195 1428573943.7314909 1477702012.0027244 1426875391.4410098 1592200709.7250032 2458811.452544081 3 22 0 234.12453055501496
-0.4438451440531921 1428451681.7107759 1477077821.8958967 1426871572.891222 1591889137.0480862 2458453.411271873 0 3 0 233.61612102537242
-0.3786958936365288 1432485038.5690684 1480619700.84092 1430469244.9080038 1595650561.8582346 2458516.710523881 2 17 1 230.59758260059982
-0.0917977832632495 1427839769.469792 1476232729.2093172 1426214465.1732993 1591205939.4911008 2458474.4642717373 1 9 0 233.83467288492508
-0.08794189260585838 1431049772.575664 1479415641.163223 1428992909.863005 1595214867.1849241 2458474.524312582 1 10 1 230.94130816073272
-0.46648131836746387 1430608792.2991757 1480004945.449932 1428980532.8891098 1594729804.546417 2458811.1963994754 3 18 1 229.32826726776898
-0.43613195551497697 1429242520.6590319 1477973916.0933971 1427672572.1048179 1592856423.1848989 2458453.5313754743 0 5 0 233.5498073173579
-0.3821547563402419 1432845118.058583 1481043646.3674102 1430944080.7423763 1596887051.924627 2458516.656665238 2 16 1 229.58494990447898
-0.08316050399772479 1432556961.1393652 1480962027.5427337 1430729361.6874623 1595973271.0646749 2458474.59876454 1 11 1 229.34787710357955
-0.38759761977958007 1427400665.81246 1475356137.038075 1425724417.1705003 1589842270.641829 2458516.571913323 2 15 0 233.97179788734095
-0.4456463239868711 1432185164.518847 1481296817.085919 1430229558.635047 1596577452.6105802 2458811.52082534 3 23 1 228.47477778291434
-0.09631452986182154 1427790893.687138 1476103890.2525506 1426174668.3645291 1591118536.0730224 2458474.3939405726 1 8 0 234.11835488506068
-0.43573499398095095 1433029423.04178 1481654624.9567857 1431163908.428369 1596461825.674202 2458453.5375566417 0 5 1 230.43626634516852
-0.4407824744371176 1430360345.5826159 1478760378.4193006 1428140081.385878 1593732303.200356 2458453.458961314 0 4 1 229.72626834238946
-0.4524838188491813 1433633309.921838 1482379989.4075813 1431788634.332935 1597045753.429893 2458453.27675734 0 1 1 228.8914904471912
-0.10122898559682625 1430940858.3500624 1479086398.8177757 1428773306.3400488 1595465659.9699175 2458474.3174165995 1 7 1 230.35951388253756
-0.45774307336250075 1428424633.3557131 1477603300.0779972 1426913116.114202 1591457849.5750582 2458811.332464436 3 20 0 233.96268064143786
-0.46225975040136547 1428564645.4960477 1477811763.1564064 1427121477.0085664 1591595674.2694068 2458811.2621343546 3 19 0 233.5206272668124
-0.3951761562702494 1433246677.2082696 1481361527.1422083 1431374336.0045974 1596964398.7209482 2458516.4539064155 2 13 1 227.22521256386526
-0.4566526284967303 1431925630.3356168 1480638911.8306117 1430282782.7565308 1596021927.5584617 2458453.211843971 0 0 1 228.23852134383233
-0.39649934000138387 1431050057.0866723 1479008242.777197 1428857760.4162545 1595908967.7018514 2458516.433302857 2 13 1 229.42638335545297
-0.3833456095716663 1427593740.622179 1475696784.7056494 1425973520.4556313 1590444831.6048663 2458516.6381222242 2 16 0 235.0196361363219
-0.4450360275487739 1430455160.6308298 1479047603.4258666 1428312637.9958267 1594824622.056346 2458453.392728388 0 3 1 229.71538802703404
-0.4495021424827925 1429416338.6003442 1478605637.630608 1427792138.280258 1592851981.538303 2458811.460785619 3 22 0 233.6723491276596
-0.0882065376059451 1430631334.3322473 1478988760.0174737 1428616248.1293192 1595108406.4326944 2458474.5201917416 1 10 1 229.0886058923905
-0.37909284981751057 1428643544.4158182 1476681031.617423 1426994485.4435465 1591987318.4396665 2458516.704342797 2 17 0 233.9702495655103
-0.0920624248541344 1427595786.5543 1475890570.4087217 1425939168.0822606 1590795398.0315433 2458474.46015095 1 9 0 233.77195329330573
-0.45853699119712843 1427381237.8262358 1476482374.3824413 1425858380.806975 1590925612.0775223 2458811.3201021827 3 20 0 233.89724299294022
-0.10410064436922895 1428205403.9708722 1476578621.8839421 1426704262.0575783 1591209671.8956666 2458474.2727014264 1 6 0 233.94218756515968
-0.3784312593126309 1432658397.0903463 1480890723.3894033 1430642907.234798 1596871118.7936993 2458516.714644555 2 17 1 229.51299539700346
-0.09140082522814197 1431332439.271192 1479704998.8526978 1429497578.2145333 1594911785.2479947 2458474.47045285 1 9 1 229.43740936829195
-0.3829486533607849 1431365340.2898924 1479385013.9559078 1429452030.5236592 1594315428.0229783 2458516.644303309 2 16 1 231.1643644990384
-0.08754492930741975 1427828216.4714036 1476056345.528947 1426165192.3887362 1591048409.5648003 2458474.530493777 1 10 0 234.20635742298424
-0.45029606623866414 1426042541.5636387 1474170114.4835525 1423996491.6013708 1589665894.1929111 2458811.4484232734 3 22 0 233.25566627927554
-0.10017041071027677 1432834808.3895965 1481323634.3527195 1430940665.6017191 1596474301.6902862 2458474.3338998808 1 7 1 227.90100588409518
-0.4484949046070277 1432163261.3001103 1481025616.0766785 1430357507.3939188 1597094232.5313263 2458453.3388695214 0 2 1 230.98448480078406
-0.09684382007133507 1426889625.284813 1475061067.5721588 1425346873.9235463 1590024775.9285722 2458474.385698889 1 8 0 234.27053393053387
-0.3864067667873954 1431498498.4538567 1479639908.6393585 1429592420.3150773 1594725818.517725 2458516.590456333 2 15 1 229.84339457579662
-0.39597005972042965 1432572977.9599032 1480783907.994092 1430666114.9399633 1596385269.0631423 2458516.441544386 2 13 1 230.90094034134546
-0.45301309748534635 1433221924.429597 1482054507.505755 1431351137.6302853 1598035540.2351768 2458453.2685158364 0 1 1 230.79348492696232
-0.39504384090261624 1429741296.3363004 1477856304.772244 1428066659.8683047 1593268151.5944471 2458516.4559667245 2 13 0 234.52049198840996
-0.10096433889213685 1431801724.5505211 1480026757.6565795 1429840529.9727876 1596081798.312664 2458474.3215374663 1 7 1 229.63533162454
-0.4580077104077773 1428257409.0158215 1477401544.3806224 1426733046.4652612 1592356362.9922447 2458811.3283437197 3 20 0 232.7109387770341
-0.44358050889194445 1428564941.9601998 1477198629.9751043 1426937451.7318082 1592894605.2000089 2458453.41539256 0 3 0 231.59836857697846
-0.3872006635387919 1431242292.0039093 1479472527.0834737 1429308508.3993697 1595217003.451919 2458516.578094408 2 15 1 230.2503384535747
-0.4452493640378279 1429173675.1336975 1478183107.8344197 1427630181.114001 1592065546.02038 2458811.5270064827 3 23 0 232.5331324447713
-0.45375493250110566 1428162800.737312 1477382991.376049 1426633540.134427 1591181241.1042452 2458811.394564575 3 21 0 233.56085157651773
-0.08355746550184406 1428896442.207007 1477165442.3476262 1427188915.8911617 1592590394.6997857 2458474.592583373 1 11 0 235.01014265874684
-0.43586731395399525 1429480258.9883876 1478044404.0620356 1427914580.0097857 1592313288.1952121 2458453.535496261 0 5 0 234.86392328638553
-0.4659520471179093 1432436957.6491308 1481731084.4320598 1430881119.0516922 1595842808.4752545 2458811.204640864 3 18 1 229.73610832972255
-0.09259171473468797 1426556677.8764489 1474603803.1443694 1424850888.1316056 1589356038.1548676 2458474.4519092715 1 9 0 233.54270801092304
-0.3911880396321443 1431459299.7773051 1479647837.7175353 1429480307.5992641 1594690752.4496741 2458516.5160061773 2 14 1 229.88272604110261
-0.4487595450615096 1431839745.3638692 1480608961.1266508 1430048344.6446455 1595870474.6403146 2458453.334748752 0 2 1 229.05586784135107
-0.09977345420034212 1429563993.7511568 1477892796.010666 1427989518.2268076 1593320571.2914248 2458474.34008097 1 7 0 233.9326339730075
-0.4492375054076092 1429612271.553821 1478852817.4220629 1428132738.8248146 1593628917.7036462 2458811.464906336 3 22 0 233.4568205218774
-0.43932695536161503 1429861165.041486 1478520450.0798557 1428225284.8626585 1592664926.1943426 2458453.4816254927 0 4 0 234.18122963358124
-0.3994928446275452 1428910531.5815716 1477162942.600053 1427361267.2136955 1591612511.8541787 2458516.3866903977 2 12 0 232.90278508963647
-0.4625243897493547 1428522135.035927 1477704369.2937841 1427034102.326364 1592509275.3400273 2458811.2580136023 3 19 0 233.62670975377392
-0.10502688618420919 1425129692.2462902 1473033782.1625235 1423012971.8415544 1588894458.85636 2458474.25827873 1 6 1 229.45694713360749
-0.44410978112837896 1428435840.2408504 1477192571.5568986 1426798037.8348203 1592341127.83176 2458453.407151156 0 3 0 232.62962296985975
-0.10043505107504558 1432722500.453207 1481197032.7806802 1430822757.0438724 1597743341.9657507 2458474.3297791127 1 7 1 230.29376876338043
-0.4545488565560376 1424781555.7032666 1473004387.450659 1422834262.6421764 1589835935.0776405 2458811.382202225 3 21 0 231.83736990457564
-0.09193010374468713 1431210895.6164684 1479647428.100329 1429176000.1081054 1595377728.562091 2458474.4622113486 1 9 1 228.09133370733716
-0.45354238431556126 1431561090.6348214 1479975200.5932927 1429324004.7439704 1595411683.2241745 2458453.2602742054 0 1 1 228.21889300952765
-0.08435140265529029 1425747024.715609 1473004157.0777774 1423509863.669365 1590395694.9394362 2458474.580220819 1 11 0 233.75526369646067
-0.4658197305839664 1429216487.6239681 1478534202.4421148 1427839428.2201414 1592446761.792204 2458811.206701191 3 18 0 233.29037757246795
-0.4565203105273383 1428806488.562278 1477494690.9998686 1427352718.4889405 1592889312.958929 2458453.2139043207 0 0 0 233.5957211351247
-0.09538829387837211 1431496779.0304747 1479879329.835608 1429618873.4252348 1595436401.6280618 2458474.4083631784 1 8 1 229.8517327199756
-0.4406501522510773 1427575367.935501 1476249402.6236682 1425845381.3399868 1591644638.9021263 2458453.4610217293 0 4 0 234.05293263697064
-0.4523515006106429 1430284526.9239578 1478998607.7251952 1428794180.5924149 1593375916.7270522 2458453.2788176937 0 1 0 234.4067492773312
-0.3996251606530947 1432140791.4931874 1480360468.2585077 1430127084.7199697 1596763882.5878716 2458516.3846300784 2 12 1 228.18841350413788
-0.45757886911550116 1413666657.7282014 1461409236.3548708 1412015608.9035459 1576720073.915174 2458453.1974212932 0 0 0 229.4357736184116
-0.46701059858860816 1422853210.0345213 1471765353.617085 1421116445.0889664 1587275456.7662835 2458811.1881579473 3 18 1 227.721258914369
-0.09126850684007692 1427870892.189507 1476188836.297408 1426382079.364751 1591363820.7564988 2458474.4725132063 1 9 0 233.93079129102114
-0.08289586584594844 1432640359.6224139 1481053692.573812 1430765270.8978028 1596393693.073559 2458474.6028852738 1 11 1 230.27989678828075
-0.45309334370083576 1431734749.8641891 1480979947.420843 1429887725.1100342 1596081037.5591598 2458811.4048663066 3 21 1 228.69559819841135
-0.45428421335026314 1427349041.7668612 1476408137.5427945 1425764628.1063547 1590706842.7505178 2458811.386323037 3 21 0 233.5897616315889
-0.39145267401585215 1431382825.4534492 1479563277.340437 1429406715.1287887 1595563442.6416874 2458516.5118855024 2 14 1 230.2097445426099
-0.4492888315926713 1430537821.3902674 1478928133.7526236 1428414555.5088773 1593905085.2022853 2458453.3265071255 0 2 1 229.81297001380938
-0.4451683499441508 1425126683.2596705 1472753562.5751834 1422928293.640225 1589442075.4897573 2458453.3906679694 0 3 0 233.86922003530083
-0.4497667818606885 1429114487.464161 1478209652.722562 1427528401.3484302 1592421128.5707533 2458811.4566648663 3 22 0 234.24690801798687
-0.09232706880753483 1427215709.1026766 1475369195.2963948 1425463728.4128146 1590397604.2462034 2458474.456030126 1 9 0 233.89440266852944
-0.3789605305023791 1432188004.3089793 1480238659.7143483 1430255311.0656087 1595536121.133838 2458516.7064031675 2 17 1 230.32697789847094
-0.08847118428072775 1429750850.196312 1477760882.2146935 1427645308.5804799 1594027948.4910564 2458474.5160708753 1 10 1 227.71058230408107
-0.46239206977630687 1431941837.3603613 1481270441.347415 1430134660.6134222 1595560669.6041257 2458811.260073983 3 19 1 229.4972585278182
-0.45327773997339094 1432684745.8515878 1481367205.3401465 1430857219.561349 1595544270.1014504 2458453.2643950353 0 1 1 227.09906647780107
-0.1044976016866066 1430467424.0638325 1478920296.5089998 1428599016.2750149 1594991859.649118 2458474.2665203246 1 6 1 229.5892390033248
-0.38308097147970344 1427845373.600163 1475855980.2682252 1426202545.5488782 1592197146.1701396 2458516.642242957 2 16 0 234.22535928861228
-0.45678494691470206 1427744745.816667 1476398126.529251 1426417862.0546484 1590468464.936577 2458453.2097836146 0 0 0 234.36392453411972
-0.09644685153947208 1431072305.6926234 1479416484.1890044 1429141782.862002 1595190060.7856784 2458474.3918801653 1 8 1 231.31593182786222
-0.3873329816876172 1427514202.3403854 1475552222.2539527 1425823822.1864085 1591428978.743259 2458516.5760340556 2 15 0 233.80945738548886
-0.45787539160104274 1431739149.882184 1480968823.1984954 1429902147.8596234 1596348253.0362215 2458811.3304040823 3 20 1 229.71682294709063
-0.435338037441106 1429706708.968518 1478319397.5248098 1428051280.2670214 1593192302.884144 2458453.5437377314 0 5 0 234.81131424092618
-0.10515920872911266 1417029600.1279771 1464233911.7744048 1415142621.9828725 1580618832.42351 2458474.256218309 1 6 0 232.0235162121665
-0.436528921086218 1431597022.857041 1479973034.952783 1429305233.6671019 1596479054.0028465 2458453.525194244 0 5 1 231.0218255981638
-0.4006837101799512 1424619120.2641015 1472604342.3620048 1422598301.4965813 1588861581.3107238 2458516.368147192 2 12 1 228.5971726089496
-0.45362261369437107 1431626820.4767976 1480915967.666851 1429714086.1151462 1596299262.9809859 2458811.3966249377 3 21 1 229.27206273864664
-0.08329282388105597 1428918482.470954 1477178784.7429457 1427216546.1047266 1593053125.1846538 2458474.596704161 1 11 0 233.06638708857645
-0.40015443082605984 1430490106.1554763 1478593611.6616044 1428607848.8357544 1594571725.5707347 2458516.3763887067 2 12 1 230.73170394714788
-0.4671429198176753 1411021574.7736475 1459256459.4316783 1409563037.0540962 1574211280.1906939 2458811.186097547 3 18 0 230.83022061162538
-0.09153314400497692 1427838448.3323421 1476047389.3409016 1426263393.1068883 1591127258.6650975 2458474.468392488 1 9 0 233.3247341274528
-0.4584046702671074 1431206656.8319464 1480513432.812204 1429542121.93093 1595548881.2452025 2458811.3221625783 3 20 1 229.05201321799774
-0.3918496306155035 1427500281.375522 1475476473.44366 1425928068.6563234 1590293330.5241647 2458516.505704412 2 14 0 233.7266550195285
-0.3868037128304813 1427978410.0079124 1476049782.4050233 1426385524.0110338 1590792173.0153759 2458516.584275407 2 15 0 232.86073562754513
-0.0955206118776708 1428083437.0199428 1476487496.1685414 1426593921.6195393 1591060105.634334 2458474.4063028283 1 8 0 232.63170300743076
-0.4629213527487366 1431392695.448453 1480438525.182896 1429391721.6932971 1596019803.4573984 2458811.251832412 3 19 1 228.68012053157176
-0.09671149686851876 1430677763.2604935 1478956440.1865244 1428685817.4098392 1593548202.0828743 2458474.38775932 1 8 1 231.36209587915812
-0.4366612434516881 1426313483.8121195 1474005906.269284 1424067196.4235992 1590615236.3357282 2458453.523133826 0 5 0 234.3826125589849
-0.3958377409734979 1429070656.2252102 1477087974.0617352 1427482117.152138 1592925885.0891333 2458516.4436047478 2 13 0 232.8859779691338
-0.44424210053322355 1431747070.2315419 1480446653.0829082 1429798400.883728 1595452753.7369542 2458453.405090784 0 3 1 230.30225523943423
-0.4573461219364603 1431999819.5234528 1481271587.1463459 1430137502.5269983 1596458652.4851756 2458811.338645446 3 20 1 229.10312664619246
-0.39065877723455245 1431665712.890904 1479821457.796605 1429705601.1714268 1596096577.8797011 2458516.524247428 2 14 1 230.0187891410102
-0.0836897871794946 1432282663.4193518 1480647155.6725779 1430400762.801118 1596956377.708591 2458474.590522966 1 11 1 230.09663622577315
-0.46608436410042486 1428587029.5188208 1477948913.1767187 1427175034.9562595 1592530572.58856 2458811.2025805297 3 18 0 232.59613189350176
-0.40055138966861037 1423109625.7477176 1471006112.8177373 1421600278.8687398 1587217321.5160642 2458516.370207581 2 12 0 231.74156380722928
-0.45288077697400553 1429753277.594348 1478313391.3785892 1428197116.399405 1592796148.4102597 2458453.2705762256 0 1 0 233.55934028717755
-0.10083201613789683 1428463176.4043713 1476644188.192801 1426852063.1923661 1590804374.4792564 2458474.3235978903 1 7 0 233.12652861781547
-0.45814002981262547 1431552844.8329945 1480787089.738018 1429715405.702763 1594928907.1114924 2458811.326283348 3 20 1 228.88497053689898
-0.4434481918496189 1432026019.3820186 1480623675.132855 1430082140.6753745 1596243673.824157 2458453.417452895 0 3 1 229.89524188343978
-0.38786225993501233 1426908866.8201962 1474778115.8733177 1425118622.7929142 1590258769.7116308 2458516.567792558 2 15 0 234.55594194094488
-0.09591756838760901 1431494512.1198926 1479882055.6797976 1429543664.3953216 1595868107.7425332 2458474.400121739 1 8 1 229.6265729624357
-0.08714797094335225 1432530354.566547 1480974968.0889902 1430715483.2864637 1596531808.9496036 2458474.536674895 1 10 1 231.0159232597541
-0.4451170449021262 1432706978.7289193 1481868800.2488282 1430773484.8229592 1597351921.8438754 2458811.5290668504 3 23 1 229.56027616532018
-0.383742570387966 1429904572.8917618 1477743778.228887 1427668006.4721806 1593415643.0520759 2458516.631941068 2 16 1 229.5819963992943
-0.4570495855150547 1426125375.7967453 1474817197.4155455 1424711985.6641483 1590309495.1724863 2458453.205662874 0 0 0 232.8114281180637
-0.3993605290505755 1432737727.3067894 1481072166.3734336 1430831836.0882366 1597164732.7425532 2458516.38875071 2 12 1 229.57268793136743
-0.46186279571565336 1432166637.6116567 1481453129.489555 1430487451.5956373 1596507127.4965096 2458811.2683154154 3 19 1 228.8037010586747
-0.10489456414769904 1423636674.5203109 1471802742.2334394 1422133640.633874 1586151134.9348664 2458474.2603391428 1 6 0 233.65767475463002
-0.09245939156177485 1430578165.823843 1478883387.2587729 1428621637.8985896 1595208426.4103298 2458474.453969702 1 9 1 229.28830759308886
-0.3796221314741075 1425759977.409739 1472814009.0898309 1423675951.7737384 1589036520.626318 2458516.6961012464 2 17 0 233.72203747197702
-0.08860350805174733 1424594443.9848123 1471822549.3906512 1422347826.0841117 1589336870.9874926 2458474.5140104354 1 10 0 231.59664393261087
-0.4446390620373464 1427926797.6037893 1476459446.3568358 1426226839.1901877 1591033191.2419076 2458453.398909617 0 3 0 233.86355557179797
-0.4491051877073673 1432941421.196773 1481995782.254612 1431043386.0061626 1596756107.8475575 2458811.466966681 3 22 1 229.9351583804681
-0.45367470665112464 1426152219.9509897 1473949530.727853 1424298096.8897972 1590057920.6806803 2458453.258213788 0 1 0 234.42617505688605
-0.39530847202664887 1429470584.4211798 1477508313.4321268 1427962441.3630316 1591620112.9840825 2458516.4518461004 2 13 0 232.0443259749753
-0.45638799306633615 1432674422.7999098 1481459508.5869255 1430921283.3251076 1597190690.457151 2458453.2159646624 0 0 1 230.24884790409203
-0.3865390817363554 1427944148.698145 1475948763.475326 1426347058.027944 1590797578.1682673 2458516.5883960305 2 15 0 233.6786886477036
-0.4501637446507374 1431306068.4895754 1480300341.4275537 1429155693.2933831 1595827334.8103294 2458811.4504836793 3 22 1 230.11348327387338
-0.443977462351544 1431954589.2350848 1480706707.010065 1430104022.2196774 1596789466.5385766 2458453.4092115182 0 3 1 230.02041014347185
-0.10030273059360795 1429284751.8952186 1477526468.546648 1427568420.587378 1593713012.477864 2458474.3318395014 1 7 0 231.22587259631564
-0.08807421482180189 1427393679.6306038 1475676495.7411327 1425809690.904254 1591020832.4729648 2458474.522252166 1 10 0 234.496830435852
-0.4668782777782141 1422322099.454262 1471440601.6920192 1421012013.512189 1586098907.6805587 2458811.190218341 3 18 0 232.5840962894814
-0.382419386925978 1432824523.57474 1480969348.7816288 1430918260.14683 1596251882.4396362 2458516.6525446223 2 16 1 231.1934697899896
-0.08276354745788339 1429327026.9488676 1477712086.0320544 1427813576.642737 1592638449.6178122 2458474.60494563 1 11 0 234.19623116292854
-0.45322566032448464 1428461955.188151 1477693315.8472595 1426950498.3469186 1591961159.904357 2458811.402805978 3 21 0 233.4327315781813
-0.4489728706052247 1429757387.0972323 1478991416.1397872 1428186554.4561167 1593167474.2510324 2458811.4690270172 3 22 0 233.86268568486577
-0.45314541847517376 1429323056.1353135 1478018358.166103 1427748104.3027158 1592365497.3734984 2458453.26645544 0 1 0 234.7127594045384
-0.10436528204251871 1427279465.540532 1475497521.5574183 1425795387.8587866 1590283123.4437323 2458474.2685807003 1 6 0 233.5251497852899
-0.38321329022663164 1431115431.2572074 1479199309.8408868 1429101968.824914 1594455878.2287035 2458516.6401825952 2 16 1 228.66206919761512
-0.43919463831928596 1433344724.063633 1481993766.7682037 1431420966.2386494 1596989189.0309906 2458453.483685828 0 4 1 229.33624676949484
-0.45691726593077675 1430842172.6620722 1479625622.3450403 1429104493.1125197 1595435655.0216212 2458453.2077232487 0 0 1 228.5193404619412
-0.3963670193106097 1428127832.1048694 1476043775.370523 1426474826.5706792 1590875693.5215273 2458516.435363249 2 13 0 233.83226729230208
-0.4541518923903425 1431069640.7174773 1480187777.3711033 1429080993.109297 1595313178.3375282 2458811.388383433 3 21 1 229.64457504324042
-0.39132035652494324 1427930436.644386 1475959912.1491094 1426303040.5318265 1591842290.7050285 2458516.5139458445 2 14 0 234.17333229287317
-0.4494211539581414 1425205557.3622272 1472767432.336595 1423192968.456107 1589150808.7341833 2458453.3244467075 0 2 0 233.74351404673126
-0.3788282117853541 1428865934.220519 1476882569.8028045 1427181786.1017628 1592332967.2353358 2458516.7084635287 2 17 0 235.20254417493
-0.4363965989001777 1428701281.4492097 1477318547.6309743 1426893359.8967848 1592744828.500972 2458453.527254659 0 5 0 233.73177172916127
-0.46661363759287866 1425809717.312552 1474935860.7032847 1424427079.4493814 1588807488.1346896 2458811.1943391063 3 18 0 233.29732702326
-0.4008160309903488 1415037252.8751495 1462130784.37077 1413290670.4347167 1578597847.2985623 2458516.3660867983 2 12 0 231.39474244010918
-0.4534902954558291 1428244353.080065 1477376389.264231 1427234940.8453484 1592060667.5639327 2458811.3986852914 3 21 0 234.11909305986597
-0.08342514439239679 1432512589.2488217 1480940708.2038026 1430783846.8489451 1597252874.3100085 2458474.5946437716 1 11 1 228.87108262540337
-0.08741260939418183 1431771508.46461 1480252851.3701496 1429775862.0598638 1596276289.8181043 2458474.5325541566 1 10 1 226.23592222321992
-0.3874653004345454 1430999320.673765 1479117225.8161783 1429132511.9683394 1594009879.923027 2458516.573973694 2 15 1 227.10966894928384
-0.10109666206504997 1427858657.6295176 1475939760.87162 1426150458.4340858 1590799055.263194 2458474.3194770357 1 7 0 233.48643374501535
-0.4527484570308644 1433495557.2476962 1482266786.5810452 1431612314.0753984 1597670837.430059 2458453.272636606 0 1 1 229.7891085527694
-0.3922465914916131 1430031653.7539127 1477874526.4454188 1427874343.1513443 1593239750.1170752 2458516.4995232546 2 14 1 229.00543350221892
