0 2458474.52843 5 54.215 0.0
1 2458453.33681 18 90.2887 0.0
2 2458474.33596 19 58.6541 0.0
3 2458453.40097 1 87.1245 0.0
4 2458474.38364 4 54.8708 0.0
5 2458453.22009 1 90.387 0.0
6 2458453.285 1 89.5649 0.0
7 2458474.40218 21 58.066 0.0
8 2458474.53874 19 58.9682 0.0
9 2458453.46514 17 90.7705 0.0
10 2458474.44985 1 54.6527 0.0
11 2458453.39685 1 87.5219 0.0
12 2458453.33269 19 88.2108 0.0
13 2458453.2036 1 87.424 0.0
14 2458453.47957 1 87.7595 0.0
15 2458453.41333 8 88.0685 0.0
16 2458474.53461 19 57.7754 0.0
17 2458474.39806 15 56.065 0.0
18 2458474.58846 19 56.4403 0.0
19 2458474.27888 1 56.9961 0.0
20 2458453.20154 22 87.5287 0.0
21 2458474.60701 4 55.9528 0.0
22 2458474.32772 17 56.7726 0.0
23 2458474.52637 19 56.636 0.0
24 2458474.58434 22 57.3462 0.0
25 2458453.26233 20 87.7606 0.0
26 2458453.4569 16 90.8847 0.0
27 2458453.2747 19 90.5068 0.0
28 2458474.31536 17 57.2258 0.0
29 2458453.52932 1 87.9007 0.0
30 2458474.60082 17 57.4903 0.0
31 2458453.32857 20 89.0973 0.0
32 2458474.51813 18 58.0235 0.0
33 2458474.45809 1 54.3927 0.0
34 2458474.26446 18 57.563 0.0
35 2458453.21802 18 91.484 0.0
36 2458474.33802 8 54.7307 0.0
37 2458453.40303 21 90.1769 0.0
38 2458474.46633 5 55.3275 0.0
39 2458453.28294 21 91.8156 0.0
40 2458474.27476 2 56.2345 0.0
41 2458474.40424 2 56.0529 0.0
42 2458474.5408 6 58.3863 0.0
43 2458474.38982 17 56.1548 0.0
44 2458474.2624 4 53.6372 0.0
45 2458453.39479 19 88.0845 0.0
46 2458474.34214 2 56.4566 0.0
47 2458453.33063 8 85.8675 0.0
48 2458474.5864 1 53.7866 0.0
49 2458453.53344 1 88.6962 0.0
50 2458453.54992 1 88.6626 0.0
51 2458474.32566 1 54.7572 0.0
52 2458474.396 1 53.6671 0.0
53 2458474.47457 10 56.3291 0.0
54 2458453.19948 1 85.5706 0.0
55 2458474.44779 19 56.5139 0.0
56 2458474.27682 18 58.9679 0.0
57 2458453.28088 1 87.7931 0.0
58 2458453.46308 1 86.4797 0.0
59 2458474.58228 1 54.0173 0.0
60 2458474.27064 5 55.005 0.0
61 2458474.38158 18 56.4273 0.0
62 2458453.41127 20 91.2777 0.0
63 2458474.46427 15 56.3402 0.0
64 2458474.52431 2 53.5074 0.0
65 2458453.53138 22 90.6451 0.0
66 2458474.59876 3 53.9545 0.0
67 2458474.39394 18 55.8704 0.0
68 2458453.53756 1 90.4199 0.0
69 2458453.45896 2 86.5512 0.0
70 2458453.27676 4 87.9725 0.0
71 2458474.31742 1 54.5278 0.0
72 2458453.21184 1 87.4857 0.0
73 2458453.39273 2 85.2887 0.0
74 2458474.52019 7 54.2639 0.0
75 2458474.46015 17 56.7008 0.0
76 2458474.2727 18 58.0035 0.0
77 2458474.47045 1 54.532 0.0
78 2458474.53049 17 58.1899 0.0
79 2458474.3339 1 55.4838 0.0
80 2458453.33887 1 88.113 0.0
81 2458474.3857 16 57.1277 0.0
82 2458453.26852 3 84.5103 0.0
83 2458474.32154 5 54.8771 0.0
84 2458453.41539 17 90.5747 0.0
85 2458474.59258 20 56.5567 0.0
86 2458453.5355 16 91.9005 0.0
87 2458474.45191 20 57.2247 0.0
88 2458453.33475 5 86.2851 0.0
89 2458474.34008 17 57.9987 0.0
90 2458453.48163 23 91.2839 0.0
91 2458474.25828 1 54.5755 0.0
92 2458453.40715 15 91.2028 0.0
93 2458474.32978 1 53.9513 0.0
94 2458474.46221 1 54.4548 0.0
95 2458453.26027 1 85.3755 0.0
96 2458474.58022 20 56.8895 0.0
97 2458453.2139 19 89.8317 0.0
98 2458474.40836 10 54.3687 0.0
99 2458453.46102 18 88.8255 0.0
100 2458453.27882 21 91.1651 0.0
101 2458453.19742 19 87.1321 0.0
102 2458474.47251 22 59.4414 0.0
103 2458474.60289 5 54.2924 0.0
104 2458453.32651 3 84.7651 0.0
105 2458453.39067 15 88.5453 0.0
106 2458474.45603 19 58.3507 0.0
107 2458474.51607 1 55.1237 0.0
108 2458453.2644 1 84.6417 0.0
109 2458474.26652 1 54.9765 0.0
110 2458453.20978 19 90.7533 0.0
111 2458474.39188 4 54.23 0.0
112 2458453.54374 15 92.4753 0.0
113 2458474.25622 21 56.4679 0.0
114 2458453.52519 1 88.7311 0.0
115 2458474.5967 18 57.3909 0.0
116 2458474.46839 19 58.8771 0.0
117 2458474.4063 17 58.3438 0.0
118 2458474.38776 1 53.6202 0.0
119 2458453.52313 20 91.2707 0.0
120 2458453.40509 1 87.474 0.0
121 2458474.59052 1 54.1995 0.0
122 2458453.27058 16 90.5524 0.0
123 2458474.3236 22 57.4766 0.0
124 2458453.41745 1 88.3406 0.0
125 2458474.40012 6 55.8412 0.0
126 2458474.53667 9 54.3489 0.0
127 2458453.20566 20 91.1014 0.0
128 2458474.26034 16 55.5868 0.0
129 2458474.45397 1 54.004 0.0
130 2458474.51401 21 57.0893 0.0
131 2458453.39891 18 89.814 0.0
132 2458453.25821 18 87.5241 0.0
133 2458453.21596 3 88.6734 0.0
134 2458453.40921 3 87.4712 0.0
135 2458474.33184 15 56.4874 0.0
136 2458474.52225 20 57.3046 0.0
137 2458474.60495 17 57.8843 0.0
138 2458453.26646 18 86.9419 0.0
139 2458474.26858 19 57.3072 0.0
140 2458453.48369 1 87.8956 0.0
141 2458453.20772 2 88.2459 0.0
142 2458453.32445 22 88.0987 0.0
143 2458453.52725 19 91.7144 0.0
144 2458474.59464 2 53.4811 0.0
145 2458474.53255 2 53.6665 0.0
146 2458474.31948 22 57.6738 0.0
147 2458453.27264 1 88.2337 0.0
