-0.0876772498188 556704198.975 578996245.652 556340453.335 580348854.699 2458474.52843 1 10 1
-0.44862722455 551987972.206 570686384.939 551593486.027 579593045.261 2458453.33681 0 2 0
-0.100038091365 553727236.766 571706008.324 553383177.506 579709917.973 2458474.33596 1 7 0
-0.444506740988 503041029.616 523906214.204 502728179.389 525173944.881 2458453.40097 0 3 1
-0.0969761435732 512469484.765 535036800.715 512180778.195 537225689.654 2458474.38364 1 8 1
-0.456123359071 545456438.753 567272366.879 545085414.936 568343471.192 2458453.22009 0 0 1
-0.451954548467 480193989.648 501554051.023 479892049.591 503197407.208 2458453.285 0 1 1
-0.0957852490426 482257873.119 500397993.804 481927104.907 509735182.831 2458474.40218 1 8 0
-0.0870156525553 512501056.197 530492163.043 512106178.282 539196863.897 2458474.53874 1 10 0
-0.440385508866 549178233.681 567556857.775 548722436.314 576191672.282 2458453.46514 0 4 0
-0.0927240382665 552428708.321 573046367.008 552099646.456 577092131.312 2458474.44985 1 9 1
-0.444771383506 529995753.003 553581095.476 529705836.329 555443528.759 2458453.39685 0 3 1
-0.448891866051 496867367.104 515402612.492 496521870.396 524172644.038 2458453.33269 0 2 0
-0.457181905638 517568178.374 539048891.65 517233420.778 540264554.639 2458453.2036 0 0 1
-0.439459272733 526144168.135 548414439.269 525835517.478 549779193.787 2458453.47957 0 4 1
-0.443712826233 541936090.549 564574182.477 541624994.979 566256008.706 2458453.41333 0 3 1
-0.0872802897501 516601699.775 534357915.378 516229390.636 543032021.498 2458474.53461 1 10 0
-0.0960498882709 495230707.397 513450850.301 494852967.494 521822712.721 2458474.39806 1 8 0
-0.0838221094552 542190856.888 560571833.058 541820245.637 569490697.296 2458474.58846 1 11 0
-0.103703690581 531475608.678 552730636.536 531163613.071 553966211.817 2458474.27888 1 6 1
-0.457314226328 533418677.732 552574726.513 533081967.895 560565772.029 2458453.20154 0 0 0
-0.0826312294287 539747486.485 562825714.511 539404908.492 564625476.635 2458474.60701 1 11 1
-0.100567372184 511031337.494 529060321.681 510644222.295 537968407.895 2458474.32772 1 7 0
-0.0878095708983 537787771.544 556508114.943 537429114.437 564987602.104 2458474.52637 1 10 0
-0.0840867553824 535174015.718 553315785.897 534794094.696 561624543.797 2458474.58434 1 11 0
-0.45341006183 540750788.838 559052368.988 540318567.57 567609914.303 2458453.26233 0 1 0
-0.440914796832 531366543.047 550016737.406 530971540.704 558573502.807 2458453.4569 0 4 0
-0.452616137686 526529685.274 545205157.096 526223619.824 553360111.587 2458453.2747 0 1 0
-0.101361309338 515873693.655 534111081.972 515508480.949 542205024.123 2458474.31536 1 7 0
-0.436264276983 535669742.882 557627628.81 535381964.208 558772303.004 2458453.52932 0 5 1
-0.0830281846527 518762721.404 536610763.365 518344534.232 545393546.536 2458474.60082 1 11 0
-0.449156509437 535333362.994 553955661.38 534965038.977 562297512.43 2458453.32857 0 2 0
-0.0883388608088 516352026.264 534569556.645 515964548.328 543097685.752 2458474.51813 1 10 0
-0.0921947465318 521467168.114 541989290.449 521110442.352 543018081.283 2458474.45809 1 9 1
-0.104629921899 502483044.837 520792364.354 502160572.18 528969914.226 2458474.26446 1 6 0
-0.456255675934 494506206.166 512707591.584 494109960.647 521570782.975 2458453.21802 0 0 0
-0.0999057725884 544172156.792 566922231.343 543939077.169 568986647.938 2458474.33802 1 7 1
-0.444374420476 529868736.51 548118119.62 529410021.968 556378502.263 2458453.40303 0 3 0
-0.09166546335 562432176.543 584371923.609 562165633.937 587304310.329 2458474.46633 1 9 1
-0.452086865449 556031010.483 575296140.081 555781065.224 583839218.304 2458453.28294 0 1 0
-0.103968326161 535432961.747 556327641.622 535146606.635 557351521.595 2458474.27476 1 6 1
-0.0956529302657 503914490.262 525555214.904 503621019.862 527036914.258 2458474.40424 1 8 1
-0.0868833345261 549138559.847 571056528.744 548788046.84 573003627.831 2458474.5408 1 10 1
-0.0965791741442 505426118.519 523778213.425 505090183.58 532036091.897 2458474.38982 1 8 0
-0.104762242739 512130171.336 533284961.869 511814685.494 534836021.27 2458474.2624 1 6 1
-0.444903705393 543615123.978 561979938.313 543188425.159 570665870.52 2458453.39479 0 3 0
-0.099641136201 518946473.915 540281692.607 518633533.927 541676017.037 2458474.34214 1 7 1
-0.44902418755 544599278.609 565513321.879 544237276.353 569759009.949 2458453.33063 0 2 1
-0.0839544322095 554055478.312 574979497.881 553694196.157 575861754.789 2458474.5864 1 11 1
-0.435999634465 553670139.207 575085832.553 553326627.926 575989639.874 2458453.53344 0 5 1
-0.434941085208 540926285.421 562132588.869 540628575.008 563045300.161 2458453.54992 0 5 1
-0.100699693862 554069167.331 576348802.639 553724469.355 577699741.317 2458474.32566 1 7 1
-0.0961822087524 533705643.869 554768430.14 533341141.908 555766980.416 2458474.396 1 8 1
-0.0911361888408 508821510.232 530194199.603 508527684.645 533248033.834 2458474.47457 1 9 1
-0.457446547498 548804452.844 570557790.943 548427434.643 571850697.382 2458453.19948 0 0 1
-0.0928563619777 512915876.034 531468616.642 512554530.574 540239373.871 2458474.44779 1 9 0
-0.103836008281 551977048.243 570304915.26 551606798.946 578555398.734 2458474.27682 1 6 0
-0.452219182821 554626903.746 576129183.678 554256177.501 577109041.945 2458453.28088 0 1 1
-0.440517830364 541352227.634 562773143.301 540996129.936 563759630.349 2458453.46308 0 4 1
-0.0842190789142 533208131.183 553924187.134 532849100.982 554928265.197 2458474.58228 1 11 1
-0.104232962937 496209548.366 518698361.72 495897545.456 520840252.382 2458474.27064 1 6 1
-0.0971084673143 509514136.015 526975289.399 509070900.293 536054741.562 2458474.38158 1 8 0
-0.443845144053 536776236.057 555366131.052 536409690.575 563668714.496 2458453.41127 0 3 0
-0.0917977832632 531819728.558 549628020.527 531590466.134 561389827.023 2458474.46427 1 9 0
-0.0879418926059 530329269.437 551514950.645 530043038.352 552853310.889 2458474.52431 1 10 1
-0.436131955515 540320159.924 559088515.884 539995066.66 567721923.881 2458453.53138 0 5 0
-0.0831605039977 526303882.014 548074833.458 526092449.486 549618287.851 2458474.59876 1 11 1
-0.0963145298618 510062391.277 527321680.597 509693193.308 534914402.574 2458474.39394 1 8 0
-0.435734993981 555265218.016 577078701.303 554903851.542 578050469.577 2458453.53756 0 5 1
-0.440782474437 539610467.109 562811363.029 539236009.961 564261837.311 2458453.45896 0 4 1
-0.452483818849 521200345.313 544211088.458 520918462.866 545995856.106 2458453.27676 0 1 1
-0.101228985597 556876404.598 578445981.36 556582883.355 579623120.23 2458474.31742 1 7 1
-0.456652628497 523798830.823 545512810.857 523482509.015 546783574.411 2458453.21184 0 0 1
-0.445036027549 509215550.423 530675224.477 509034614.234 532150527.85 2458453.39273 0 3 1
-0.0882065376059 538498832.569 559201305.029 538192128.136 563497999.516 2458474.52019 1 10 1
-0.0920624248541 501848897.117 519993850.434 501518260.312 528542391.573 2458474.46015 1 9 0
-0.104100644369 525359674.602 543817967.043 524987866.117 552091977.149 2458474.2727 1 6 0
-0.0914008252281 534687573.487 555828727.404 534380425.603 557061022.376 2458474.47045 1 9 1
-0.0875449293074 480876922.911 498097442.552 480584868.998 509502214.331 2458474.53049 1 10 0
-0.10017041071 535040299.797 557208811.894 534676565.667 558498219.977 2458474.3339 1 7 1
-0.448494904607 522555770.883 543680169.568 522234033.027 544773425.678 2458453.33887 0 2 1
-0.0968438200713 477683883.271 495448564.369 477268857.06 504248231.303 2458474.3857 1 8 0
-0.453013097485 517904716.095 540536501.963 517617713.895 542005779.144 2458453.26852 0 1 1
-0.100964338892 548633498.713 571388560.062 548304771.492 572906598.562 2458474.32154 1 7 1
-0.443580508892 546144295.261 564964820.623 545757927.642 573291741.903 2458453.41539 0 3 0
-0.0835574655018 515790071.949 533802496.362 515421895.956 542207816.408 2458474.59258 1 11 0
-0.435867313954 542840465.219 561809705.443 542482118.568 570521242.935 2458453.5355 0 5 0
-0.0925917147347 486397001.607 503713221.635 486006114.048 512173536.902 2458474.45191 1 9 0
-0.448759545062 512451811.671 534211581.652 512194937.105 535676398.207 2458453.33475 0 2 1
-0.0997734542003 516409291.711 534456411.749 516063271.178 542998959.503 2458474.34008 1 7 0
-0.439326955362 520023342.03 538566129.432 519629530.968 546892857.323 2458453.48163 0 4 0
-0.105026886184 521169062.137 542586028.385 520848030.26 544268564.9 2458474.25828 1 6 1
-0.444109781128 504751461.576 523219679.688 504402037.035 531761935.602 2458453.40715 0 3 0
-0.100435051075 547580895.025 570481075.961 547286349.764 571878437.798 2458474.32978 1 7 1
-0.0919301037447 503490533.972 525037348.7 503218367.284 526759366.09 2458474.46221 1 9 1
-0.453542384316 492747360.987 513838945.574 492434652.851 515363253.986 2458453.26027 0 1 1
-0.0843514026553 532637902.871 551177859.818 532251658.813 560007937.888 2458474.58022 1 11 0
-0.456520310527 nan nan 535749053.125 563111153.437 2458453.2139 0 0 0
-0.0953882938784 534639443.63 554742452.151 534279567.351 559511408.473 2458474.40836 1 8 1
-0.440650152251 503381931.794 521584665.981 502984469.188 530420334.293 2458453.46102 0 4 0
-0.452351500611 483875249.354 502196818.334 483509459.744 511077158.07 2458453.27882 0 1 0
-0.457578869116 499516156.117 518421334.736 499147624.909 526892652.4 2458453.19742 0 0 0
-0.0912685068401 534085353.721 553203859.179 533780904.891 561538928.971 2458474.47251 1 9 0
-0.0828958658459 540744325.313 563430523.942 540489584.636 565718741.064 2458474.60289 1 11 1
-0.449288831593 528595319.274 551728186.547 528260193.381 553281122.74 2458453.32651 0 2 1
-0.445168349944 510267546.099 528474307.68 509825333.414 537442588.803 2458453.39067 0 3 0
-0.0923270688075 524462855.609 542586325.692 524071374.651 550927521.788 2458474.45603 1 9 0
-0.0884711842807 462318276.3 482717141.344 462108110.299 484646076.822 2458474.51607 1 10 1
-0.453277739973 517337790.726 538446872.635 517021182.59 539600215.375 2458453.2644 0 1 1
-0.104497601687 504037812.012 525100633.673 503752396.814 526601109.44 2458474.26652 1 6 1
-0.456784946915 532044069.853 551348767.24 531725430.231 559850100.012 2458453.20978 0 0 0
-0.0964468515395 549172045.622 571813235.19 548863521.811 573136944.182 2458474.39188 1 8 1
-0.435338037441 515683032.523 534130867.627 515299325.705 543268118.922 2458453.54374 0 5 0
-0.105159208729 492045518.196 510555316.862 491721520.692 519303059.449 2458474.25622 1 6 0
-0.436528921086 542351121.493 564568347.468 542055344.49 565917400.443 2458453.52519 0 5 1
-0.0832928238811 497083052.999 514375176.794 496718118.447 523426040.597 2458474.5967 1 11 0
-0.091533144005 532660794.744 550663290.076 532291667.126 559542022.203 2458474.46839 1 9 0
-0.0955206118777 500596771.654 518673309.848 500224282.918 527413855.407 2458474.4063 1 8 0
-0.0967114968685 548976130.227 571067804.973 548648972.729 572243301.865 2458474.38776 1 8 1
-0.436661243452 541300233.665 560296040.539 540924709.147 569345476.515 2458453.52313 0 5 0
-0.444242100533 534537182.459 555846356.11 534252401.432 556772923.669 2458453.40509 0 3 1
-0.0836897871795 553495268.734 575738940.442 553151200.176 576897970.936 2458474.59052 1 11 1
-0.452880776974 nan nan 526827098.331 554624984.361 2458453.27058 0 1 0
-0.100832016138 544743544.121 562416329.652 544327199.868 570385539.196 2458474.3236 1 7 0
-0.44344819185 537100389.32 558771556.727 536817163.638 559946823.375 2458453.41745 0 3 1
-0.0959175683876 527434254.265 550416165.869 527079246.935 552378009.678 2458474.40012 1 8 1
-0.0871479709434 518568522.38 540895483.977 518272329.581 542571129.802 2458474.53667 1 10 1
-0.457049585515 508377030.891 526850680.491 507987566.965 535562659.18 2458453.20566 0 0 0
-0.104894564148 513351096.139 531855222.682 513270042.58 540653336.607 2458474.26034 1 6 0
-0.0924593915618 507111543.451 530054112.126 506782735.672 532075236.229 2458474.45397 1 9 1
-0.0886035080517 550170676.346 567919107.496 549765268.557 576927322.674 2458474.51401 1 10 0
-0.444639062037 509286334.295 528122532.054 508881652.972 536743391.489 2458453.39891 0 3 0
-0.453674706651 nan nan 511872166.962 538230799.464 2458453.25821 0 1 0
-0.456387993066 507961147.427 530464001.881 507667776.013 532116297.296 2458453.21596 0 0 1
-0.443977462352 530983163.294 552539288.641 530681111.002 553602539.782 2458453.40921 0 3 1
-0.100302730594 479597213.231 497239884.513 479208263.093 506861399.217 2458474.33184 1 7 0
-0.0880742148218 521583521.448 539878929.358 521207182.957 548633959.464 2458474.52225 1 10 0
-0.0827635474579 510615953.556 528419311.16 510250431.153 537109639.404 2458474.60495 1 11 0
-0.453145418475 551265476.272 570118745.288 550922601.221 578444633.611 2458453.26646 0 1 0
-0.104365282043 515235569.365 532925618.27 514839642.961 541810597.928 2458474.26858 1 6 0
-0.439194638319 540571861.924 562421018.428 540213855.907 563591380.2 2458453.48369 0 4 1
-0.456917265931 495246193.696 515902492.753 494965573.011 517233556.945 2458453.20772 0 0 1
-0.449421153958 542110131.415 560715468.714 541702463.709 569056923.524 2458453.32445 0 2 0
-0.4363965989 530142692.366 548195084.797 529695507.677 556538443.233 2458453.52725 0 5 0
-0.0834251443924 491639724.947 512591382.27 491442117.617 514227325.927 2458474.59464 1 11 1
-0.0874126093942 nan nan 518558739.485 542776867.888 2458474.53255 1 10 1
-0.101096662065 525592611.073 543490367.039 525215470.984 551601063.946 2458474.31948 1 7 0
-0.452748457031 513079881.109 533850211.31 512778770.576 534982645.915 2458453.27264 0 1 1
