-0.0876772498188 597248991.188 651189570.259 596786178.581 732811243.227 2458474.52843 1 10 1
-0.44862722455 582362869.744 628492832.531 580192710.266 747917698.712 2458453.33681 0 2 0
-0.100038091365 582874014.704 624720510.607 581260627.019 730554917.355 2458474.33596 1 7 0
-0.444506740988 597432652.046 653122657.436 596943469.414 731333032.327 2458453.40097 0 3 1
-0.0969761435732 596587353.024 651709588.373 596062537.276 739754592.398 2458474.38364 1 8 1
-0.456123359071 598612872.366 654786623.739 598150659.84 735547392.512 2458453.22009 0 0 1
-0.451954548467 598611695.249 654565246.308 598197714.954 733482687.533 2458453.285 0 1 1
-0.0957852490426 582407216.485 625548720.242 580381397.271 742218855.891 2458474.40218 1 8 0
-0.0870156525553 582722717.668 626647396.917 580523173.279 744786071.694 2458474.53874 1 10 0
-0.440385508866 582722717.668 626647396.917 579944322.512 734955566.516 2458453.46514 0 4 0
-0.0927240382665 596356140.699 651514063.383 595813370.83 739779747.618 2458474.44985 1 9 1
-0.444771383506 597093086.438 653543924.786 596622069.181 736359149.185 2458453.39685 0 3 1
-0.448891866051 581812317.741 627382746.101 579819463.578 742805235.308 2458453.33269 0 2 0
-0.457181905638 596838828.298 652459437.438 596397580.062 735123129.745 2458453.2036 0 0 1
-0.439459272733 597683601.039 653609491.611 597192136.36 734070619.601 2458453.47957 0 4 1
-0.443712826233 597373890.825 655250725.231 596921596.464 741857007.041 2458453.41333 0 3 1
-0.0872802897501 582630983.489 625965451.615 580684475.954 738330546.196 2458474.53461 1 10 0
-0.0960498882709 582544593.29 625529044.064 580929110.703 729498140.272 2458474.39806 1 8 0
-0.0838221094552 582095978.448 624696720.823 580029529.055 741624916.529 2458474.58846 1 11 0
-0.103703690581 597822755.557 651583718.725 597333696.551 730860904.319 2458474.27888 1 6 1
-0.457314226328 580842813.447 627683136.169 579028350.056 744137272.32 2458453.20154 0 0 0
-0.0826312294287 597510911.148 653954600.07 597042241.393 739947332.606 2458474.60701 1 11 1
-0.100567372184 582750382.654 626937874.528 580657789.45 743738608.61 2458474.32772 1 7 0
-0.0878095708983 582011819.191 626573436.627 579868401.314 744769927.175 2458474.52637 1 10 0
-0.0840867553824 582140584.152 625870348.219 579931644.898 742528438.144 2458474.58434 1 11 0
-0.45341006183 582790262.355 626634730.377 581032109.505 735021824.863 2458453.26233 0 1 0
-0.440914796832 581232578.638 626538807.16 578675999.943 744625386.442 2458453.4569 0 4 0
-0.452616137686 582833841.426 626922370.816 581123038.284 734541214.801 2458453.2747 0 1 0
-0.101361309338 581514467.597 624749179.175 579271946.209 736751221.913 2458474.31536 1 7 0
-0.436264276983 597536068.478 653599067.78 597064996.737 732875234.273 2458453.52932 0 5 1
-0.0830281846527 582682077.784 625169839.158 580940104.136 733523702.542 2458474.60082 1 11 0
-0.449156509437 582183264.759 627227477.829 580219923.77 739250356.486 2458453.32857 0 2 0
-0.0883388608088 581683930.16 625268205.053 579515404.841 740330410.223 2458474.51813 1 10 0
-0.0921947465318 596723108.132 650761380.23 596240310.198 730056886.597 2458474.45809 1 9 1
-0.104629921899 581429869.813 624354993.324 579788592.46 731478754.401 2458474.26446 1 6 0
-0.456255675934 583188450.622 629356734.459 581212462.901 746380702.058 2458453.21802 0 0 0
-0.0999057725884 598285353.384 654135491.217 597833101.81 741358074.162 2458474.33802 1 7 1
-0.444374420476 582243490.124 627162382.702 580460657.105 735830246.996 2458453.40303 0 3 0
-0.09166546335 596855214.434 652656044.971 596357838.161 741508653.897 2458474.46633 1 9 1
-0.452086865449 583267287.269 629757621.087 581327383.895 749155972.614 2458453.28294 0 1 0
-0.103968326161 597685431.227 652015167.111 597202775.647 731128086.889 2458474.27476 1 6 1
-0.0956529302657 597287908.397 651651223.007 596806386.334 730713825.136 2458474.40424 1 8 1
-0.0868833345261 597819119.483 653928803.609 597373994.468 741658406.144 2458474.5408 1 10 1
-0.0965791741442 582376358.629 626316428.801 580361663.088 739374233.155 2458474.38982 1 8 0
-0.104762242739 596526857.053 650092058.724 596044828.181 731389677.498 2458474.2624 1 6 1
-0.444903705393 582309261.725 628474297.904 580057468.766 747935020.221 2458453.39479 0 3 0
-0.099641136201 598077953.246 652117807.614 597630425.847 732847147.277 2458474.34214 1 7 1
-0.44902418755 597399802.515 654266489.3 596817670.582 745778098.789 2458453.33063 0 2 1
-0.0839544322095 597460660.094 651433217.874 596944723.799 731282475.173 2458474.5864 1 11 1
-0.435999634465 597658800.055 653944353.264 597178287.688 733593592.567 2458453.53344 0 5 1
-0.434941085208 597869431.494 653881488.017 597381701.232 733370575.034 2458453.54992 0 5 1
-0.100699693862 597307342.018 650909778.294 596870095.538 732879591.769 2458474.32566 1 7 1
-0.0961822087524 597386337.705 651835917.627 596906448.31 731506422.374 2458474.396 1 8 1
-0.0911361888408 597542290.243 655041896.774 597073335.161 742391277.773 2458474.47457 1 9 1
-0.457446547498 595625512.731 650080886.779 595129896.852 732582092.968 2458453.19948 0 0 1
-0.0928563619777 581365826.716 626048283.118 578868016.254 745921351.566 2458474.44779 1 9 0
-0.103836008281 582627887.101 626885058.175 580624572.006 743448886.938 2458474.27682 1 6 0
-0.452219182821 598736868.187 654910424.937 598250493.071 735954693.366 2458453.28088 0 1 1
-0.440517830364 597266101.357 653021100.474 596792136.435 733034887.761 2458453.46308 0 4 1
-0.0842190789142 597058968.868 650580117.638 596575096.592 731341191.456 2458474.58228 1 11 1
-0.104232962937 597415426.248 653233295.185 596965891.996 740259078.198 2458474.27064 1 6 1
-0.0971084673143 581179862.917 625476428.113 578664725.696 742579823.102 2458474.38158 1 8 0
-0.443845144053 582539151.208 627941826.911 580498649.834 743183539.233 2458453.41127 0 3 0
-0.0917977832632 581721746.741 624412902.506 580776297.966 726903398.894 2458474.46427 1 9 0
-0.0879418926059 596624041.217 650625418.13 596135412.392 729209013.031 2458474.52431 1 10 1
-0.436131955515 582561879.41 627107906.665 580767402.26 738590566.7 2458453.53138 0 5 0
-0.0831605039977 597872928.167 652525554.922 597450105.602 734107529.601 2458474.59876 1 11 1
-0.0963145298618 582053402.92 622899937.198 580705942.215 720543135.191 2458474.39394 1 8 0
-0.435734993981 597675745.737 653700345.609 597254921.659 735517157.422 2458453.53756 0 5 1
-0.440782474437 596991765.649 652656128.508 596469553.085 736109398.232 2458453.45896 0 4 1
-0.452483818849 598397144.062 656332113.183 597911541.479 742026155.963 2458453.27676 0 1 1
-0.101228985597 597075803.874 650356062.434 596579836.222 730919001.947 2458474.31742 1 7 1
-0.456652628497 598060535.303 653719670.474 597684578.504 736051386.567 2458453.21184 0 0 1
-0.445036027549 596725301.494 652485503.564 596220652.762 734805052.793 2458453.39273 0 3 1
-0.0882065376059 596780825.39 649541479.431 596209190.554 740210594.545 2458474.52019 1 10 1
-0.0920624248541 582200458.664 626409404.981 580024148.996 746153541.611 2458474.46015 1 9 0
-0.104100644369 582712781.721 626844526.091 580893181.416 739445715.683 2458474.2727 1 6 0
-0.0914008252281 596933923.423 650883993.626 596488947.914 731144476.634 2458474.47045 1 9 1
-0.0875449293074 581924076.901 625929630.024 580125450.718 748700306.46 2458474.53049 1 10 0
-0.10017041071 597849459.447 652304341.216 597373703.133 733828429.822 2458474.3339 1 7 1
-0.448494904607 597429051.01 653652367.616 596950870.903 735980585.356 2458453.33887 0 2 1
-0.0968438200713 581864009.684 624875773.952 580079931.936 730383588.082 2458474.3857 1 8 0
-0.453013097485 598370179.379 654766330.848 597913339.457 735234604.209 2458453.26852 0 1 1
-0.100964338892 597842084.376 651883142.577 597367413.16 734334155.446 2458474.32154 1 7 1
-0.443580508892 582500721.539 627481310.566 580448517.25 742535836.206 2458453.41539 0 3 0
-0.0835574655018 582448908.035 626628846.441 580268864.338 743850005.485 2458474.59258 1 11 0
-0.435867313954 582951361.27 628320396.453 580754793.206 747745333.812 2458453.5355 0 5 0
-0.0925917147347 581698441.354 623935195.955 579871225.553 731335752.248 2458474.45191 1 9 0
-0.448759545062 597494106.701 653614859.625 597060824.605 736142362.157 2458453.33475 0 2 1
-0.0997734542003 583137675.668 626943828.027 581038184.462 744421646.859 2458474.34008 1 7 0
-0.439326955362 583008342.37 629202568.615 580822719.892 747606105.377 2458453.48163 0 4 0
-0.105026886184 593975888.946 646969323.582 593521103.107 729379524.27 2458474.25828 1 6 1
-0.444109781128 582743559.96 627558868.829 580958035.302 735506348.386 2458453.40715 0 3 0
-0.100435051075 598006632.309 652222069.012 597505894.557 733313402.06 2458474.32978 1 7 1
-0.0919301037447 596701266.83 651210328.175 596228614.714 730947875.601 2458474.46221 1 9 1
-0.453542384316 597802198.483 652683447.448 597275535.734 732473114.358 2458453.26027 0 1 1
-0.0843514026553 581519796.94 625704724.692 578961210.017 744123791.569 2458474.58022 1 11 0
-0.456520310527 583480724.522 628056849.652 581859067.841 736265321.558 2458453.2139 0 0 0
-0.0953882938784 597381095.247 654690327.84 596957215.091 745521504.4 2458474.40836 1 8 1
-0.440650152251 582178205.157 628110046.677 579890587.403 746460349.926 2458453.46102 0 4 0
-0.452351500611 583479293.237 629139358.012 581386329.173 746476138.505 2458453.27882 0 1 0
-0.457578869116 577443575.864 624069549.477 575383879.316 743063262.225 2458453.19742 0 0 0
-0.0912685068401 582349196.043 626882139.317 580267465.33 746731601.151 2458474.47251 1 9 0
-0.0828958658459 597598790.717 654219069.298 597167950.117 742125343.593 2458474.60289 1 11 1
-0.449288831593 597026172.194 653007546.78 596507843.97 736999476.131 2458453.32651 0 2 1
-0.445168349944 581216533.19 627095617.504 578595199.405 746448984.376 2458453.39067 0 3 0
-0.0923270688075 582160556.633 626189398.494 579951783.088 742599420.688 2458474.45603 1 9 0
-0.0884711842807 596406233.098 650390394.91 595879162.477 733848213.364 2458474.51607 1 10 1
-0.453277739973 598060273.719 654209300.444 597562385.223 736246239.163 2458453.2644 0 1 1
-0.104497601687 597438154.868 651262409.649 596986964.456 730138426.917 2458474.26652 1 6 1
-0.456784946915 582475475.025 628346922.182 580736811.455 742517061.669 2458453.20978 0 0 0
-0.0964468515395 596950254.528 652123212.062 596438280.451 733863263.741 2458474.39188 1 8 1
-0.435338037441 583162949.167 626036942.941 581401195.292 732023161.051 2458453.54374 0 5 0
-0.105159208729 578726293.069 623583528.789 576448973.553 744137051.665 2458474.25622 1 6 0
-0.436528921086 597406115.952 652647150.37 596871422.881 734874874.887 2458453.52519 0 5 1
-0.0832928238811 582542864.348 626584065.998 580462968.363 745094359.534 2458474.5967 1 11 0
-0.091533144005 581992272.427 624147427.757 580123238.558 735611032.118 2458474.46839 1 9 0
-0.0955206118777 582502930.534 626317140.372 580544925.105 739965683.775 2458474.4063 1 8 0
-0.0967114968685 597274845.628 656815584.351 596673132.532 731552539.525 2458474.38776 1 8 1
-0.436661243452 581659119.568 624816230.826 579982444.518 729376497.749 2458453.52313 0 5 0
-0.444242100533 597365875.334 653968569.843 596899530.212 733949877.511 2458453.40509 0 3 1
-0.0836897871795 596999551.465 651873379.429 596520639.231 732845686.204 2458474.59052 1 11 1
-0.452880776974 583120573.583 627599038.969 581399153.855 735908125.137 2458453.27058 0 1 0
-0.100832016138 582535163.278 625065870.358 580828893.189 732077535.488 2458474.3236 1 7 0
-0.44344819185 597530675.661 653002106.003 597067018.683 733276311.631 2458453.41745 0 3 1
-0.0959175683876 597291900.955 652562088.419 596836618.055 735641309.937 2458474.40012 1 8 1
-0.0871479709434 598032469.066 653695794.117 597537609.615 740503492.581 2458474.53667 1 10 1
-0.457049585515 581916666.315 628348841.846 579989150.665 745618680.306 2458453.20566 0 0 0
-0.104894564148 581021992.625 623758714.985 579686344.59 731754534.202 2458474.26034 1 6 0
-0.0924593915618 596777919.356 650746030.72 596340682.12 732977544.816 2458474.45397 1 9 1
-0.0886035080517 581068954.996 622927618.671 578950187.33 732284193.464 2458474.51401 1 10 0
-0.444639062037 581989419.246 627462906.663 579839638.534 744756838.863 2458453.39891 0 3 0
-0.453674706651 581869174.551 625229934.051 580256357.312 728336140.726 2458453.25821 0 1 0
-0.456387993066 598244059.212 654993268.405 597812063.327 736619880.671 2458453.21596 0 0 1
-0.443977462352 597289191.497 653242904.664 596793572.163 733074480.512 2458453.40921 0 3 1
-0.100302730594 583103002.015 626259430.504 580976515.075 743984554.278 2458474.33184 1 7 0
-0.0880742148218 582053512.922 625420523.563 580183064.91 736239317.133 2458474.52225 1 10 0
-0.0827635474579 582967766.481 625664284.405 581197024.886 732224519.599 2458474.60495 1 11 0
-0.453145418475 582702512.595 628632305.323 580713349.147 745354669.464 2458453.26646 0 1 0
-0.104365282043 582138870.831 627110402.018 580186506.436 743525591.988 2458474.26858 1 6 0
-0.439194638319 598082989.661 654204256.706 597634072.372 735666866.06 2458453.48369 0 4 1
-0.456917265931 597492601.581 653007580.465 597055830.126 731798818.427 2458453.20772 0 0 1
-0.449421153958 580855418.268 626297707.426 578319385.447 745233189.488 2458453.32445 0 2 0
-0.4363965989 582681980.482 626561241.725 580793290.844 736019904.602 2458453.52725 0 5 0
-0.0834251443924 597844007.818 652343262.261 597394567.169 735435013.537 2458474.59464 1 11 1
-0.0874126093942 597024153.006 649297112.839 596495711.563 732150350.0 2458474.53255 1 10 1
-0.101096662065 582214257.546 626151758.561 580071676.995 742985046.406 2458474.31948 1 7 0
-0.452748457031 598312031.289 654029033.612 597868028.599 733220906.712 2458453.27264 0 1 1
