# %ECSV 0.9
# ---
# datatype:
# - {name: t_mjd, datatype: float64}
# - {name: t_bjd, datatype: float64}
# - {name: t_visit, datatype: float64}
# - {name: t_orbit, datatype: float64}
# - {name: ivisit, datatype: float64}
# - {name: iorbit, datatype: float64}
# - {name: scan, datatype: float64}
# - {name: spec_opt, datatype: float64}
# - {name: var_opt, datatype: float64}
# - {name: wave, datatype: float64}
# schema: astropy-2.0
t_mjd t_bjd t_visit t_orbit ivisit iorbit scan spec_opt var_opt wave
58888.252084215 2458888.753034453 1.8658655940089375 1.8658655940089375 0.0 0.0 0.0 6745057.61772081 663663.5503764065 1.6261363636363637
58888.253380509996 2458888.7543307883 3.7325303920079023 3.7325303920079023 0.0 0.0 1.0 6785050.166118868 667541.6360256381 1.6261363636363637
58888.25467699 2458888.755627308 5.5994615983217955 5.5994615983217955 0.0 0.0 0.0 6798964.869465893 668853.9860656931 1.6261363636363637
58888.255973105 2458888.756923462 7.465867196442559 7.465867196442559 0.0 0.0 1.0 6816246.847877501 670572.3957019929 1.6261363636363637
58888.2572694 2458888.7582197953 9.332531994441524 9.332531994441524 0.0 0.0 0.0 6821848.257809427 671039.9595935673 1.6261363636363637
58888.258565694996 2458888.7595161274 11.199196792440489 11.199196792440489 0.0 0.0 1.0 6829630.202861774 671852.8965838581 1.6261363636363637
58888.259861989995 2458888.7608124586 13.065861590439454 13.065861590439454 0.0 0.0 0.0 6834777.241246511 672289.8805883433 1.6261363636363637
58888.261158285 2458888.7621087884 14.932526398915797 14.932526398915797 0.0 0.0 1.0 6838930.6225312855 672726.2949002272 1.6261363636363637
58888.262454585 2458888.763405122 16.79919839487411 16.79919839487411 0.0 0.0 0.0 6840200.701705194 672808.2874256868 1.6261363636363637
58888.263750879996 2458888.7647014484 18.665863192873076 18.665863192873076 0.0 0.0 1.0 6845394.939519398 673339.7685663323 1.6261363636363637
58888.265047175 2458888.765997773 20.53252800134942 20.53252800134942 0.0 0.0 0.0 6846261.7344788425 673393.7760005925 1.6261363636363637
58888.266343475 2458888.7672941014 22.399199997307733 22.399199997307733 0.0 0.0 1.0 6849985.864473689 673781.3183750641 1.6261363636363637
58888.26763977 2458888.7685904233 24.265864795306697 24.265864795306697 0.0 0.0 0.0 6851683.612942696 673909.1706141277 1.6261363636363637
58888.268936065 2458888.7698867433 26.132529593305662 26.132529593305662 0.0 0.0 1.0 6853621.314311866 674150.8053010061 1.6261363636363637
58888.270232359995 2458888.7711830614 27.999194391304627 27.999194391304627 0.0 0.0 0.0 6850839.960484179 673832.2233614034 1.6261363636363637
58888.27152866 2458888.772479383 29.86586639774032 29.86586639774032 0.0 0.0 1.0 6853737.378128399 674142.6275919487 1.6261363636363637
58888.272824955 2458888.773775698 31.732531195739284 31.732531195739284 0.0 0.0 0.0 6852842.338969755 674031.8027837804 1.6261363636363637
58888.274121434995 2458888.7750721965 33.5994623915758 33.5994623915758 0.0 0.0 1.0 6855719.732165559 674358.6347118934 1.6261363636363637
58888.275417545 2458888.776368324 35.46586080221459 35.46586080221459 0.0 0.0 0.0 6856194.822994179 674344.1258730149 1.6261363636363637
58888.276713845 2458888.77766464 37.332532798172906 37.332532798172906 0.0 0.0 1.0 6856606.584658353 674410.6170436931 1.6261363636363637
58888.27801014 2458888.7789609507 39.19919759617187 39.19919759617187 0.0 0.0 0.0 6858481.960710867 674561.0317541778 1.6261363636363637
58888.279306435 2458888.78025726 41.065862394170836 41.065862394170836 0.0 0.0 1.0 6857627.566685057 674540.4938998669 1.6261363636363637
58888.280602735 2458888.7815535734 42.93253440060653 42.93253440060653 0.0 0.0 0.0 6859862.461362681 674697.2699154839 1.6261363636363637
58888.28189903 2458888.782849882 44.79919919860549 44.79919919860549 0.0 0.0 1.0 6856320.803695806 674383.6429511851 1.6261363636363637
58888.283195325 2458888.78414619 46.66586399660446 46.66586399660446 0.0 0.0 0.0 6858272.34397737 674537.3068628523 1.6261363636363637
58888.28449162 2458888.7854424976 48.53252879460342 48.53252879460342 0.0 0.0 1.0 6859096.854218501 674681.1676584007 1.6261363636363637
58888.318183845 2458888.8191354494 97.04933279310353 1.866132002323866 0.0 1.0 0.0 6844285.185218122 673213.5060969079 1.6261363636363637
58888.319480139995 2458888.8204317843 98.9159975911025 3.7327968003228307 0.0 1.0 1.0 6849057.8474690765 673721.1569586542 1.6261363636363637
58888.320776435 2458888.821728119 100.78266239957884 5.599461608799174 0.0 1.0 0.0 6850953.502522497 673848.8186458634 1.6261363636363637
58888.322072735 2458888.8230244583 102.64933439553715 7.466133604757488 0.0 1.0 1.0 6852021.373306224 674008.6639015744 1.6261363636363637
58888.32336903 2458888.8243207913 104.51599919353612 9.332798402756453 0.0 1.0 0.0 6854605.888409207 674200.7565246421 1.6261363636363637
58888.324665325 2458888.825617124 106.38266400201246 11.199463211232796 0.0 1.0 1.0 6855837.429408675 674376.6502869015 1.6261363636363637
58888.32596162 2458888.826913455 108.24932880001143 13.066128009231761 0.0 1.0 0.0 6855524.036954252 674288.1021534319 1.6261363636363637
58888.32725773 2458888.8282095995 110.11572720017284 14.932526409393176 0.0 1.0 1.0 6854634.504610097 674258.8464287807 1.6261363636363637
58888.328554215 2458888.8295061174 111.9826655939687 16.79946480318904 0.0 1.0 0.0 6854653.228906944 674206.3044524819 1.6261363636363637
58888.329850509996 2458888.830802444 113.84933039196767 18.666129601188004 0.0 1.0 1.0 6856422.408378994 674429.3379094534 1.6261363636363637
58888.331146805 2458888.8320987695 115.71599520044401 20.532794409664348 0.0 1.0 0.0 6856549.194355171 674388.504885526 1.6261363636363637
58888.332443105 2458888.833395098 117.58266719640233 22.39946640562266 0.0 1.0 1.0 6856554.397310145 674410.7384097179 1.6261363636363637
58888.3337394 2458888.8346914193 119.44933199440129 24.266131203621626 0.0 1.0 0.0 6857086.309228748 674438.7318797373 1.6261363636363637
58888.335035694996 2458888.8359877393 121.31599679240026 26.13279600162059 0.0 1.0 1.0 6854343.526794713 674225.7152429045 1.6261363636363637
58888.336331989995 2458888.837284058 123.18266159039922 27.999460799619555 0.0 1.0 0.0 6856321.335873864 674355.6217755241 1.6261363636363637
58888.337628099995 2458888.8385801897 125.04905999056064 29.86585919978097 0.0 1.0 1.0 6858054.075039459 674556.6266443535 1.6261363636363637
58888.338924585 2458888.8398766946 126.91599839483388 31.732797604054213 0.0 1.0 0.0 6855908.298532725 674314.851107943 1.6261363636363637
58888.340220879996 2458888.841173008 128.78266319283284 33.59946240205318 0.0 1.0 1.0 6857171.272198968 674494.7149560928 1.6261363636363637
58888.341517175 2458888.842469321 130.6493280013092 35.46612721052952 0.0 1.0 0.0 6857976.18620739 674519.8039107753 1.6261363636363637
58888.34281329 2458888.8437654525 132.51573359942995 37.332532808650285 0.0 1.0 1.0 6854624.602578894 674227.0993554323 1.6261363636363637
58888.34410977 2458888.845061947 134.38266479526646 39.1994640044868 0.0 1.0 0.0 6856747.7504106425 674394.0141763593 1.6261363636363637
58888.345406065 2458888.8463582564 136.24932959326543 41.066128802485764 0.0 1.0 1.0 6855341.950333634 674291.872895129 1.6261363636363637
58888.346702359995 2458888.8476545657 138.1159943912644 42.93279360048473 0.0 1.0 0.0 6856178.134493068 674344.8163664107 1.6261363636363637
58888.34799866 2458888.8489508787 139.9826663977001 44.79946560692042 0.0 1.0 1.0 6855883.600158998 674373.6009799981 1.6261363636363637
58888.349294955 2458888.8502471866 141.84933119569905 46.666130404919386 0.0 1.0 0.0 6855544.924180049 674277.5992117353 1.6261363636363637
58888.35059125 2458888.8515434945 143.71599599369802 48.53279520291835 0.0 1.0 1.0 6855931.395192037 674374.9974049599 1.6261363636363637
58888.384294955 2458888.8852479253 192.2493312007282 1.866132002323866 0.0 2.0 0.0 6841864.013050415 672962.2145891929 1.6261363636363637
58888.38559125 2458888.8865442607 194.11599599872716 3.7327968003228307 0.0 2.0 1.0 6844241.476874603 673253.6521069362 1.6261363636363637
58888.38688736 2458888.88784041 195.98239439888857 5.599195200484246 0.0 2.0 0.0 6845525.921168918 673322.5935396447 1.6261363636363637
58888.388183845 2458888.8891369347 197.84933280316181 7.466133604757488 0.0 2.0 1.0 6846323.564519601 673465.7159219461 1.6261363636363637
58888.389479955 2458888.890433083 199.71573120332323 9.332532004918903 0.0 2.0 0.0 6844761.825857466 673257.6425448731 1.6261363636363637
58888.390776435 2458888.8917295993 201.58266239915974 11.199463200755417 0.0 2.0 1.0 6847722.042244472 673595.1696841504 1.6261363636363637
58888.392072735 2458888.8930259356 203.44933439511806 13.06613519671373 0.0 2.0 0.0 6847210.946569808 673484.4110425772 1.6261363636363637
58888.393369030004 2458888.8943222654 205.3159992035944 14.932800005190074 0.0 2.0 1.0 6848044.136663634 673631.4614777007 1.6261363636363637
58888.394665325 2458888.8956185933 207.18266400159337 16.79946480318904 0.0 2.0 0.0 6848534.1897743335 673607.9904030866 1.6261363636363637
58888.39596162 2458888.89691492 209.04932879959233 18.666129601188004 0.0 2.0 1.0 6849827.59464552 673795.9551849632 1.6261363636363637
58888.397257915 2458888.898211245 210.9159935975913 20.53279439918697 0.0 2.0 0.0 6849781.727588255 673736.7483232538 1.6261363636363637
58888.398554215004 2458888.899507574 212.782665604027 22.39946640562266 0.0 2.0 1.0 6849689.903613925 673772.1423446535 1.6261363636363637
58888.39985051 2458888.900803895 214.64933040202595 24.266131203621626 0.0 2.0 0.0 6849477.384803367 673701.3375139375 1.6261363636363637
58888.401146805 2458888.902100215 216.51599520002492 26.13279600162059 0.0 2.0 1.0 6849523.749958031 673765.8187603896 1.6261363636363637
58888.402443105 2458888.9033965385 218.38266719598323 27.999467997578904 0.0 2.0 0.0 6849253.469248095 673670.0698928474 1.6261363636363637
58888.403739400004 2458888.9046928557 220.24933200445957 29.866132806055248 0.0 2.0 1.0 6848758.37911127 673697.8387521512 1.6261363636363637
58888.405035695 2458888.9059891705 222.11599680245854 31.732797604054213 0.0 2.0 0.0 6851272.059910207 673869.5232760143 1.6261363636363637
58888.40633199 2458888.9072854845 223.9826616004575 33.59946240205318 0.0 2.0 1.0 6849700.754452588 673776.2865808713 1.6261363636363637
58888.407628285 2458888.9085817966 225.84932639845647 35.46612720005214 0.0 2.0 0.0 6850890.397978872 673835.0777421319 1.6261363636363637
58888.408924585 2458888.9098781133 227.71599839441478 37.332799196010455 0.0 2.0 1.0 6849854.654305117 673793.2597320168 1.6261363636363637
58888.41022088 2458888.9111744235 229.58266320289113 39.1994640044868 0.0 2.0 0.0 6850271.274589311 673776.4575170237 1.6261363636363637
58888.411517175 2458888.912470733 231.4493280008901 41.066128802485764 0.0 2.0 1.0 6851843.769481364 673989.5143015769 1.6261363636363637
58888.412813475 2458888.9137670468 233.3159999968484 42.93280079844408 0.0 2.0 0.0 6855012.3896143045 674215.7542753936 1.6261363636363637
58888.414109770005 2458888.9150633556 235.18266480532475 44.79946560692042 0.0 2.0 1.0 6853389.051943634 674133.1368876498 1.6261363636363637
58888.415406065 2458888.9163596635 237.0493296033237 46.666130404919386 0.0 2.0 0.0 6855212.667703257 674249.3000820534 1.6261363636363637
58888.41670236 2458888.9176559714 238.91599440132268 48.53279520291835 0.0 2.0 1.0 6852925.390288388 674084.7690153703 1.6261363636363637
58888.450417545 2458888.951371881 287.46586079592817 1.8658656044863164 0.0 3.0 0.0 6841541.48637441 672960.6382883537 1.6261363636363637
58888.451713845 2458888.952668221 289.33253280236386 3.7325376109220088 0.0 3.0 1.0 6845425.5495663555 673374.0861041185 1.6261363636363637
58888.45301014 2458888.9539645556 291.1991976003628 5.5992024089209735 0.0 3.0 0.0 6847271.240548372 673481.0776163082 1.6261363636363637
58888.454306435 2458888.9552608896 293.0658623983618 7.465867206919938 0.0 3.0 1.0 6847740.625853653 673598.6420212009 1.6261363636363637
58888.455602735 2458888.9565572278 294.9325343943201 9.332539202878252 0.0 3.0 0.0 6849556.151509001 673709.4949389026 1.6261363636363637
58888.45689903 2458888.95785356 296.79919920279644 11.199204011354595 0.0 3.0 1.0 6850989.243219628 673903.4583244029 1.6261363636363637
58888.458195325 2458888.959149891 298.6658640007954 13.06586880935356 0.0 3.0 0.0 6850390.173114725 673797.8108389727 1.6261363636363637
58888.45949162 2458888.9604462204 300.5325287987944 14.932533607352525 0.0 3.0 1.0 6851011.348480825 673915.8574412648 1.6261363636363637
58888.460787915 2458888.9617425487 302.39919359679334 16.79919840535149 0.0 3.0 0.0 6849526.7683388125 673708.4466849592 1.6261363636363637
58888.462084215 2458888.9630388804 304.26586560322903 18.665870411787182 0.0 3.0 1.0 6852061.434063005 674012.9852904949 1.6261363636363637
58888.46338051 2458888.964335205 306.132530401228 20.532535209786147 0.0 3.0 0.0 6850123.265135288 673757.7119492304 1.6261363636363637
58888.464676805 2458888.9656315283 307.99919519922696 22.39920000778511 0.0 3.0 1.0 6852486.59612974 674049.2849288038 1.6261363636363637
58888.465973105 2458888.9669278553 309.8658671951853 24.265872003743425 0.0 3.0 0.0 6852776.701546771 674019.8221259223 1.6261363636363637
58888.467269400004 2458888.9682241757 311.7325320036616 26.13253681221977 0.0 3.0 1.0 6852711.0562917385 674039.9450360726 1.6261363636363637
58888.46856588 2458888.9695206787 313.59946319949813 27.999468008056283 0.0 3.0 0.0 6851830.607234638 673919.3958514744 1.6261363636363637
58888.46986199 2458888.9708168106 315.46586159965955 29.8658664082177 0.0 3.0 1.0 6853173.199449857 674111.0823575163 1.6261363636363637
58888.471158285 2458888.972113126 317.3325263976585 31.732531206216663 0.0 3.0 0.0 6852377.538376055 673975.1711016598 1.6261363636363637
58888.472454585004 2458888.973409445 319.1991984040942 33.599203212652355 0.0 3.0 1.0 6852294.332741544 674029.7837810135 1.6261363636363637
58888.47375088 2458888.974705757 321.06586320209317 35.46586801065132 0.0 3.0 0.0 6851589.311254007 673900.1748314699 1.6261363636363637
58888.475047175 2458888.9760020687 322.93252800009213 37.332532808650285 0.0 3.0 1.0 6852745.671240682 674078.2233448329 1.6261363636363637
58888.476343475 2458888.977298384 324.79919999605045 39.1992048046086 0.0 3.0 0.0 6852928.51269913 674027.2031333739 1.6261363636363637
58888.477639770004 2458888.978594694 326.6658648045268 41.06586961308494 0.0 3.0 1.0 6851959.682715887 673995.5691772549 1.6261363636363637
58888.478936065 2458888.9798910026 328.53252960252576 42.93253441108391 0.0 3.0 0.0 6852396.586496235 673972.2983267335 1.6261363636363637
58888.48023236 2458888.981187311 330.3991944005247 44.79919920908287 0.0 3.0 1.0 6853029.231481118 674095.5196487141 1.6261363636363637
58888.48152866 2458888.982483624 332.26586639648303 46.665871205041185 0.0 3.0 0.0 6851747.262057279 673911.4076575288 1.6261363636363637
58888.482824955 2458888.9837799324 334.132531194482 48.53253600304015 0.0 3.0 1.0 6852502.274318879 674065.6588391855 1.6261363636363637
58946.83767614 2458947.3393639354 1.8658656044863164 1.8658656044863164 1.0 4.0 0.0 6797696.040673137 668730.9833038881 1.6261363636363637
58946.838972435 2458947.3406602414 3.7325304024852812 3.7325304024852812 1.0 4.0 1.0 6824586.181528986 671348.6339089603 1.6261363636363637
58946.84026873 2458947.3419565475 5.599195200484246 5.599195200484246 1.0 4.0 0.0 6831589.874007038 671989.9110718728 1.6261363636363637
58946.84156503 2458947.3432528577 7.465867206919938 7.465867206919938 1.0 4.0 1.0 6841698.989704409 672998.3414605452 1.6261363636363637
58946.842861325 2458947.3445491623 9.332532004918903 9.332532004918903 1.0 4.0 0.0 6845499.080897645 673329.0923923928 1.6261363636363637
58946.84415762 2458947.3458454665 11.199196802917868 11.199196802917868 1.0 4.0 1.0 6852773.873640591 674063.9574452025 1.6261363636363637
58946.84545392 2458947.3471417744 13.06586880935356 13.06586880935356 1.0 4.0 0.0 6853715.917252293 674113.7532487648 1.6261363636363637
58946.846750215 2458947.348438077 14.932533607352525 14.932533607352525 1.0 4.0 1.0 6858569.346624642 674614.5956253624 1.6261363636363637
58946.84804651 2458947.3497343785 16.79919840535149 16.79919840535149 1.0 4.0 0.0 6857220.063012611 674451.3894338454 1.6261363636363637
58946.849342805 2458947.3510306785 18.665863203350455 18.665863203350455 1.0 4.0 1.0 6860630.142771392 674822.8232423858 1.6261363636363637
58946.8506391 2458947.3523269785 20.53252800134942 20.53252800134942 1.0 4.0 0.0 6863245.500691823 675028.4899465587 1.6261363636363637
58946.8519354 2458947.3536232817 22.39920000778511 22.39920000778511 1.0 4.0 1.0 6862592.542630617 675006.8118204016 1.6261363636363637
58946.853231695 2458947.354919579 24.265864805784076 24.265864805784076 1.0 4.0 0.0 6864802.023634458 675174.1967504877 1.6261363636363637
58946.85452799 2458947.356215875 26.13252960378304 26.13252960378304 1.0 4.0 1.0 6864398.7555654 675177.505128445 1.6261363636363637
58946.85582429 2458947.3575121756 27.999201610218734 27.999201610218734 1.0 4.0 0.0 6867283.717000512 675409.831920287 1.6261363636363637
58946.857120585 2458947.35880847 29.8658664082177 29.8658664082177 1.0 4.0 1.0 6866722.798387054 675400.2133982034 1.6261363636363637
58946.85841688 2458947.3601047634 31.732531206216663 31.732531206216663 1.0 4.0 0.0 6868201.786726159 675504.928414904 1.6261363636363637
58946.859713175 2458947.361401056 33.59919600421563 33.59919600421563 1.0 4.0 1.0 6867055.284804927 675442.7091136755 1.6261363636363637
58946.861009475004 2458947.3626973527 35.46586801065132 35.46586801065132 1.0 4.0 0.0 6868593.794499996 675546.6257109266 1.6261363636363637
58946.86230577 2458947.3639936442 37.332532808650285 37.332532808650285 1.0 4.0 1.0 6869519.719688457 675680.3191253251 1.6261363636363637
58946.863602065 2458947.3652899344 39.19919760664925 39.19919760664925 1.0 4.0 0.0 6868366.524128718 675532.3333386987 1.6261363636363637
58946.86489836 2458947.3665862246 41.065862404648215 41.065862404648215 1.0 4.0 1.0 6870174.020399007 675742.2956350963 1.6261363636363637
58946.866194660004 2458947.3678825195 42.93253441108391 42.93253441108391 1.0 4.0 0.0 6868966.056945111 675579.0931600073 1.6261363636363637
58946.867490955 2458947.3691788097 44.79919920908287 44.79919920908287 1.0 4.0 1.0 6868954.864998754 675616.8627136955 1.6261363636363637
58946.86878725 2458947.370475099 46.66586400708184 46.66586400708184 1.0 4.0 0.0 6870292.776752766 675711.2667920482 1.6261363636363637
58946.870083545 2458947.3717713887 48.5325288050808 48.5325288050808 1.0 4.0 1.0 6870186.861357157 675726.3146440282 1.6261363636363637
58946.900754845 2458947.4024427715 92.69920080900192 1.8658656044863164 1.0 5.0 0.0 6858249.567774483 674560.17145608 1.6261363636363637
58946.90205114 2458947.4037390784 94.56586560700089 3.7325304024852812 1.0 5.0 1.0 6862558.356883445 675011.6723036995 1.6261363636363637
58946.903347435 2458947.4050353845 96.43253040499985 5.599195200484246 1.0 5.0 0.0 6864395.754353072 675151.995321964 1.6261363636363637
58946.904643735004 2458947.4063316956 98.29920241143554 7.465867206919938 1.0 5.0 1.0 6864401.670668163 675201.3201294031 1.6261363636363637
58946.90594003 2458947.4076280016 100.16586720943451 9.332532004918903 1.0 5.0 0.0 6865571.262608158 675257.8366138046 1.6261363636363637
58946.907236325 2458947.408924307 102.03253200743347 11.199196802917868 1.0 5.0 1.0 6864517.822318957 675193.1928300898 1.6261363636363637
58946.90853262 2458947.410220612 103.89919680543244 13.065861600916833 1.0 5.0 0.0 6866921.095904242 675392.9244175131 1.6261363636363637
58946.909828915 2458947.411516916 105.7658616034314 14.932526398915797 1.0 5.0 1.0 6868225.302225088 675550.3337121173 1.6261363636363637
58946.911125215 2458947.4128132244 107.6325336098671 16.79919840535149 1.0 5.0 0.0 6867534.376767902 675454.3173770373 1.6261363636363637
58946.91242151 2458947.414109527 109.49919840786606 18.665863203350455 1.0 5.0 1.0 6867055.740466719 675439.842977916 1.6261363636363637
58946.913717805 2458947.415405829 111.36586320586503 20.53252800134942 1.0 5.0 0.0 6868327.164672938 675521.8759188264 1.6261363636363637
58946.915014105 2458947.4167021345 113.23253520182334 22.399199997307733 1.0 5.0 1.0 6869309.075592606 675658.8269097448 1.6261363636363637
58946.9163104 2458947.417998434 115.09920001029968 24.265864805784076 1.0 5.0 0.0 6867379.805936488 675424.2199708025 1.6261363636363637
58946.917606695 2458947.419294733 116.96586480829865 26.13252960378304 1.0 5.0 1.0 6868966.6796470275 675616.8126407089 1.6261363636363637
58946.91890299 2458947.4205910307 118.83252960629761 27.999194401782006 1.0 5.0 0.0 6869228.57641036 675600.6613749444 1.6261363636363637
58946.920199285 2458947.421887327 120.69919440429658 29.86585919978097 1.0 5.0 1.0 6869887.884568386 675706.0263437722 1.6261363636363637
58946.921495585004 2458947.4231836274 122.56586641073227 31.732531206216663 1.0 5.0 0.0 6868152.681408072 675503.7457624888 1.6261363636363637
58946.92279188 2458947.4244799227 124.43253120873123 33.59919600421563 1.0 5.0 1.0 6866733.348124807 675404.8406350008 1.6261363636363637
58946.924088175 2458947.425776216 126.2991960067302 35.46586080221459 1.0 5.0 0.0 6869311.869252601 675619.5111621292 1.6261363636363637
58946.925384475 2458947.427072514 128.1658680026885 37.332532798172906 1.0 5.0 1.0 6867466.693310322 675469.9136819721 1.6261363636363637
58946.926680770004 2458947.428368806 130.03253281116486 39.19919760664925 1.0 5.0 0.0 6867748.138197197 675464.7792032453 1.6261363636363637
58946.927977065 2458947.4296650975 131.89919760916382 41.065862404648215 1.0 5.0 1.0 6869236.587004803 675649.536000531 1.6261363636363637
58946.92927336 2458947.4309613886 133.76586240716279 42.93252720264718 1.0 5.0 0.0 6867906.709883008 675490.7321492223 1.6261363636363637
58946.930569660006 2458947.432257684 135.63253441359848 44.79919920908287 1.0 5.0 1.0 6866084.615571836 675353.8545862489 1.6261363636363637
58946.931865955004 2458947.4335539737 137.49919921159744 46.66586400708184 1.0 5.0 0.0 6866519.235350305 675347.3684095537 1.6261363636363637
58946.93316225 2458947.434850264 139.3658640095964 48.5325288050808 1.0 5.0 1.0 6868759.313740262 675597.6458705759 1.6261363636363637
58946.966831325 2458947.4685194087 187.84933200571686 1.865872791968286 1.0 6.0 0.0 6851179.630715322 673882.157538174 1.6261363636363637
58946.96812762 2458947.4698157148 189.71599680371583 3.732537589967251 1.0 6.0 1.0 6854345.508642881 674224.1566681433 1.6261363636363637
58946.96942392 2458947.471112026 191.58266881015152 5.599209596402943 1.0 6.0 0.0 6857149.396410761 674456.7676251467 1.6261363636363637
58946.970720215 2458947.472408332 193.44933360815048 7.465874394401908 1.0 6.0 1.0 6858627.233909393 674636.2664980299 1.6261363636363637
58946.97201651 2458947.473704638 195.31599840614945 9.332539192400873 1.0 6.0 0.0 6858433.837543934 674574.8751239245 1.6261363636363637
58946.973312805 2458947.475000943 197.1826632041484 11.199203990399837 1.0 6.0 1.0 6859239.649317493 674687.8474292909 1.6261363636363637
58946.9746091 2458947.4762972477 199.04932800214738 13.065868788398802 1.0 6.0 0.0 6860434.488016405 674764.51480464 1.6261363636363637
58946.9759054 2458947.477593557 200.91600000858307 14.932540794834495 1.0 6.0 1.0 6860330.927196655 674790.9014864712 1.6261363636363637
58946.977201695 2458947.4788898607 202.78266480658203 16.79920559283346 1.0 6.0 0.0 6860275.313155985 674743.9492876552 1.6261363636363637
58946.97849799 2458947.480186163 204.649329604581 18.665870390832424 1.0 6.0 1.0 6860996.792249885 674859.2677483006 1.6261363636363637
58946.979794290004 2458947.4814824695 206.5160016110167 20.532542397268116 1.0 6.0 0.0 6860221.891893688 674738.2963401842 1.6261363636363637
58946.981090585 2458947.48277877 208.38266640901566 22.39920719526708 1.0 6.0 1.0 6860390.47126583 674803.9912794869 1.6261363636363637
58946.98238688 2458947.48407507 210.24933120701462 24.265871993266046 1.0 6.0 0.0 6863080.214178918 675015.9230076179 1.6261363636363637
58946.983683175 2458947.4853713685 212.11599600501359 26.13253679126501 1.0 6.0 1.0 6860605.1452148305 674799.5370892681 1.6261363636363637
58946.984979475004 2458947.4866676712 213.98266801144928 27.999208797700703 1.0 6.0 0.0 6862946.082698224 675000.3847691981 1.6261363636363637
58946.98627577 2458947.4879639675 215.84933280944824 29.865873595699668 1.0 6.0 1.0 6861589.7634508 674916.208921163 1.6261363636363637
58946.987572065 2458947.4892602633 217.7159976074472 31.732538393698633 1.0 6.0 0.0 6864361.264218749 675136.0842109061 1.6261363636363637
58946.98886836 2458947.490556558 219.58266240544617 33.5992031916976 1.0 6.0 1.0 6862830.5066467635 675027.7293909331 1.6261363636363637
58946.990164660005 2458947.4918528567 221.44933441188186 35.46587519813329 1.0 6.0 0.0 6863487.680585863 675046.2840749408 1.6261363636363637
58946.991460955 2458947.4931491497 223.31599920988083 37.332539996132255 1.0 6.0 1.0 6862101.248394086 674957.2686132625 1.6261363636363637
58946.99275725 2458947.4944454418 225.1826640078798 39.19920479413122 1.0 6.0 0.0 6866584.768687405 675346.592726322 1.6261363636363637
58946.994053545 2458947.4957417333 227.04932880587876 41.065869592130184 1.0 6.0 1.0 6866406.192768616 675379.7684712479 1.6261363636363637
58946.995349845005 2458947.497038029 228.91600081231445 42.93254159856588 1.0 6.0 0.0 6865471.7161642695 675248.7180402832 1.6261363636363637
58946.99664614 2458947.4983343193 230.78266561031342 44.79920639656484 1.0 6.0 1.0 6866280.705713114 675364.6149618607 1.6261363636363637
58946.997942435 2458947.49963061 232.64933040831238 46.665871194563806 1.0 6.0 0.0 6864684.412139787 675168.9995394441 1.6261363636363637
58946.99923873 2458947.5009268997 234.51599520631135 48.53253599256277 1.0 6.0 1.0 6865374.678550984 675278.2929027252 1.6261363636363637
58947.03290762 2458947.5345958583 282.99919680459425 1.8658656044863164 1.0 7.0 0.0 6853784.316811772 674137.9186474914 1.6261363636363637
58947.034203920004 2458947.5358921695 284.86586881102994 3.7325376109220088 1.0 7.0 1.0 6857392.865944536 674516.8061941942 1.6261363636363637
58947.035500215 2458947.5371884755 286.7325336090289 5.5992024089209735 1.0 7.0 0.0 6859689.089208415 674695.1080873981 1.6261363636363637
58947.03679651 2458947.538484782 288.59919840702787 7.465867206919938 1.0 7.0 1.0 6858877.301343987 674660.6176462158 1.6261363636363637
58947.038092805 2458947.5397810875 290.46586320502684 9.332532004918903 1.0 7.0 0.0 6860862.2871738635 674814.9074373508 1.6261363636363637
58947.0393891 2458947.5410773926 292.3325280030258 11.199196802917868 1.0 7.0 1.0 6861649.111901176 674919.4649388146 1.6261363636363637
58947.0406854 2458947.542373702 294.1992000094615 13.06586880935356 1.0 7.0 0.0 6862935.5033463705 675008.0270847186 1.6261363636363637
58947.041981695 2458947.5436700066 296.06586480746046 14.932533607352525 1.0 7.0 1.0 6865801.816922954 675319.5129255331 1.6261363636363637
58947.04327799 2458947.5449663093 297.9325296054594 16.79919840535149 1.0 7.0 0.0 6863296.91487839 675040.7074966492 1.6261363636363637
58947.044574290005 2458947.5462626168 299.7992016118951 18.665870411787182 1.0 7.0 1.0 6864585.30054421 675203.532188109 1.6261363636363637
58947.045870585 2458947.5475589186 301.6658664098941 20.532535209786147 1.0 7.0 0.0 6865679.784132697 675264.8128626465 1.6261363636363637
58947.04716688 2458947.5488552195 303.53253120789304 22.39920000778511 1.0 7.0 1.0 6863867.189160404 675134.8994156227 1.6261363636363637
58947.048463175 2458947.550151519 305.399196005892 24.265864805784076 1.0 7.0 0.0 6865458.93743136 675245.1613431334 1.6261363636363637
58947.049759475005 2458947.5514478222 307.2658680123277 26.13253681221977 1.0 7.0 1.0 6863243.319676835 675074.7619052791 1.6261363636363637
58947.05105577 2458947.55274412 309.13253281032667 27.999201610218734 1.0 7.0 0.0 6864775.61559256 675187.1632329649 1.6261363636363637
58947.052352065 2458947.5540404166 310.99919760832563 29.8658664082177 1.0 7.0 1.0 6864843.124011798 675228.7544350525 1.6261363636363637
58947.05364836 2458947.5553367124 312.8658624063246 31.732531206216663 1.0 7.0 0.0 6867169.832396246 675415.0150370906 1.6261363636363637
58947.054944660005 2458947.556633012 314.7325344127603 33.599203212652355 1.0 7.0 1.0 6864602.68340675 675197.7557320094 1.6261363636363637
58947.056240955004 2458947.5579293054 316.59919921075925 35.46586801065132 1.0 7.0 0.0 6865969.54617879 675292.1031471615 1.6261363636363637
58947.05753725 2458947.559225599 318.4658640087582 37.332532808650285 1.0 7.0 1.0 6865091.377524391 675246.7376745716 1.6261363636363637
58947.058833545 2458947.560521891 320.3325288067572 39.19919760664925 1.0 7.0 0.0 6865198.303292633 675220.2085995204 1.6261363636363637
58947.060129845006 2458947.5618181876 322.1992008131929 41.06586961308494 1.0 7.0 1.0 6864905.509001976 675235.1023346259 1.6261363636363637
58947.061426140004 2458947.5631144783 324.06586561119184 42.93253441108391 1.0 7.0 0.0 6865740.020341013 675277.523174958 1.6261363636363637
58947.062722435 2458947.564410769 325.9325304091908 44.79919920908287 1.0 7.0 1.0 6864570.378799139 675196.4368284018 1.6261363636363637
58947.06401873 2458947.565707059 327.79919520718977 46.66586400708184 1.0 7.0 0.0 6864729.555171983 675175.3882691928 1.6261363636363637
58947.065315030006 2458947.567003354 329.66586721362546 48.53253601351753 1.0 7.0 1.0 6865387.053005165 675278.753684258 1.6261363636363637
59120.318630155 2459120.8177504004 1.8658656044863164 1.8658656044863164 2.0 8.0 0.0 6827825.876716833 671648.6567009642 1.6261363636363637
59120.319926455 2459120.819046701 3.73253760044463 3.73253760044463 2.0 8.0 1.0 6846251.659516079 673445.9965337439 1.6261363636363637
59120.321222750004 2459120.8203429957 5.5992024089209735 5.5992024089209735 2.0 8.0 0.0 6850727.13930644 673845.9587196026 1.6261363636363637
59120.322519045 2459120.82163929 7.465867206919938 7.465867206919938 2.0 8.0 1.0 6865564.430399524 675299.2809072722 1.6261363636363637
59120.32381534 2459120.822935584 9.332532004918903 9.332532004918903 2.0 8.0 0.0 6862806.831729174 675004.5203700098 1.6261363636363637
59120.32511164 2459120.824231882 11.199204000877216 11.199204000877216 2.0 8.0 1.0 6868402.760345533 675577.7467063149 1.6261363636363637
59120.326407935 2459120.8255281746 13.065868798876181 13.065868798876181 2.0 8.0 0.0 6871860.409668913 675882.9869612326 1.6261363636363637
59120.32770423 2459120.8268244658 14.932533607352525 14.932533607352525 2.0 8.0 1.0 6875222.811817285 676228.0196256876 1.6261363636363637
59120.329000525 2459120.8281207564 16.79919840535149 16.79919840535149 2.0 8.0 0.0 6876449.962305372 676309.8002652174 1.6261363636363637
59120.330296825 2459120.829417051 18.665870401309803 18.665870401309803 2.0 8.0 1.0 6876826.4661872815 676387.6738400849 1.6261363636363637
59120.331593120005 2459120.830713339 20.532535209786147 20.532535209786147 2.0 8.0 0.0 6879232.260599577 676584.3685167718 1.6261363636363637
59120.332889415 2459120.832009626 22.39920000778511 22.39920000778511 2.0 8.0 1.0 6882616.330406406 676942.7048826603 1.6261363636363637
59120.334185715 2459120.833305917 24.265872003743425 24.265872003743425 2.0 8.0 0.0 6881771.704079586 676834.601960931 1.6261363636363637
59120.33548201 2459120.8346022028 26.13253680174239 26.13253680174239 2.0 8.0 1.0 6881978.368168542 676884.4063421121 1.6261363636363637
59120.336778305 2459120.8358984864 27.999201599741355 27.999201599741355 2.0 8.0 0.0 6883341.499868311 676986.6944424738 1.6261363636363637
59120.338074600004 2459120.837194769 29.8658664082177 29.8658664082177 2.0 8.0 1.0 6884128.041151758 677090.0465709614 1.6261363636363637
59120.339370895 2459120.838491051 31.732531206216663 31.732531206216663 2.0 8.0 0.0 6882699.253045365 676918.1498957882 1.6261363636363637
59120.340667195 2459120.839787337 33.59920320217498 33.59920320217498 2.0 8.0 1.0 6883818.3211804135 677068.0197135537 1.6261363636363637
59120.341963490006 2459120.841083617 35.46586801065132 35.46586801065132 2.0 8.0 0.0 6884781.76120447 677119.7278681729 1.6261363636363637
59120.343259785004 2459120.842379896 37.332532808650285 37.332532808650285 2.0 8.0 1.0 6885077.998671225 677181.6890845201 1.6261363636363637
59120.344556085 2459120.8436761796 39.1992048046086 39.1992048046086 2.0 8.0 0.0 6886729.506988503 677307.2289293826 1.6261363636363637
59120.34585238 2459120.844972458 41.06586960260756 41.06586960260756 2.0 8.0 1.0 6884719.904417572 677149.1400945524 1.6261363636363637
59120.347148675 2459120.846268736 42.93253440060653 42.93253440060653 2.0 8.0 0.0 6885785.869149204 677216.2534191924 1.6261363636363637
59120.348444970004 2459120.847565013 44.79919920908287 44.79919920908287 2.0 8.0 1.0 6886722.091718812 677337.9693495156 1.6261363636363637
59120.349741265 2459120.8488612906 46.66586400708184 46.66586400708184 2.0 8.0 0.0 6887656.874887551 677391.5880679816 1.6261363636363637
59120.351037565 2459120.850157573 48.53253600304015 48.53253600304015 2.0 8.0 1.0 6884432.2089588605 677119.4570554595 1.6261363636363637
59120.382449785 2459120.8815695937 93.76613280270249 1.866132002323866 2.0 9.0 0.0 6873407.61794007 676037.0855781098 1.6261363636363637
59120.383746085 2459120.8828658946 95.6328047986608 3.7328039982821792 2.0 9.0 1.0 6878343.172108121 676533.9997065432 1.6261363636363637
59120.38504238 2459120.8841621904 97.49946960713714 5.599468806758523 2.0 9.0 0.0 6879775.5990378875 676638.8930924463 1.6261363636363637
59120.38633849 2459120.8854583004 99.36586800729856 7.465867206919938 2.0 9.0 1.0 6880514.01624952 676740.366691578 1.6261363636363637
59120.38763497 2459120.88675478 101.23279920313507 9.332798402756453 2.0 9.0 0.0 6883029.696981424 676959.9868415514 1.6261363636363637
59120.38893108 2459120.8880508896 103.09919760329649 11.199196802917868 2.0 9.0 1.0 6883508.789800868 677030.6976738683 1.6261363636363637
59120.390227565 2459120.8893473735 104.96613600756973 13.06613520719111 2.0 9.0 0.0 6881090.124285855 676763.6192616167 1.6261363636363637
59120.39152386 2459120.8906436665 106.8328008055687 14.932800005190074 2.0 9.0 1.0 6882040.291640558 676883.9400295125 1.6261363636363637
59120.392820155 2459120.8919399586 108.69946560356766 16.79946480318904 2.0 9.0 0.0 6883260.380263318 676967.7197485965 1.6261363636363637
59120.39411627 2459120.89323607 110.56587120168842 18.665870401309803 2.0 9.0 1.0 6882395.318114047 676926.235228608 1.6261363636363637
59120.395412750004 2459120.8945325455 112.43280240800232 20.532801607623696 2.0 9.0 0.0 6887075.56589727 677332.3840292888 1.6261363636363637
59120.396709045 2459120.8958288347 114.29946720600128 22.39946640562266 2.0 9.0 1.0 6886861.214104695 677352.8020805499 1.6261363636363637
59120.39800534 2459120.8971251226 116.16613200400025 24.266131203621626 2.0 9.0 0.0 6885715.95993332 677206.3432209945 1.6261363636363637
59120.399301640005 2459120.898421415 118.03280401043594 26.132803210057318 2.0 9.0 1.0 6884007.3307397105 677076.7696470594 1.6261363636363637
59120.400597935004 2459120.8997177007 119.8994688084349 27.999468008056283 2.0 9.0 0.0 6885898.83310159 677231.8811852529 1.6261363636363637
59120.40189423 2459120.9010139853 121.76613360643387 29.866132806055248 2.0 9.0 1.0 6885163.907378489 677188.7501742557 1.6261363636363637
59120.403190525 2459120.902310269 123.63279840443283 31.732797604054213 2.0 9.0 0.0 6884477.370212616 677093.647095089 1.6261363636363637
59120.404486825 2459120.903606557 125.49947040039115 33.599469600012526 2.0 9.0 1.0 6886347.757942637 677313.1361159219 1.6261363636363637
59120.405783120004 2459120.9049028386 127.36613520886749 35.46613440848887 2.0 9.0 0.0 6882250.036610776 676880.0802172917 1.6261363636363637
59120.407079415 2459120.906199119 129.23280000686646 37.332799206487834 2.0 9.0 1.0 6887581.3972371295 677419.8705247922 1.6261363636363637
59120.408375715 2459120.9074954037 131.09947200282477 39.19947120244615 2.0 9.0 0.0 6884781.028202264 677114.6451707133 1.6261363636363637
59120.40967201 2459120.908791683 132.96613680082373 41.06613600044511 2.0 9.0 1.0 6885041.228788962 677182.5767508628 1.6261363636363637
59120.410968305 2459120.9100879612 134.8328015988227 42.93280079844408 2.0 9.0 0.0 6885652.225344996 677207.2812546648 1.6261363636363637
59120.4122646 2459120.9113842393 136.69946640729904 44.79946560692042 2.0 9.0 1.0 6884859.654088303 677149.2402647741 1.6261363636363637
59120.413560895 2459120.9126805165 138.566131205298 46.666130404919386 2.0 9.0 0.0 6884580.529570218 677092.7481831266 1.6261363636363637
59120.414857195 2459120.9139767997 140.43280320125632 48.5328024008777 2.0 9.0 1.0 6884984.916919724 677167.682338457 1.6261363636363637
59120.44857238 2459120.947691755 188.9826696063392 1.865872802445665 2.0 10.0 0.0 6865909.523075802 675308.460345728 1.6261363636363637
59120.449868675 2459120.9489880507 190.84933440433815 3.73253760044463 2.0 10.0 1.0 6871013.481731145 675830.7448032019 1.6261363636363637
59120.45116497 2459120.9502843465 192.71599920233712 5.599202398443595 2.0 10.0 0.0 6874546.587497089 676145.8663957887 1.6261363636363637
59120.452461265 2459120.951580642 194.58266400033608 7.465867196442559 2.0 10.0 1.0 6873098.064415013 676031.7850789618 1.6261363636363637
59120.453757565 2459120.9528769418 196.44933600677177 9.332539202878252 2.0 10.0 0.0 6875516.635011834 676235.3861324127 1.6261363636363637
59120.45505386 2459120.954173236 198.31600080477074 11.199204000877216 2.0 10.0 1.0 6875741.844598356 676279.5781784278 1.6261363636363637
59120.456350155 2459120.9554695305 200.1826656027697 13.065868798876181 2.0 10.0 0.0 6877281.539846669 676392.8181180381 1.6261363636363637
59120.457646455 2459120.9567658287 202.04933759872802 14.932540794834495 2.0 10.0 1.0 6875766.587960914 676281.1274501788 1.6261363636363637
59120.45894275 2459120.9580621207 203.91600240720436 16.79920560331084 2.0 10.0 0.0 6876215.126255156 676294.7373115012 1.6261363636363637
59120.460239045 2459120.959358412 205.78266720520332 18.665870401309803 2.0 10.0 1.0 6878793.699221602 676580.9698805499 1.6261363636363637
59120.46153534 2459120.9606547025 207.6493320032023 20.532535199308768 2.0 10.0 0.0 6877471.609057881 676421.8612304732 1.6261363636363637
59120.462831640005 2459120.961950997 209.51600400963798 22.39920720574446 2.0 10.0 1.0 6877564.222280729 676461.7080945185 1.6261363636363637
59120.464127935 2459120.9632472848 211.38266880763695 24.265872003743425 2.0 10.0 0.0 6878089.9920906145 676479.9652443996 1.6261363636363637
59120.46542423 2459120.9645435717 213.2493336056359 26.13253680174239 2.0 10.0 1.0 6877949.643647235 676496.5756400228 1.6261363636363637
59120.466720525 2459120.965839858 215.11599840363488 27.999201599741355 2.0 10.0 0.0 6876617.097662732 676327.2528101449 1.6261363636363637
59120.468016825 2459120.967136148 216.9826703995932 29.865873595699668 2.0 10.0 1.0 6877245.415785419 676431.8725045399 1.6261363636363637
59120.469313120004 2459120.968432431 218.84933520806953 31.73253840417601 2.0 10.0 0.0 6876664.613261803 676334.8653127308 1.6261363636363637
59120.470609415 2459120.969728714 220.7160000060685 33.59920320217498 2.0 10.0 1.0 6878505.773177466 676553.9467902832 1.6261363636363637
59120.471905715 2459120.9710250003 222.5826720020268 35.46587519813329 2.0 10.0 0.0 6877782.636362456 676453.2201714638 1.6261363636363637
59120.473202010005 2459120.972321281 224.44933681050315 37.332540006609634 2.0 10.0 1.0 6876878.605628298 676407.393012247 1.6261363636363637
59120.474498305004 2459120.9736175607 226.31600160850212 39.1992048046086 2.0 10.0 0.0 6878971.39696788 676547.8735493799 1.6261363636363637
59120.4757946 2459120.9749138397 228.18266640650108 41.06586960260756 2.0 10.0 1.0 6878949.511027624 676595.3765032814 1.6261363636363637
59120.477090895 2459120.9762101183 230.04933120450005 42.93253440060653 2.0 10.0 0.0 6878601.097627813 676520.333089451 1.6261363636363637
59120.478387195 2459120.9775064015 231.91600320045836 44.79920639656484 2.0 10.0 1.0 6878422.987695734 676539.7578851234 1.6261363636363637
59120.479683490004 2459120.9788026786 233.7826680089347 46.665871205041185 2.0 10.0 0.0 6877445.716858195 676409.7771800013 1.6261363636363637
59120.480979785 2459120.980098956 235.64933280693367 48.53253600304015 2.0 10.0 1.0 6877963.760664522 676492.9138444377 1.6261363636363637
59120.51469497 2459121.0138139124 284.19919920153916 1.865858396049589 2.0 11.0 0.0 6869459.475865273 675649.1981580975 1.6261363636363637
59120.515991265 2459121.015110208 286.0658639995381 3.7325231940485537 2.0 11.0 1.0 6874084.7420488885 676126.3043155659 1.6261363636363637
59120.517287565 2459121.016406509 287.9325360059738 5.599195200484246 2.0 11.0 0.0 6873948.6123605035 676093.5396374834 1.6261363636363637
59120.51858386 2459121.0177028044 289.7992008039728 7.465859998483211 2.0 11.0 1.0 6874742.142715336 676188.9831584663 1.6261363636363637
59120.519880155 2459121.0189991 291.66586560197175 9.332524796482176 2.0 11.0 0.0 6877235.5592009 676389.2028964362 1.6261363636363637
59120.521176455004 2459121.0202953997 293.53253760840744 11.199196802917868 2.0 11.0 1.0 6877208.874416991 676422.83051919 1.6261363636363637
59120.52247275 2459121.0215916936 295.3992024064064 13.065861600916833 2.0 11.0 0.0 6876347.7124061 676302.7411454535 1.6261363636363637
59120.523769045 2459121.0228879866 297.26586720440537 14.932526398915797 2.0 11.0 1.0 6879676.92509805 676685.3596085188 1.6261363636363637
59120.52506534 2459121.024184279 299.13253200240433 16.799191196914762 2.0 11.0 0.0 6879865.397884882 676641.5438545188 1.6261363636363637
59120.526361640004 2459121.025480576 300.99920400884 18.665863203350455 2.0 11.0 1.0 6879281.01267185 676662.0686770746 1.6261363636363637
59120.527657935 2459121.026776866 302.865868806839 20.53252800134942 2.0 11.0 0.0 6880672.375835857 676717.1681196622 1.6261363636363637
59120.52895423 2459121.0280731553 304.73253360483795 22.399192799348384 2.0 11.0 1.0 6880347.695881747 676729.0889701148 1.6261363636363637
59120.530250525 2459121.0293694437 306.5991984028369 24.26585759734735 2.0 11.0 0.0 6878934.687433879 676561.3551903567 1.6261363636363637
59120.531546825 2459121.0306657357 308.46587039879523 26.132529593305662 2.0 11.0 1.0 6878703.846762662 676569.5336027902 1.6261363636363637
59120.53284312 2459121.0319620213 310.3325352072716 27.999194401782006 2.0 11.0 0.0 6878027.242676246 676467.2601824347 1.6261363636363637
59120.534139415 2459121.033258306 312.19920000527054 29.86585919978097 2.0 11.0 1.0 6878079.140568558 676511.3138922947 1.6261363636363637
59120.535435715 2459121.034554595 314.06587200122885 31.732531195739284 2.0 11.0 0.0 6880173.128476035 676686.0346739222 1.6261363636363637
59120.536732010005 2459121.0358508774 315.9325368097052 33.59919600421563 2.0 11.0 1.0 6879994.775992983 676691.8653892145 1.6261363636363637
59120.538028305 2459121.0371471588 317.79920160770416 35.46586080221459 2.0 11.0 0.0 6881264.2256373195 676775.9146092787 1.6261363636363637
59120.5393246 2459121.038443439 319.6658664057031 37.33252560021356 2.0 11.0 1.0 6879605.344420116 676659.2894298254 1.6261363636363637
59120.540620895 2459121.0397397196 321.5325312037021 39.19919039821252 2.0 11.0 0.0 6881120.752952071 676770.1749925225 1.6261363636363637
59120.541917195 2459121.0410360033 323.3992031996604 41.065862394170836 2.0 11.0 1.0 6879424.703149252 676645.7708001191 1.6261363636363637
59120.543213490004 2459121.042332282 325.26586800813675 42.93252720264718 2.0 11.0 0.0 6881057.997275098 676771.57582904 1.6261363636363637
59120.544509785 2459121.0436285594 327.1325328061357 44.799192000646144 2.0 11.0 1.0 6879830.665654549 676675.5440391214 1.6261363636363637
59120.545806085 2459121.044924842 328.999204802094 46.66586399660446 2.0 11.0 0.0 6878991.8116954295 676562.8605038589 1.6261363636363637
59120.547102380006 2459121.0462211194 330.86586961057037 48.5325288050808 2.0 11.0 1.0 6881508.9280604655 676840.9341385739 1.6261363636363637
59178.899314755 2459179.3987022704 1.8658655940089375 1.8658655940089375 3.0 12.0 0.0 6802130.808672851 669160.9638126087 1.6261363636363637
59178.900611054996 2459179.399998604 3.732537589967251 3.732537589967251 3.0 12.0 1.0 6823828.14133778 671298.934338129 1.6261363636363637
59178.901907349995 2459179.401294932 5.599202387966216 5.599202387966216 3.0 12.0 0.0 6828108.791625537 671650.9915426088 1.6261363636363637
59178.903203645 2459179.4025912588 7.465867196442559 7.465867196442559 3.0 12.0 1.0 6840113.374556669 672873.7192236587 1.6261363636363637
59178.90449994 2459179.4038875857 9.332531994441524 9.332531994441524 3.0 12.0 0.0 6843629.303690159 673150.8613277586 1.6261363636363637
59178.905796235 2459179.405183911 11.199196792440489 11.199196792440489 3.0 12.0 1.0 6852463.546771223 674054.0547806543 1.6261363636363637
59178.907092535 2459179.4064802397 13.065868798876181 13.065868798876181 3.0 12.0 0.0 6853315.443483718 674085.9937189614 1.6261363636363637
59178.90838883 2459179.407776562 14.932533596875146 14.932533596875146 3.0 12.0 1.0 6859323.565744566 674729.2222857822 1.6261363636363637
59178.909685125 2459179.4090728834 16.79919839487411 16.79919839487411 3.0 12.0 0.0 6859092.876026597 674630.9247438122 1.6261363636363637
59178.910981425 2459179.410369208 18.665870390832424 18.665870390832424 3.0 12.0 1.0 6863641.57665379 675141.7631310628 1.6261363636363637
59178.912277719995 2459179.4116655253 20.53253518883139 20.53253518883139 3.0 12.0 0.0 6864862.178689355 675187.4314929589 1.6261363636363637
59178.913574015 2459179.412961841 22.399199997307733 22.399199997307733 3.0 12.0 1.0 6865079.207295248 675242.1509459383 1.6261363636363637
59178.91487031 2459179.4142581555 24.265864795306697 24.265864795306697 3.0 12.0 0.0 6866807.843000586 675373.6146527507 1.6261363636363637
59178.91616661 2459179.4155544727 26.13253679126501 26.13253679126501 3.0 12.0 1.0 6869492.953056176 675697.4657915008 1.6261363636363637
59178.917462904996 2459179.4168507834 27.999201589263976 27.999201589263976 3.0 12.0 0.0 6869867.361503649 675670.0547330427 1.6261363636363637
59178.918759199994 2459179.418147092 29.86586638726294 29.86586638726294 3.0 12.0 1.0 6869553.339284611 675704.6695656286 1.6261363636363637
59178.920055495 2459179.4194433996 31.732531195739284 31.732531195739284 3.0 12.0 0.0 6867691.673186959 675467.7243970399 1.6261363636363637
59178.921351795 2459179.420739711 33.5992031916976 33.5992031916976 3.0 12.0 1.0 6872166.889209766 675955.889967151 1.6261363636363637
59178.922648089996 2459179.422036015 35.46586798969656 35.46586798969656 3.0 12.0 0.0 6871045.1747766845 675783.3599441572 1.6261363636363637
59178.923944385 2459179.423332318 37.332532798172906 37.332532798172906 3.0 12.0 1.0 6873888.588731773 676123.2438841723 1.6261363636363637
59178.925240685 2459179.4246286256 39.19920479413122 39.19920479413122 3.0 12.0 0.0 6872349.592259525 675910.1568711981 1.6261363636363637
59178.92653698 2459179.425924927 41.065869592130184 41.065869592130184 3.0 12.0 1.0 6870507.574260238 675798.4361473634 1.6261363636363637
59178.927833275 2459179.427221228 42.93253439012915 42.93253439012915 3.0 12.0 0.0 6873080.581944162 675987.0556216327 1.6261363636363637
59178.929129569995 2459179.428517528 44.799199188128114 44.799199188128114 3.0 12.0 1.0 6873767.725137675 676117.3599845063 1.6261363636363637
59178.96190735 2459179.4612957714 91.99920239509083 1.865872802445665 3.0 13.0 0.0 6857545.493667914 674479.283377052 1.6261363636363637
59178.963203645 2459179.4625921003 93.8658671930898 3.73253760044463 3.0 13.0 1.0 6861546.5873352615 674928.5697841161 1.6261363636363637
59178.964499940004 2459179.4638884296 95.73253200156614 5.5992024089209735 3.0 13.0 0.0 6865649.812866686 675258.4411725117 1.6261363636363637
59178.965796235 2459179.4651847584 97.5991967995651 7.465867206919938 3.0 13.0 1.0 6866046.310246196 675330.2492773631 1.6261363636363637
59178.967092535 2459179.466481092 99.46586879552342 9.332539202878252 3.0 13.0 0.0 6869070.824496766 675589.6329722527 1.6261363636363637
59178.96838883 2459179.46777742 101.33253359352238 11.199204000877216 3.0 13.0 1.0 6868326.368441889 675574.6965909767 1.6261363636363637
59178.969685125 2459179.4690737473 103.19919839152135 13.065868798876181 3.0 13.0 0.0 6870244.154495681 675704.4996538677 1.6261363636363637
59178.970981425 2459179.4703700785 105.06587039795704 14.932540805311874 3.0 13.0 1.0 6869042.256535092 675649.5286414089 1.6261363636363637
59178.97227772 2459179.4716664036 106.932535195956 16.79920560331084 3.0 13.0 0.0 6870837.461279543 675760.8183830316 1.6261363636363637
59178.973574015 2459179.4729627273 108.79919999395497 18.665870401309803 3.0 13.0 1.0 6869773.34571834 675722.8243420636 1.6261363636363637
59178.974870310005 2459179.4742590496 110.66586480243132 20.532535209786147 3.0 13.0 0.0 6870947.992813377 675779.1377720626 1.6261363636363637
59178.976166609995 2459179.475555375 112.53253678791225 22.39920719526708 3.0 13.0 1.0 6870825.190412757 675829.8391686471 1.6261363636363637
59178.977462905 2459179.4768516943 114.3992015963886 24.265872003743425 3.0 13.0 0.0 6870803.291319736 675757.4792931108 1.6261363636363637
59178.9787592 2459179.478148011 116.26586639438756 26.13253680174239 3.0 13.0 1.0 6870459.068106898 675789.9620964844 1.6261363636363637
59178.980055495 2459179.479444327 118.13253119238652 27.999201599741355 3.0 13.0 0.0 6871689.799752807 675845.581528567 1.6261363636363637
59178.981351795 2459179.4807406454 119.99920319882222 29.865873606177047 3.0 13.0 1.0 6871145.922976375 675855.7514682618 1.6261363636363637
59178.98264809 2459179.4820369575 121.86586799682118 31.73253840417601 3.0 13.0 0.0 6870014.456823685 675688.2108997717 1.6261363636363637
59178.983944385 2459179.4833332673 123.73253279482014 33.59920320217498 3.0 13.0 1.0 6872878.636116316 676014.1971240954 1.6261363636363637
59178.985240685 2459179.4846295808 125.59920479077846 35.46587519813329 3.0 13.0 0.0 6869460.000588687 675630.5493212272 1.6261363636363637
59178.986536979995 2459179.485925888 127.46586958877742 37.332539996132255 3.0 13.0 1.0 6871982.48736152 675934.3487012223 1.6261363636363637
59178.987833275 2459179.4872221933 129.33253439725377 39.1992048046086 3.0 13.0 0.0 6871796.026650071 675851.0155063019 1.6261363636363637
59178.98912957 2459179.4885184974 131.19919919525273 41.06586960260756 3.0 13.0 1.0 6869914.683506988 675734.3645281753 1.6261363636363637
59178.990425865 2459179.4898148007 133.0658639932517 42.93253440060653 3.0 13.0 0.0 6871621.535729168 675838.870482914 1.6261363636363637
59178.991722164996 2459179.4911111076 134.93253598921 44.79920639656484 3.0 13.0 1.0 6869093.722515408 675656.1283547113 1.6261363636363637
59178.993018459994 2459179.4924074085 136.79920078720897 46.665871194563806 3.0 13.0 0.0 6872126.815787929 675890.6329114127 1.6261363636363637
59178.994314755 2459179.493703709 138.66586559568532 48.53253600304015 3.0 13.0 1.0 6871444.565125228 675887.6481981926 1.6261363636363637
59179.028087905 2459179.527477328 187.29920159094036 1.865872791968286 3.0 14.0 0.0 6851931.364489117 673934.6151783261 1.6261363636363637
59179.029384199996 2459179.528773657 189.16586638893932 3.732537589967251 3.0 14.0 1.0 6858655.367064564 674655.0147138813 1.6261363636363637
59179.030680494994 2459179.5300699864 191.0325311869383 5.599202387966216 3.0 14.0 0.0 6858713.671747931 674589.1911766919 1.6261363636363637
59179.031976795 2459179.5313663203 192.89920319337398 7.465874394401908 3.0 14.0 1.0 6860631.30511379 674833.2517929848 1.6261363636363637
59179.03327309 2459179.532662649 194.76586799137294 9.332539192400873 3.0 14.0 0.0 6862742.534014141 674978.2990852393 1.6261363636363637
59179.034569384996 2459179.533958977 196.6325327893719 11.199203990399837 3.0 14.0 1.0 6862256.0617494015 674996.044891713 1.6261363636363637
59179.035865679994 2459179.5352553045 198.49919758737087 13.065868788398802 3.0 14.0 0.0 6862104.180696585 674919.1254492436 1.6261363636363637
59179.03716198 2459179.5365516357 200.36586959380656 14.932540794834495 3.0 14.0 1.0 6863699.385745283 675137.2948327841 1.6261363636363637
59179.038458275 2459179.537847961 202.23253439180553 16.79920559283346 3.0 14.0 0.0 6862233.286005227 674930.4135536029 1.6261363636363637
59179.039754569996 2459179.5391442846 204.0991991898045 18.665870390832424 3.0 14.0 1.0 6863913.409644158 675161.5763207219 1.6261363636363637
59179.04105087 2459179.5404406115 205.9658711962402 20.532542397268116 3.0 14.0 0.0 6864632.666582171 675167.1974739246 1.6261363636363637
59179.042347165 2459179.541736932 207.83253599423915 22.39920719526708 3.0 14.0 1.0 6862253.618204295 674998.4238993819 1.6261363636363637
59179.04364346 2459179.5430332515 209.69920079223812 24.265871993266046 3.0 14.0 0.0 6863656.057998923 675068.9761694465 1.6261363636363637
59179.044939755 2459179.5443295687 211.56586559023708 26.13253679126501 3.0 14.0 1.0 6866279.4963738285 675393.4929060796 1.6261363636363637
59179.046236049995 2459179.545625884 213.43253038823605 27.999201589263976 3.0 14.0 0.0 6864902.754675928 675183.8238443387 1.6261363636363637
59179.04753235 2459179.5469222027 215.29920239467174 29.865873595699668 3.0 14.0 1.0 6865032.183987841 675265.470678622 1.6261363636363637
59179.048828645 2459179.548218515 217.1658671926707 31.732538393698633 3.0 14.0 0.0 6865709.380955399 675258.5608239602 1.6261363636363637
59179.05012494 2459179.5495148245 219.03253199066967 33.5992031916976 3.0 14.0 1.0 6863426.125696846 675117.7157322973 1.6261363636363637
59179.05142124 2459179.550811138 220.89920399710536 35.46587519813329 3.0 14.0 0.0 6864900.432173022 675184.4163077117 1.6261363636363637
59179.052717535 2459179.5521074445 222.76586879510432 37.332539996132255 3.0 14.0 1.0 6865402.504864647 675296.759706784 1.6261363636363637
59179.05401383 2459179.5534037505 224.6325335931033 39.19920479413122 3.0 14.0 0.0 6863355.280928898 675036.0116516099 1.6261363636363637
59179.055310125 2459179.554700054 226.49919839110225 41.065869592130184 3.0 14.0 1.0 6866217.95382769 675384.6218434698 1.6261363636363637
59179.056606425 2459179.555996362 228.36587039753795 42.93254159856588 3.0 14.0 0.0 6865203.825998513 675226.4802668713 1.6261363636363637
59179.05790272 2459179.557292664 230.2325351955369 44.79920639656484 3.0 14.0 1.0 6865108.512411635 675283.6094900863 1.6261363636363637
59179.059199015 2459179.5585889653 232.09919999353588 46.665871194563806 3.0 14.0 0.0 6866329.461609861 675329.8740766074 1.6261363636363637
59179.06049531 2459179.559885266 233.96586479153484 48.53253599256277 3.0 14.0 1.0 6865363.946118273 675314.3008581781 1.6261363636363637
59179.09426846 2459179.5936588855 282.59920079726726 1.865872802445665 3.0 15.0 0.0 6856263.200563077 674349.6318442888 1.6261363636363637
59179.095564755 2459179.594955215 284.4658655952662 3.73253760044463 3.0 15.0 1.0 6859928.17365723 674777.2166003592 1.6261363636363637
59179.096861055004 2459179.5962515497 286.3325376017019 5.599209606880322 3.0 15.0 0.0 6858519.479586148 674567.9947298205 1.6261363636363637
59179.09815735 2459179.5975478785 288.1992023997009 7.465874404879287 3.0 15.0 1.0 6861714.977453511 674941.9477903452 1.6261363636363637
59179.099453645 2459179.5988442074 290.06586719769984 9.332539202878252 3.0 15.0 0.0 6862455.6831581835 674945.9766779578 1.6261363636363637
59179.10074994 2459179.6001405357 291.9325319956988 11.199204000877216 3.0 15.0 1.0 6866220.46782271 675380.0895355489 1.6261363636363637
59179.102046235 2459179.6014368627 293.7991967936978 13.065868798876181 3.0 15.0 0.0 6864225.537080737 675116.2020080514 1.6261363636363637
59179.103342535 2459179.6027331944 295.66586880013347 14.932540805311874 3.0 15.0 1.0 6866256.9144082405 675376.4638437143 1.6261363636363637
59179.10463883 2459179.604029519 297.53253359813243 16.79920560331084 3.0 15.0 0.0 6866676.750752472 675380.0999278584 1.6261363636363637
59179.105935125 2459179.605325843 299.3991983961314 18.665870401309803 3.0 15.0 1.0 6866349.153546983 675398.726660965 1.6261363636363637
59179.107231425 2459179.6066221707 301.2658703920897 20.532542397268116 3.0 15.0 0.0 6864398.915207875 675133.8949551774 1.6261363636363637
59179.10852772 2459179.607918491 303.13253520056605 22.39920720574446 3.0 15.0 1.0 6866491.67834885 675409.2005646785 1.6261363636363637
59179.109824015 2459179.6092148097 304.999199998565 24.265872003743425 3.0 15.0 0.0 6867450.126767415 675431.1744781814 1.6261363636363637
59179.11112031 2459179.6105111274 306.865864796564 26.13253680174239 3.0 15.0 1.0 6867990.176666098 675542.7315918729 1.6261363636363637
59179.112416610005 2459179.611807448 308.7325368029997 27.999208808178082 3.0 15.0 0.0 6866286.736887874 675320.9010739055 1.6261363636363637
59179.113712905004 2459179.613103761 310.59920160099864 29.865873606177047 3.0 15.0 1.0 6867282.994171963 675482.2040728605 1.6261363636363637
59179.1150092 2459179.614400073 312.4658663989976 31.73253840417601 3.0 15.0 0.0 6867860.175489185 675468.732650681 1.6261363636363637
59179.116305495 2459179.615696383 314.33253119699657 33.59920320217498 3.0 15.0 1.0 6867950.697368277 675544.1201078038 1.6261363636363637
59179.117601795 2459179.6169926967 316.1992031929549 35.46587519813329 3.0 15.0 0.0 6867525.480975546 675434.0183367647 1.6261363636363637
59179.118898090004 2459179.618289003 318.0658680014312 37.332540006609634 3.0 15.0 1.0 6867815.09138596 675544.8091886962 1.6261363636363637
59179.120194385 2459179.6195853082 319.9325327994302 39.1992048046086 3.0 15.0 0.0 6866900.392194648 675381.7636177203 1.6261363636363637
59179.121490685 2459179.620881617 321.7992047953885 41.06587680056691 3.0 15.0 1.0 6867439.88403435 675506.6486581172 1.6261363636363637
59179.12278698 2459179.6221779203 323.66586959338747 42.93254159856588 3.0 15.0 0.0 6866273.013770226 675316.8267543301 1.6261363636363637
59179.124083275 2459179.623474222 325.53253439138643 44.79920639656484 3.0 15.0 1.0 6867373.8701839475 675494.2109179088 1.6261363636363637
59179.12537957 2459179.624770523 327.3991991998628 46.665871205041185 3.0 15.0 0.0 6866499.856539638 675355.0191632911 1.6261363636363637
59179.126675865 2459179.6260668235 329.26586399786174 48.53253600304015 3.0 15.0 1.0 6867153.702353552 675482.0183321076 1.6261363636363637
59269.031274124995 2459269.53252416 1.8661391898058355 1.8661391898058355 4.0 16.0 0.0 6800307.306286709 668979.9670627675 1.6261363636363637
59269.03257042 2459269.5338204913 3.7328039982821792 3.7328039982821792 4.0 16.0 1.0 6827215.720078884 671622.6954189957 1.6261363636363637
59269.033866715006 2459269.535116822 5.599468806758523 5.599468806758523 4.0 16.0 0.0 6836446.497947354 672453.821154085 1.6261363636363637
59269.035163010005 2459269.536413152 7.466133604757488 7.466133604757488 4.0 16.0 1.0 6847701.30925262 673597.3221513717 1.6261363636363637
59269.036459309995 2459269.5377094857 9.332805590238422 9.332805590238422 4.0 16.0 0.0 6851181.23089398 673873.5188740456 1.6261363636363637
59269.03775560499 2459269.539005813 11.199470388237387 11.199470388237387 4.0 16.0 1.0 6860017.278776404 674774.8879904083 1.6261363636363637
59269.0390519 2459269.54030214 13.06613519671373 13.06613519671373 4.0 16.0 0.0 6863744.11216482 675088.0898584868 1.6261363636363637
59269.040348195005 2459269.5415984653 14.932800005190074 14.932800005190074 4.0 16.0 1.0 6867078.250660604 675458.187857621 1.6261363636363637
59269.041644494995 2459269.542894794 16.79947199067101 16.79947199067101 4.0 16.0 0.0 6867845.234955578 675472.8196703636 1.6261363636363637
59269.04294079 2459269.544191116 18.666136799147353 18.666136799147353 4.0 16.0 1.0 6872883.393958527 676009.5736890091 1.6261363636363637
59269.04423708501 2459269.545487437 20.532801607623696 20.532801607623696 4.0 16.0 0.0 6872618.445691648 675933.8911846137 1.6261363636363637
59269.045533380006 2459269.5467837555 22.39946640562266 22.39946640562266 4.0 16.0 1.0 6874508.2614409365 676164.0294092653 1.6261363636363637
59269.046829679995 2459269.5480800774 24.266138391103595 24.266138391103595 4.0 16.0 0.0 6874174.930409172 676082.2873305713 1.6261363636363637
59269.048125789996 2459269.549376208 26.13253679126501 26.13253679126501 4.0 16.0 1.0 6878476.602036389 676541.2956535533 1.6261363636363637
59269.049422085 2459269.5506725213 27.999201599741355 27.999201599741355 4.0 16.0 0.0 6876879.729227062 676326.3836639099 1.6261363636363637
59269.050718385 2459269.551968838 29.865873595699668 29.865873595699668 4.0 16.0 1.0 6880266.789862464 676712.9146931496 1.6261363636363637
59269.05201468 2459269.5532651492 31.732538393698633 31.732538393698633 4.0 16.0 0.0 6878517.918379284 676494.9667255282 1.6261363636363637
59269.053310974996 2459269.5545614576 33.5992031916976 33.5992031916976 4.0 16.0 1.0 6877078.353755135 676407.7614876642 1.6261363636363637
59269.054607269994 2459269.555857765 35.46586798969656 35.46586798969656 4.0 16.0 0.0 6879174.4009432625 676556.2128322717 1.6261363636363637
59269.055903565 2459269.557154072 37.332532798172906 37.332532798172906 4.0 16.0 1.0 6879169.093803988 676609.0687686931 1.6261363636363637
59269.057199865 2459269.558450382 39.19920479413122 39.19920479413122 4.0 16.0 0.0 6880304.672590621 676667.3302301823 1.6261363636363637
59269.058496159996 2459269.559746687 41.065869592130184 41.065869592130184 4.0 16.0 1.0 6880445.629592456 676724.4746453321 1.6261363636363637
59269.059792455 2459269.5610429905 42.93253440060653 42.93253440060653 4.0 16.0 0.0 6882003.387053101 676823.8782652335 1.6261363636363637
59269.061088755 2459269.562339299 44.79920639656484 44.79920639656484 4.0 16.0 1.0 6881810.794132564 676857.0874799192 1.6261363636363637
59269.06238505 2459269.5636356026 46.665871194563806 46.665871194563806 4.0 16.0 0.0 6881983.677825918 676831.713107157 1.6261363636363637
59269.063681345 2459269.5649319054 48.53253599256277 48.53253599256277 4.0 16.0 1.0 6879353.998694433 676622.4259954586 1.6261363636363637
59269.097373565004 2459269.5986247375 97.04933280358091 1.8658656044863164 4.0 17.0 0.0 6865288.274832475 675243.1096914386 1.6261363636363637
59269.098669865 2459269.5999210733 98.91600479953922 3.73253760044463 4.0 17.0 1.0 6870295.778364007 675746.9299757144 1.6261363636363637
59269.09996616 2459269.6012174035 100.78266959753819 5.599202398443595 4.0 17.0 0.0 6874002.856845595 676062.0485366068 1.6261363636363637
59269.101262455 2459269.6025137333 102.64933439553715 7.465867196442559 4.0 17.0 1.0 6877155.23841505 676421.6936531906 1.6261363636363637
59269.102558754996 2459269.6038100673 104.51600639149547 9.332539192400873 4.0 17.0 0.0 6876079.439000414 676262.1119044514 1.6261363636363637
59269.103855049994 2459269.605106395 106.38267118949443 11.199203990399837 4.0 17.0 1.0 6878386.134451737 676540.509917825 1.6261363636363637
59269.105151345 2459269.6064027217 108.24933599797077 13.065868798876181 4.0 17.0 0.0 6876389.196840023 676290.6490820769 1.6261363636363637
59269.10644764 2459269.607699047 110.11600079596974 14.932533596875146 4.0 17.0 1.0 6878955.302701357 676593.3732226029 1.6261363636363637
59269.107743935 2459269.6089953706 111.9826655939687 16.79919839487411 4.0 17.0 0.0 6879096.157992167 676558.8153269168 1.6261363636363637
59269.109040235 2459269.610291698 113.8493376004044 18.665870401309803 4.0 17.0 1.0 6877835.071266275 676491.738761654 1.6261363636363637
59269.11033653 2459269.611588018 115.71600239840336 20.532535199308768 4.0 17.0 0.0 6879182.06757131 676551.8529262715 1.6261363636363637
59269.111632825 2459269.612884337 117.58266719640233 22.399199997307733 4.0 17.0 1.0 6879242.321597781 676621.7121109635 1.6261363636363637
59269.112929124996 2459269.614180659 119.44933919236064 24.265871993266046 4.0 17.0 0.0 6879128.934650422 676552.5168767121 1.6261363636363637
59269.114225419995 2459269.6154769748 121.3160039903596 26.13253679126501 4.0 17.0 1.0 6881185.471764635 676804.1040446574 1.6261363636363637
59269.115521715 2459269.616773288 123.18266879883595 27.999201599741355 4.0 17.0 0.0 6879223.945497141 676569.8919908387 1.6261363636363637
59269.11681801 2459269.6180696 125.04933359683491 29.86586639774032 4.0 17.0 1.0 6881352.862582074 676823.7143070248 1.6261363636363637
59269.11811431 2459269.619365915 126.91600559279323 31.732538393698633 4.0 17.0 0.0 6881725.611220065 676803.8941223259 1.6261363636363637
59269.119410605 2459269.6206622245 128.78267040126957 33.59920320217498 4.0 17.0 1.0 6879651.677994037 676656.7704982149 1.6261363636363637
59269.1207069 2459269.6219585324 130.64933519926853 35.46586800017394 4.0 17.0 0.0 6879733.898336971 676604.2779096715 1.6261363636363637
59269.122003195 2459269.6232548384 132.5159999972675 37.332532798172906 4.0 17.0 1.0 6880203.32022374 676708.7147847896 1.6261363636363637
59269.123299495 2459269.624551149 134.3826719932258 39.19920479413122 4.0 17.0 0.0 6880842.695364701 676717.8616875627 1.6261363636363637
59269.124595789996 2459269.6258474537 136.24933679122478 41.065869592130184 4.0 17.0 1.0 6880855.2056021355 676772.0486291556 1.6261363636363637
59269.125892085 2459269.627143758 138.11600159970112 42.93253440060653 4.0 17.0 0.0 6881234.4202255495 676750.5008479905 1.6261363636363637
59269.127188385 2459269.6284400662 139.98267359565943 44.79920639656484 4.0 17.0 1.0 6878165.441490806 676509.3612727027 1.6261363636363637
59269.12848468 2459269.6297363695 141.8493383936584 46.665871194563806 4.0 17.0 0.0 6880531.084481642 676679.757137665 1.6261363636363637
59269.129780974996 2459269.6310326727 143.71600319165736 48.53253599256277 4.0 17.0 1.0 6878639.875209992 676554.1258694198 1.6261363636363637
59269.163473010005 2459269.664725318 192.23253360483795 1.8658656044863164 4.0 18.0 0.0 6861529.944803683 674872.832159756 1.6261363636363637
59269.164769309995 2459269.666021654 194.0992055903189 3.732537589967251 4.0 18.0 1.0 6865109.435595813 675230.6684140357 1.6261363636363637
59269.16606560499 2459269.667317984 195.96587038831785 5.599202387966216 4.0 18.0 0.0 6867459.533880025 675441.7766936126 1.6261363636363637
59269.1673619 2459269.668614314 197.8325351967942 7.465867196442559 4.0 18.0 1.0 6869798.784511372 675708.2678555861 1.6261363636363637
59269.168658195005 2459269.669910643 199.69920000527054 9.332532004918903 4.0 18.0 0.0 6869737.210930791 675665.200636724 1.6261363636363637
59269.169954494995 2459269.6712069754 201.56587199075148 11.199203990399837 4.0 18.0 1.0 6871531.064291901 675866.1960703898 1.6261363636363637
59269.17125079 2459269.672503302 203.43253679922782 13.065868798876181 4.0 18.0 0.0 6872389.283009833 675901.022284518 1.6261363636363637
59269.17254708501 2459269.6737996275 205.29920160770416 14.932533607352525 4.0 18.0 1.0 6871019.762629439 675827.0873976557 1.6261363636363637
59269.173843380006 2459269.6750959507 207.16586640570313 16.79919840535149 4.0 18.0 0.0 6871502.230651189 675828.0620735433 1.6261363636363637
59269.175139679995 2459269.676392278 209.03253839118406 18.665870390832424 4.0 18.0 1.0 6870065.70710334 675722.7197359188 1.6261363636363637
59269.176435974994 2459269.677688598 210.89920318918303 20.53253518883139 4.0 18.0 0.0 6872192.860410338 675888.5854469077 1.6261363636363637
59269.17773227 2459269.6789849172 212.76586799765937 22.399199997307733 4.0 18.0 1.0 6871790.87791313 675880.0035035878 1.6261363636363637
59269.17902857 2459269.6802812396 214.63253999361768 24.265871993266046 4.0 18.0 0.0 6872301.832577472 675892.1891370604 1.6261363636363637
59269.180324864996 2459269.681577555 216.49920479161665 26.13253679126501 4.0 18.0 1.0 6871731.984333501 675916.9368847309 1.6261363636363637
59269.181621159994 2459269.6828738684 218.3658695896156 27.999201589263976 4.0 18.0 0.0 6873670.127070497 676023.1379673866 1.6261363636363637
59269.18291745499 2459269.6841701805 220.23253438761458 29.86586638726294 4.0 18.0 1.0 6874976.62656695 676230.6617253913 1.6261363636363637
59269.18421375 2459269.685466491 222.09919919609092 31.732531195739284 4.0 18.0 0.0 6874741.158391647 676130.5083115207 1.6261363636363637
59269.185510049996 2459269.686762805 223.96587119204924 33.5992031916976 4.0 18.0 1.0 6872683.557354422 675946.2955945607 1.6261363636363637
59269.186806344995 2459269.6880591125 225.8325359900482 35.46586798969656 4.0 18.0 0.0 6872493.695400949 675912.2086634894 1.6261363636363637
59269.18810264 2459269.6893554195 227.69920079852454 37.332532798172906 4.0 18.0 1.0 6874455.635964578 676152.444659417 1.6261363636363637
59269.18939894 2459269.6906517297 229.56587279448286 39.19920479413122 4.0 18.0 0.0 6875066.295051782 676159.9928334797 1.6261363636363637
59269.190695235 2459269.6919480343 231.43253759248182 41.065869592130184 4.0 18.0 1.0 6878993.880446253 676583.4320099548 1.6261363636363637
59269.191991529995 2459269.6932443385 233.2992023904808 42.93253439012915 4.0 18.0 0.0 6878324.3334662 676469.2697868968 1.6261363636363637
59269.19328782499 2459269.694540642 235.16586718847975 44.799199188128114 4.0 18.0 1.0 6875669.303229165 676271.4906788069 1.6261363636363637
59269.194584125 2459269.6958369506 237.03253919491544 46.665871194563806 4.0 18.0 0.0 6876193.351805278 676264.5892547516 1.6261363636363637
59269.19588042 2459269.697133254 238.8992039929144 48.53253599256277 4.0 18.0 1.0 6876994.687788219 676391.649871533 1.6261363636363637
59269.229584125 2459269.7308375677 287.4325391999446 1.865872802445665 4.0 19.0 0.0 6863263.474077579 675040.331728457 1.6261363636363637
59269.23088042 2459269.732133899 289.29920399794355 3.73253760044463 4.0 19.0 1.0 6869425.065759397 675664.1225856536 1.6261363636363637
59269.232176715 2459269.7334302287 291.1658687959425 5.599202398443595 4.0 19.0 0.0 6868724.607458596 675562.4608348577 1.6261363636363637
59269.23347301 2459269.7347265584 293.0325335939415 7.465867196442559 4.0 19.0 1.0 6872084.661380315 675919.0250092737 1.6261363636363637
59269.23476931 2459269.736022892 294.8992056003772 9.332539202878252 4.0 19.0 0.0 6871848.881248622 675851.6355950922 1.6261363636363637
59269.236065605 2459269.73731922 296.76587039837614 11.199204000877216 4.0 19.0 1.0 6873377.595333041 676055.5693160964 1.6261363636363637
59269.2373619 2459269.7386155464 298.6325351963751 13.065868798876181 4.0 19.0 0.0 6872759.948630373 675949.0354009365 1.6261363636363637
59269.238658195 2459269.7399118715 300.49919999437407 14.932533596875146 4.0 19.0 1.0 6875070.727335564 676183.860911824 1.6261363636363637
59269.239954495 2459269.7412082 302.36587200080976 16.79920560331084 4.0 19.0 0.0 6874710.167893317 676130.5678986966 1.6261363636363637
59269.24125079 2459269.742504522 304.2325367988087 18.665870401309803 4.0 19.0 1.0 6875681.392899971 676264.7620507199 1.6261363636363637
59269.242547085 2459269.7438008427 306.0992015968077 20.532535199308768 4.0 19.0 0.0 6874956.803391382 676159.1403420579 1.6261363636363637
59269.24384338 2459269.7450971613 307.96586639480665 22.399199997307733 4.0 19.0 1.0 6873195.944581542 676017.7062236174 1.6261363636363637
59269.24513968 2459269.7463934836 309.83253840124235 24.265872003743425 4.0 19.0 0.0 6874310.800521145 676088.2765499039 1.6261363636363637
59269.246435975 2459269.747689799 311.6992031992413 26.13253680174239 4.0 19.0 1.0 6873819.115196996 676103.2439286401 1.6261363636363637
59269.24773227 2459269.748986113 313.5658679972403 27.999201599741355 4.0 19.0 0.0 6875549.076426291 676211.7305441104 1.6261363636363637
59269.249028570004 2459269.7502824296 315.43254000367597 29.865873606177047 4.0 19.0 1.0 6875291.300758472 676213.6941884665 1.6261363636363637
59269.250324865 2459269.7515787403 317.29920480167493 31.73253840417601 4.0 19.0 0.0 6875324.07945409 676191.4112890958 1.6261363636363637
59269.25162116 2459269.7528750496 319.1658695996739 33.59920320217498 4.0 19.0 1.0 6874938.106470083 676185.4960689348 1.6261363636363637
59269.252917455 2459269.754171357 321.03253439767286 35.46586800017394 4.0 19.0 0.0 6873976.248778954 676054.5637993368 1.6261363636363637
59269.25421375 2459269.7554676635 322.8991991956718 37.332532798172906 4.0 19.0 1.0 6875440.647432435 676224.3035526199 1.6261363636363637
59269.25551005 2459269.756763974 324.7658712021075 39.1992048046086 4.0 19.0 0.0 6875692.085938565 676219.9534807412 1.6261363636363637
59269.256806345 2459269.7580602793 326.6325360001065 41.06586960260756 4.0 19.0 1.0 6874872.519954932 676182.8825417763 1.6261363636363637
59269.25810264 2459269.759356583 328.49920079810545 42.93253440060653 4.0 19.0 0.0 6875088.63492554 676160.0518762363 1.6261363636363637
59269.259398940005 2459269.760652892 330.36587280454114 44.79920640704222 4.0 19.0 1.0 6873350.773774511 676028.9746062559 1.6261363636363637
59269.260695235 2459269.761949195 332.2325376025401 46.665871205041185 4.0 19.0 0.0 6874203.6918187225 676074.869029822 1.6261363636363637
59269.26199153 2459269.7632454988 334.09920240053907 48.53253600304015 4.0 19.0 1.0 6874243.125592224 676113.2349961579 1.6261363636363637
