# %ECSV 0.9
# ---
# datatype:
# - {name: t_mjd, datatype: float64}
# - {name: t_bjd, datatype: float64}
# - {name: t_visit, datatype: float64}
# - {name: t_orbit, datatype: float64}
# - {name: ivisit, datatype: float64}
# - {name: iorbit, datatype: float64}
# - {name: scan, datatype: float64}
# - {name: spec_opt, datatype: float64}
# - {name: var_opt, datatype: float64}
# - {name: wave, datatype: float64}
# schema: astropy-2.0
t_mjd t_bjd t_visit t_orbit ivisit iorbit scan spec_opt var_opt wave
58888.252084215 2458888.753034453 1.8658655940089375 1.8658655940089375 0.0 0.0 0.0 7522364.12645013 737150.218902035 1.4352272727272728
58888.253380509996 2458888.7543307883 3.7325303920079023 3.7325303920079023 0.0 0.0 1.0 7568536.429194269 741600.3703570315 1.4352272727272728
58888.25467699 2458888.755627308 5.5994615983217955 5.5994615983217955 0.0 0.0 0.0 7580409.196637512 742725.7525716125 1.4352272727272728
58888.255973105 2458888.756923462 7.465867196442559 7.465867196442559 0.0 0.0 1.0 7601896.276477952 744832.5284536775 1.4352272727272728
58888.2572694 2458888.7582197953 9.332531994441524 9.332531994441524 0.0 0.0 0.0 7606563.575900593 745231.7121890966 1.4352272727272728
58888.258565694996 2458888.7595161274 11.199196792440489 11.199196792440489 0.0 0.0 1.0 7618869.574466543 746462.0866359519 1.4352272727272728
58888.259861989995 2458888.7608124586 13.065861590439454 13.065861590439454 0.0 0.0 0.0 7619288.559551791 746457.3029084327 1.4352272727272728
58888.261158285 2458888.7621087884 14.932526398915797 14.932526398915797 0.0 0.0 1.0 7627888.141340212 747296.069652282 1.4352272727272728
58888.262454585 2458888.763405122 16.79919839487411 16.79919839487411 0.0 0.0 0.0 7628884.023208326 747374.851863561 1.4352272727272728
58888.263750879996 2458888.7647014484 18.665863192873076 18.665863192873076 0.0 0.0 1.0 7635318.55144617 748010.0206396196 1.4352272727272728
58888.265047175 2458888.765997773 20.53252800134942 20.53252800134942 0.0 0.0 0.0 7634638.176097175 747920.1740956634 1.4352272727272728
58888.266343475 2458888.7672941014 22.399199997307733 22.399199997307733 0.0 0.0 1.0 7639116.170719716 748367.1957178909 1.4352272727272728
58888.26763977 2458888.7685904233 24.265864795306697 24.265864795306697 0.0 0.0 0.0 7636699.424625217 748121.1150411345 1.4352272727272728
58888.268936065 2458888.7698867433 26.132529593305662 26.132529593305662 0.0 0.0 1.0 7642845.352526925 748754.8081691108 1.4352272727272728
58888.270232359995 2458888.7711830614 27.999194391304627 27.999194391304627 0.0 0.0 0.0 7640853.5798979085 748514.3936616239 1.4352272727272728
58888.27152866 2458888.772479383 29.86586639774032 29.86586639774032 0.0 0.0 1.0 7643773.6170436945 748821.2349738283 1.4352272727272728
58888.272824955 2458888.773775698 31.732531195739284 31.732531195739284 0.0 0.0 0.0 7641780.520166471 748603.7233605133 1.4352272727272728
58888.274121434995 2458888.7750721965 33.5994623915758 33.5994623915758 0.0 0.0 1.0 7645863.654112602 749042.9653227505 1.4352272727272728
58888.275417545 2458888.776368324 35.46586080221459 35.46586080221459 0.0 0.0 0.0 7643072.472279341 748726.8527622656 1.4352272727272728
58888.276713845 2458888.77766464 37.332532798172906 37.332532798172906 0.0 0.0 1.0 7645107.318550533 748943.9947431912 1.4352272727272728
58888.27801014 2458888.7789609507 39.19919759617187 39.19919759617187 0.0 0.0 0.0 7643988.412827894 748818.3066829403 1.4352272727272728
58888.279306435 2458888.78025726 41.065862394170836 41.065862394170836 0.0 0.0 1.0 7647576.798609367 749210.9182052242 1.4352272727272728
58888.280602735 2458888.7815535734 42.93253440060653 42.93253440060653 0.0 0.0 0.0 7645910.931619293 748999.671844284 1.4352272727272728
58888.28189903 2458888.782849882 44.79919919860549 44.79919919860549 0.0 0.0 1.0 7645578.114175276 748992.4394280559 1.4352272727272728
58888.283195325 2458888.78414619 46.66586399660446 46.66586399660446 0.0 0.0 0.0 7644201.794903885 748839.0232174142 1.4352272727272728
58888.28449162 2458888.7854424976 48.53252879460342 48.53252879460342 0.0 0.0 1.0 7648028.426381102 749253.4297449075 1.4352272727272728
58888.318183845 2458888.8191354494 97.04933279310353 1.866132002323866 0.0 1.0 0.0 7630810.962147863 747562.5744594245 1.4352272727272728
58888.319480139995 2458888.8204317843 98.9159975911025 3.7327968003228307 0.0 1.0 1.0 7637984.213670778 748299.4850505553 1.4352272727272728
58888.320776435 2458888.821728119 100.78266239957884 5.599461608799174 0.0 1.0 0.0 7638408.586184704 748293.8464432791 1.4352272727272728
58888.322072735 2458888.8230244583 102.64933439553715 7.466133604757488 0.0 1.0 1.0 7641779.157931276 748660.2676922913 1.4352272727272728
58888.32336903 2458888.8243207913 104.51599919353612 9.332798402756453 0.0 1.0 0.0 7641185.421097603 748553.2587965885 1.4352272727272728
58888.324665325 2458888.825617124 106.38266400201246 11.199463211232796 0.0 1.0 1.0 7646602.128455447 749127.1203269506 1.4352272727272728
58888.32596162 2458888.826913455 108.24932880001143 13.066128009231761 0.0 1.0 0.0 7643814.266635723 748806.2260920388 1.4352272727272728
58888.32725773 2458888.8282095995 110.11572720017284 14.932526409393176 0.0 1.0 1.0 7645833.951286812 749050.8416584729 1.4352272727272728
58888.328554215 2458888.8295061174 111.9826655939687 16.79946480318904 0.0 1.0 0.0 7642643.623930336 748693.4074222902 1.4352272727272728
58888.329850509996 2458888.830802444 113.84933039196767 18.666129601188004 0.0 1.0 1.0 7647980.006538894 749254.1227198368 1.4352272727272728
58888.331146805 2458888.8320987695 115.71599520044401 20.532794409664348 0.0 1.0 0.0 7644736.656118206 748896.4426932862 1.4352272727272728
58888.332443105 2458888.833395098 117.58266719640233 22.39946640562266 0.0 1.0 1.0 7647163.618998275 749146.082761791 1.4352272727272728
58888.3337394 2458888.8346914193 119.44933199440129 24.266131203621626 0.0 1.0 0.0 7643999.936509075 748820.1178867408 1.4352272727272728
58888.335035694996 2458888.8359877393 121.31599679240026 26.13279600162059 0.0 1.0 1.0 7646725.07578815 749130.7928627017 1.4352272727272728
58888.336331989995 2458888.837284058 123.18266159039922 27.999460799619555 0.0 1.0 0.0 7644583.801008555 748875.5129280739 1.4352272727272728
58888.337628099995 2458888.8385801897 125.04905999056064 29.86585919978097 0.0 1.0 1.0 7645635.953883204 749000.6018280851 1.4352272727272728
58888.338924585 2458888.8398766946 126.91599839483388 31.732797604054213 0.0 1.0 0.0 7643237.619917104 748744.3633864104 1.4352272727272728
58888.340220879996 2458888.841173008 128.78266319283284 33.59946240205318 0.0 1.0 1.0 7645366.0128364125 749000.7203164137 1.4352272727272728
58888.341517175 2458888.842469321 130.6493280013092 35.46612721052952 0.0 1.0 0.0 7644257.421314526 748846.4207892223 1.4352272727272728
58888.34281329 2458888.8437654525 132.51573359942995 37.332532808650285 0.0 1.0 1.0 7645637.757335291 748997.3652755653 1.4352272727272728
58888.34410977 2458888.845061947 134.38266479526646 39.1994640044868 0.0 1.0 0.0 7643311.624802924 748751.241114779 1.4352272727272728
58888.345406065 2458888.8463582564 136.24932959326543 41.066128802485764 0.0 1.0 1.0 7645300.850303617 748965.8123812146 1.4352272727272728
58888.346702359995 2458888.8476545657 138.1159943912644 42.93279360048473 0.0 1.0 0.0 7643677.326722731 748786.8663175238 1.4352272727272728
58888.34799866 2458888.8489508787 139.9826663977001 44.79946560692042 0.0 1.0 1.0 7644981.029345449 748961.6277313507 1.4352272727272728
58888.349294955 2458888.8502471866 141.84933119569905 46.666130404919386 0.0 1.0 0.0 7643690.604356914 748790.1697102601 1.4352272727272728
58888.35059125 2458888.8515434945 143.71599599369802 48.53279520291835 0.0 1.0 1.0 7646082.394878038 749067.564301158 1.4352272727272728
58888.384294955 2458888.8852479253 192.2493312007282 1.866132002323866 0.0 2.0 0.0 7625441.8418159485 747041.6170385575 1.4352272727272728
58888.38559125 2458888.8865442607 194.11599599872716 3.7327968003228307 0.0 2.0 1.0 7631937.920931241 747718.963870799 1.4352272727272728
58888.38688736 2458888.88784041 195.98239439888857 5.599195200484246 0.0 2.0 0.0 7631370.0782724675 747613.8554127167 1.4352272727272728
58888.388183845 2458888.8891369347 197.84933280316181 7.466133604757488 0.0 2.0 1.0 7635777.799598862 748085.5337020684 1.4352272727272728
58888.389479955 2458888.890433083 199.71573120332323 9.332532004918903 0.0 2.0 0.0 7634878.402315453 747950.6557584599 1.4352272727272728
58888.390776435 2458888.8917295993 201.58266239915974 11.199463200755417 0.0 2.0 1.0 7636841.36582047 748187.5724382718 1.4352272727272728
58888.392072735 2458888.8930259356 203.44933439511806 13.06613519671373 0.0 2.0 0.0 7635348.535174809 747992.1114899059 1.4352272727272728
58888.393369030004 2458888.8943222654 205.3159992035944 14.932800005190074 0.0 2.0 1.0 7637117.55986463 748211.946675426 1.4352272727272728
58888.394665325 2458888.8956185933 207.18266400159337 16.79946480318904 0.0 2.0 0.0 7636393.95976805 748091.0508593784 1.4352272727272728
58888.39596162 2458888.89691492 209.04932879959233 18.666129601188004 0.0 2.0 1.0 7639910.032602624 748478.5939237572 1.4352272727272728
58888.397257915 2458888.898211245 210.9159935975913 20.53279439918697 0.0 2.0 0.0 7635512.47921421 748005.9303695994 1.4352272727272728
58888.398554215004 2458888.899507574 212.782665604027 22.39946640562266 0.0 2.0 1.0 7635664.188747954 748070.3556839833 1.4352272727272728
58888.39985051 2458888.900803895 214.64933040202595 24.266131203621626 0.0 2.0 0.0 7637483.436812152 748194.5924967008 1.4352272727272728
58888.401146805 2458888.902100215 216.51599520002492 26.13279600162059 0.0 2.0 1.0 7638844.388267011 748372.7673456117 1.4352272727272728
58888.402443105 2458888.9033965385 218.38266719598323 27.999467997578904 0.0 2.0 0.0 7635503.100947786 747997.7385796395 1.4352272727272728
58888.403739400004 2458888.9046928557 220.24933200445957 29.866132806055248 0.0 2.0 1.0 7637427.391591914 748237.3632848302 1.4352272727272728
58888.405035695 2458888.9059891705 222.11599680245854 31.732797604054213 0.0 2.0 0.0 7636184.294273579 748068.2516638887 1.4352272727272728
58888.40633199 2458888.9072854845 223.9826616004575 33.59946240205318 0.0 2.0 1.0 7639797.783185022 748462.7953876664 1.4352272727272728
58888.407628285 2458888.9085817966 225.84932639845647 35.46612720005214 0.0 2.0 0.0 7636359.843816265 748078.9899411502 1.4352272727272728
58888.408924585 2458888.9098781133 227.71599839441478 37.332799196010455 0.0 2.0 1.0 7637396.403754311 748233.7538650607 1.4352272727272728
58888.41022088 2458888.9111744235 229.58266320289113 39.1994640044868 0.0 2.0 0.0 7637986.1696372535 748240.0794540814 1.4352272727272728
58888.411517175 2458888.912470733 231.4493280008901 41.066128802485764 0.0 2.0 1.0 7638590.662944844 748348.415733884 1.4352272727272728
58888.412813475 2458888.9137670468 233.3159999968484 42.93280079844408 0.0 2.0 0.0 7641597.880333517 748583.1361759069 1.4352272727272728
58888.414109770005 2458888.9150633556 235.18266480532475 44.79946560692042 0.0 2.0 1.0 7642147.685825069 748689.3302932255 1.4352272727272728
58888.415406065 2458888.9163596635 237.0493296033237 46.666130404919386 0.0 2.0 0.0 7639720.360006532 748404.2368677863 1.4352272727272728
58888.41670236 2458888.9176559714 238.91599440132268 48.53279520291835 0.0 2.0 1.0 7643643.095530227 748828.5434641755 1.4352272727272728
58888.450417545 2458888.951371881 287.46586079592817 1.8658656044863164 0.0 3.0 0.0 7626746.620870351 747195.3392727448 1.4352272727272728
58888.451713845 2458888.952668221 289.33253280236386 3.7325376109220088 0.0 3.0 1.0 7633254.8553827 747842.5499829884 1.4352272727272728
58888.45301014 2458888.9539645556 291.1991976003628 5.5992024089209735 0.0 3.0 0.0 7635370.781438572 747993.2013059737 1.4352272727272728
58888.454306435 2458888.9552608896 293.0658623983618 7.465867206919938 0.0 3.0 1.0 7638158.940949321 748313.3775582684 1.4352272727272728
58888.455602735 2458888.9565572278 294.9325343943201 9.332539202878252 0.0 3.0 0.0 7635309.052710931 747988.569769976 1.4352272727272728
58888.45689903 2458888.95785356 296.79919920279644 11.199204011354595 0.0 3.0 1.0 7639570.176498638 748449.3481888365 1.4352272727272728
58888.458195325 2458888.959149891 298.6658640007954 13.06586880935356 0.0 3.0 0.0 7638386.390907001 748282.7156386743 1.4352272727272728
58888.45949162 2458888.9604462204 300.5325287987944 14.932533607352525 0.0 3.0 1.0 7639441.091139581 748439.637831383 1.4352272727272728
58888.460787915 2458888.9617425487 302.39919359679334 16.79919840535149 0.0 3.0 0.0 7639108.073192607 748352.1958775294 1.4352272727272728
58888.462084215 2458888.9630388804 304.26586560322903 18.665870411787182 0.0 3.0 1.0 7640609.17468818 748544.2665325344 1.4352272727272728
58888.46338051 2458888.964335205 306.132530401228 20.532535209786147 0.0 3.0 0.0 7637824.931406536 748227.7280669556 1.4352272727272728
58888.464676805 2458888.9656315283 307.99919519922696 22.39920000778511 0.0 3.0 1.0 7640508.795183446 748534.5904689676 1.4352272727272728
58888.465973105 2458888.9669278553 309.8658671951853 24.265872003743425 0.0 3.0 0.0 7639464.352467461 748382.2300360344 1.4352272727272728
58888.467269400004 2458888.9682241757 311.7325320036616 26.13253681221977 0.0 3.0 1.0 7640307.815806088 748488.9860886318 1.4352272727272728
58888.46856588 2458888.9695206787 313.59946319949813 27.999468008056283 0.0 3.0 0.0 7638043.525518971 748243.5717752588 1.4352272727272728
58888.46986199 2458888.9708168106 315.46586159965955 29.8658664082177 0.0 3.0 1.0 7641124.54254358 748590.1230067711 1.4352272727272728
58888.471158285 2458888.972113126 317.3325263976585 31.732531206216663 0.0 3.0 0.0 7639312.626224955 748369.2680734165 1.4352272727272728
58888.472454585004 2458888.973409445 319.1991984040942 33.599203212652355 0.0 3.0 1.0 7640981.794172433 748581.8775654807 1.4352272727272728
58888.47375088 2458888.974705757 321.06586320209317 35.46586801065132 0.0 3.0 0.0 7637328.987261244 748175.8949447256 1.4352272727272728
58888.475047175 2458888.9760020687 322.93252800009213 37.332532808650285 0.0 3.0 1.0 7640811.372108855 748562.7065346008 1.4352272727272728
58888.476343475 2458888.977298384 324.79919999605045 39.1992048046086 0.0 3.0 0.0 7639269.143509838 748359.448302519 1.4352272727272728
58888.477639770004 2458888.978594694 326.6658648045268 41.06586961308494 0.0 3.0 1.0 7640240.677830605 748509.9152163215 1.4352272727272728
58888.478936065 2458888.9798910026 328.53252960252576 42.93253441108391 0.0 3.0 0.0 7639336.35009965 748368.2447844688 1.4352272727272728
58888.48023236 2458888.981187311 330.3991944005247 44.79919920908287 0.0 3.0 1.0 7640505.230356177 748530.1740743225 1.4352272727272728
58888.48152866 2458888.982483624 332.26586639648303 46.665871205041185 0.0 3.0 0.0 7637661.776194323 748206.7584119672 1.4352272727272728
58888.482824955 2458888.9837799324 334.132531194482 48.53253600304015 0.0 3.0 1.0 7640358.760696865 748517.2090139508 1.4352272727272728
58946.83767614 2458947.3393639354 1.8658656044863164 1.8658656044863164 1.0 4.0 0.0 7571629.85465203 741892.7531415117 1.4352272727272728
58946.838972435 2458947.3406602414 3.7325304024852812 3.7325304024852812 1.0 4.0 1.0 7604463.8118399605 745066.6514000245 1.4352272727272728
58946.84026873 2458947.3419565475 5.599195200484246 5.599195200484246 1.0 4.0 0.0 7610533.194102678 745625.8195884229 1.4352272727272728
58946.84156503 2458947.3432528577 7.465867206919938 7.465867206919938 1.0 4.0 1.0 7625656.189755937 747101.9001576913 1.4352272727272728
58946.842861325 2458947.3445491623 9.332532004918903 9.332532004918903 1.0 4.0 0.0 7625734.660243412 747085.0367744399 1.4352272727272728
58946.84415762 2458947.3458454665 11.199196802917868 11.199196802917868 1.0 4.0 1.0 7636801.574705808 748172.7777058975 1.4352272727272728
58946.84545392 2458947.3471417744 13.06586880935356 13.06586880935356 1.0 4.0 0.0 7635309.870406532 748000.4200645067 1.4352272727272728
58946.846750215 2458947.348438077 14.932533607352525 14.932533607352525 1.0 4.0 1.0 7641428.550971879 748614.1774773349 1.4352272727272728
58946.84804651 2458947.3497343785 16.79919840535149 16.79919840535149 1.0 4.0 0.0 7641254.308195859 748571.3567436716 1.4352272727272728
58946.849342805 2458947.3510306785 18.665863203350455 18.665863203350455 1.0 4.0 1.0 7646448.722251799 749098.110225069 1.4352272727272728
58946.8506391 2458947.3523269785 20.53252800134942 20.53252800134942 1.0 4.0 0.0 7645116.75121604 748940.1898319874 1.4352272727272728
58946.8519354 2458947.3536232817 22.39920000778511 22.39920000778511 1.0 4.0 1.0 7650105.287215244 749445.8287947301 1.4352272727272728
58946.853231695 2458947.354919579 24.265864805784076 24.265864805784076 1.0 4.0 0.0 7645795.857399712 749001.5638356628 1.4352272727272728
58946.85452799 2458947.356215875 26.13252960378304 26.13252960378304 1.0 4.0 1.0 7651598.983751173 749585.7146163754 1.4352272727272728
58946.85582429 2458947.3575121756 27.999201610218734 27.999201610218734 1.0 4.0 0.0 7648853.286896774 749296.2660113837 1.4352272727272728
58946.857120585 2458947.35880847 29.8658664082177 29.8658664082177 1.0 4.0 1.0 7652900.932616971 749707.5062557964 1.4352272727272728
58946.85841688 2458947.3601047634 31.732531206216663 31.732531206216663 1.0 4.0 0.0 7648717.944457295 749285.2422636119 1.4352272727272728
58946.859713175 2458947.361401056 33.59919600421563 33.59919600421563 1.0 4.0 1.0 7653143.204012211 749739.7839568543 1.4352272727272728
58946.861009475004 2458947.3626973527 35.46586801065132 35.46586801065132 1.0 4.0 0.0 7651180.365602794 749522.2029889445 1.4352272727272728
58946.86230577 2458947.3639936442 37.332532808650285 37.332532808650285 1.0 4.0 1.0 7655209.353911103 749938.961099269 1.4352272727272728
58946.863602065 2458947.3652899344 39.19919760664925 39.19919760664925 1.0 4.0 0.0 7652377.248577011 749640.326032151 1.4352272727272728
58946.86489836 2458947.3665862246 41.065862404648215 41.065862404648215 1.0 4.0 1.0 7652576.525316467 749680.6536442882 1.4352272727272728
58946.866194660004 2458947.3678825195 42.93253441108391 42.93253441108391 1.0 4.0 0.0 7650489.682781435 749452.7032767504 1.4352272727272728
58946.867490955 2458947.3691788097 44.79919920908287 44.79919920908287 1.0 4.0 1.0 7654359.077640829 749850.198220852 1.4352272727272728
58946.86878725 2458947.370475099 46.66586400708184 46.66586400708184 1.0 4.0 0.0 7652420.765366845 749638.8616160295 1.4352272727272728
58946.870083545 2458947.3717713887 48.5325288050808 48.5325288050808 1.0 4.0 1.0 7655530.66460348 749956.7077644974 1.4352272727272728
58946.900754845 2458947.4024427715 92.69920080900192 1.8658656044863164 1.0 5.0 0.0 7639967.461868994 748449.5475381654 1.4352272727272728
58946.90205114 2458947.4037390784 94.56586560700089 3.7325304024852812 1.0 5.0 1.0 7647009.344346595 749154.5696341257 1.4352272727272728
58946.903347435 2458947.4050353845 96.43253040499985 5.599195200484246 1.0 5.0 0.0 7645984.270558551 749031.0806258062 1.4352272727272728
58946.904643735004 2458947.4063316956 98.29920241143554 7.465867206919938 1.0 5.0 1.0 7650031.837336807 749445.767981147 1.4352272727272728
58946.90594003 2458947.4076280016 100.16586720943451 9.332532004918903 1.0 5.0 0.0 7648487.902230126 749269.7311500789 1.4352272727272728
58946.907236325 2458947.408924307 102.03253200743347 11.199196802917868 1.0 5.0 1.0 7651803.848487234 749614.4809884403 1.4352272727272728
58946.90853262 2458947.410220612 103.89919680543244 13.065861600916833 1.0 5.0 0.0 7648651.184719197 749284.0476661432 1.4352272727272728
58946.909828915 2458947.411516916 105.7658616034314 14.932526398915797 1.0 5.0 1.0 7652140.128375441 749646.2052039113 1.4352272727272728
58946.911125215 2458947.4128132244 107.6325336098671 16.79919840535149 1.0 5.0 0.0 7650402.039305543 749451.0497634305 1.4352272727272728
58946.91242151 2458947.414109527 109.49919840786606 18.665863203350455 1.0 5.0 1.0 7654655.075075825 749878.1103427642 1.4352272727272728
58946.913717805 2458947.415405829 111.36586320586503 20.53252800134942 1.0 5.0 0.0 7651729.8603989445 749578.7798883764 1.4352272727272728
58946.915014105 2458947.4167021345 113.23253520182334 22.399199997307733 1.0 5.0 1.0 7654390.541643514 749864.8113382978 1.4352272727272728
58946.9163104 2458947.417998434 115.09920001029968 24.265864805784076 1.0 5.0 0.0 7650846.333694315 749488.0842418709 1.4352272727272728
58946.917606695 2458947.419294733 116.96586480829865 26.13252960378304 1.0 5.0 1.0 7654250.415202495 749841.5843273761 1.4352272727272728
58946.91890299 2458947.4205910307 118.83252960629761 27.999194401782006 1.0 5.0 0.0 7652820.503158009 749673.0560804463 1.4352272727272728
58946.920199285 2458947.421887327 120.69919440429658 29.86585919978097 1.0 5.0 1.0 7653915.133905897 749810.1405633653 1.4352272727272728
58946.921495585004 2458947.4231836274 122.56586641073227 31.732531206216663 1.0 5.0 0.0 7651614.255230456 749559.365252647 1.4352272727272728
58946.92279188 2458947.4244799227 124.43253120873123 33.59919600421563 1.0 5.0 1.0 7653476.709767286 749767.4278073184 1.4352272727272728
58946.924088175 2458947.425776216 126.2991960067302 35.46586080221459 1.0 5.0 0.0 7653476.55243008 749742.1630865312 1.4352272727272728
58946.925384475 2458947.427072514 128.1658680026885 37.332532798172906 1.0 5.0 1.0 7656774.736128812 750084.8320777803 1.4352272727272728
58946.926680770004 2458947.428368806 130.03253281116486 39.19919760664925 1.0 5.0 0.0 7652174.26527281 749617.5189221589 1.4352272727272728
58946.927977065 2458947.4296650975 131.89919760916382 41.065862404648215 1.0 5.0 1.0 7653907.420127767 749811.1420933784 1.4352272727272728
58946.92927336 2458947.4309613886 133.76586240716279 42.93252720264718 1.0 5.0 0.0 7651120.0398475425 749516.8603075161 1.4352272727272728
58946.930569660006 2458947.432257684 135.63253441359848 44.79919920908287 1.0 5.0 1.0 7653440.120123302 749767.2972510543 1.4352272727272728
58946.931865955004 2458947.4335539737 137.49919921159744 46.66586400708184 1.0 5.0 0.0 7651832.259074721 749586.1964907701 1.4352272727272728
58946.93316225 2458947.434850264 139.3658640095964 48.5325288050808 1.0 5.0 1.0 7654398.539681735 749857.3228549667 1.4352272727272728
58946.966831325 2458947.4685194087 187.84933200571686 1.865872791968286 1.0 6.0 0.0 7633640.527676818 747844.3278739203 1.4352272727272728
58946.96812762 2458947.4698157148 189.71599680371583 3.732537589967251 1.0 6.0 1.0 7638601.576394487 748346.2434470431 1.4352272727272728
58946.96942392 2458947.471112026 191.58266881015152 5.599209596402943 1.0 6.0 0.0 7637923.859734658 748257.6205300404 1.4352272727272728
58946.970720215 2458947.472408332 193.44933360815048 7.465874394401908 1.0 6.0 1.0 7643102.98295696 748781.7116110157 1.4352272727272728
58946.97201651 2458947.473704638 195.31599840614945 9.332539192400873 1.0 6.0 0.0 7640450.842685916 748497.749806743 1.4352272727272728
58946.973312805 2458947.475000943 197.1826632041484 11.199203990399837 1.0 6.0 1.0 7644022.858136997 748864.8731182868 1.4352272727272728
58946.9746091 2458947.4762972477 199.04932800214738 13.065868788398802 1.0 6.0 0.0 7643495.633345662 748789.9296451127 1.4352272727272728
58946.9759054 2458947.477593557 200.91600000858307 14.932540794834495 1.0 6.0 1.0 7645023.291800228 748959.1520257195 1.4352272727272728
58946.977201695 2458947.4788898607 202.78266480658203 16.79920559283346 1.0 6.0 0.0 7643160.085256383 748756.720941521 1.4352272727272728
58946.97849799 2458947.480186163 204.649329604581 18.665870390832424 1.0 6.0 1.0 7646431.843367072 749096.4438367881 1.4352272727272728
58946.979794290004 2458947.4814824695 206.5160016110167 20.532542397268116 1.0 6.0 0.0 7643983.611350925 748831.4197098191 1.4352272727272728
58946.981090585 2458947.48277877 208.38266640901566 22.39920719526708 1.0 6.0 1.0 7646818.535866121 749138.6755160857 1.4352272727272728
58946.98238688 2458947.48407507 210.24933120701462 24.265871993266046 1.0 6.0 0.0 7644254.381178765 748857.7729937342 1.4352272727272728
58946.983683175 2458947.4853713685 212.11599600501359 26.13253679126501 1.0 6.0 1.0 7648375.863811658 749259.8755864833 1.4352272727272728
58946.984979475004 2458947.4866676712 213.98266801144928 27.999208797700703 1.0 6.0 0.0 7647398.915651895 749155.5149929485 1.4352272727272728
58946.98627577 2458947.4879639675 215.84933280944824 29.865873595699668 1.0 6.0 1.0 7648295.91581286 749271.6983718832 1.4352272727272728
58946.987572065 2458947.4892602633 217.7159976074472 31.732538393698633 1.0 6.0 0.0 7644680.546618186 748890.597010102 1.4352272727272728
58946.98886836 2458947.490556558 219.58266240544617 33.5992031916976 1.0 6.0 1.0 7648806.323435735 749319.6273376464 1.4352272727272728
58946.990164660005 2458947.4918528567 221.44933441188186 35.46587519813329 1.0 6.0 0.0 7646560.409093506 749075.0866245729 1.4352272727272728
58946.991460955 2458947.4931491497 223.31599920988083 37.332539996132255 1.0 6.0 1.0 7650704.877482177 749502.7726524286 1.4352272727272728
58946.99275725 2458947.4944454418 225.1826640078798 39.19920479413122 1.0 6.0 0.0 7652008.57729532 749601.0022982656 1.4352272727272728
58946.994053545 2458947.4957417333 227.04932880587876 41.065869592130184 1.0 6.0 1.0 7651236.764289698 749553.93218498 1.4352272727272728
58946.995349845005 2458947.497038029 228.91600081231445 42.93254159856588 1.0 6.0 0.0 7649581.177377469 749362.6988045073 1.4352272727272728
58946.99664614 2458947.4983343193 230.78266561031342 44.79920639656484 1.0 6.0 1.0 7652255.539858261 749652.4739972554 1.4352272727272728
58946.997942435 2458947.49963061 232.64933040831238 46.665871194563806 1.0 6.0 0.0 7648492.458504227 749263.4075808628 1.4352272727272728
58946.99923873 2458947.5009268997 234.51599520631135 48.53253599256277 1.0 6.0 1.0 7652845.581171584 749711.2653142879 1.4352272727272728
58947.03290762 2458947.5345958583 282.99919680459425 1.8658656044863164 1.0 7.0 0.0 7635577.882011381 748029.7115415521 1.4352272727272728
58947.034203920004 2458947.5358921695 284.86586881102994 3.7325376109220088 1.0 7.0 1.0 7641517.376984703 748630.7095335032 1.4352272727272728
58947.035500215 2458947.5371884755 286.7325336090289 5.5992024089209735 1.0 7.0 0.0 7642119.118264604 748656.8641045662 1.4352272727272728
58947.03679651 2458947.538484782 288.59919840702787 7.465867206919938 1.0 7.0 1.0 7646147.022776453 749071.824346431 1.4352272727272728
58947.038092805 2458947.5397810875 290.46586320502684 9.332532004918903 1.0 7.0 0.0 7642493.8775825845 748690.9996812412 1.4352272727272728
58947.0393891 2458947.5410773926 292.3325280030258 11.199196802917868 1.0 7.0 1.0 7646416.70222085 749097.833747587 1.4352272727272728
58947.0406854 2458947.542373702 294.1992000094615 13.06586880935356 1.0 7.0 0.0 7646322.700395824 749062.0527157196 1.4352272727272728
58947.041981695 2458947.5436700066 296.06586480746046 14.932533607352525 1.0 7.0 1.0 7649846.832820285 749428.9556288157 1.4352272727272728
58947.04327799 2458947.5449663093 297.9325296054594 16.79919840535149 1.0 7.0 0.0 7648552.834978291 749282.0083681453 1.4352272727272728
58947.044574290005 2458947.5462626168 299.7992016118951 18.665870411787182 1.0 7.0 1.0 7649480.996035502 749389.6416193523 1.4352272727272728
58947.045870585 2458947.5475589186 301.6658664098941 20.532535209786147 1.0 7.0 0.0 7646894.39168867 749111.5878122556 1.4352272727272728
58947.04716688 2458947.5488552195 303.53253120789304 22.39920000778511 1.0 7.0 1.0 7650085.468430096 749449.2183251051 1.4352272727272728
58947.048463175 2458947.550151519 305.399196005892 24.265864805784076 1.0 7.0 0.0 7646445.440772743 749068.6918556696 1.4352272727272728
58947.049759475005 2458947.5514478222 307.2658680123277 26.13253681221977 1.0 7.0 1.0 7649841.887559996 749429.4321606981 1.4352272727272728
58947.05105577 2458947.55274412 309.13253281032667 27.999201610218734 1.0 7.0 0.0 7647889.753600668 749210.8524671457 1.4352272727272728
58947.052352065 2458947.5540404166 310.99919760832563 29.8658664082177 1.0 7.0 1.0 7650280.147744836 749465.5105118843 1.4352272727272728
58947.05364836 2458947.5553367124 312.8658624063246 31.732531206216663 1.0 7.0 0.0 7648808.342004593 749292.725811498 1.4352272727272728
58947.054944660005 2458947.556633012 314.7325344127603 33.599203212652355 1.0 7.0 1.0 7650556.47535958 749486.4980654569 1.4352272727272728
58947.056240955004 2458947.5579293054 316.59919921075925 35.46586801065132 1.0 7.0 0.0 7647471.812612745 749164.0254996435 1.4352272727272728
58947.05753725 2458947.559225599 318.4658640087582 37.332532808650285 1.0 7.0 1.0 7650414.016994961 749471.7365040613 1.4352272727272728
58947.058833545 2458947.560521891 320.3325288067572 39.19919760664925 1.0 7.0 0.0 7649272.285988135 749340.1241116791 1.4352272727272728
58947.060129845006 2458947.5618181876 322.1992008131929 41.06586961308494 1.0 7.0 1.0 7649864.333954031 749421.9893384062 1.4352272727272728
58947.061426140004 2458947.5631144783 324.06586561119184 42.93253441108391 1.0 7.0 0.0 7647889.813682275 749207.4878758525 1.4352272727272728
58947.062722435 2458947.564410769 325.9325304091908 44.79919920908287 1.0 7.0 1.0 7649552.091095284 749392.8602480517 1.4352272727272728
58947.06401873 2458947.565707059 327.79919520718977 46.66586400708184 1.0 7.0 0.0 7646710.7288529705 749091.0420444479 1.4352272727272728
58947.065315030006 2458947.567003354 329.66586721362546 48.53253601351753 1.0 7.0 1.0 7649144.690823301 749354.9694860687 1.4352272727272728
59120.318630155 2459120.8177504004 1.8658656044863164 1.8658656044863164 2.0 8.0 0.0 7586252.8006697865 743303.3656443286 1.4352272727272728
59120.319926455 2459120.819046701 3.73253760044463 3.73253760044463 2.0 8.0 1.0 7609821.690259861 745591.1249356504 1.4352272727272728
59120.321222750004 2459120.8203429957 5.5992024089209735 5.5992024089209735 2.0 8.0 0.0 7611330.429009875 745709.1970505613 1.4352272727272728
59120.322519045 2459120.82163929 7.465867206919938 7.465867206919938 2.0 8.0 1.0 7625049.526296048 747054.1682381287 1.4352272727272728
59120.32381534 2459120.822935584 9.332532004918903 9.332532004918903 2.0 8.0 0.0 7625108.0012095785 747029.5738103241 1.4352272727272728
59120.32511164 2459120.824231882 11.199204000877216 11.199204000877216 2.0 8.0 1.0 7636139.232430106 748112.1161495212 1.4352272727272728
59120.326407935 2459120.8255281746 13.065868798876181 13.065868798876181 2.0 8.0 0.0 7632028.05809142 747693.3504905152 1.4352272727272728
59120.32770423 2459120.8268244658 14.932533607352525 14.932533607352525 2.0 8.0 1.0 7641121.714241888 748589.1584273401 1.4352272727272728
59120.329000525 2459120.8281207564 16.79919840535149 16.79919840535149 2.0 8.0 0.0 7639546.710713057 748413.8101132226 1.4352272727272728
59120.330296825 2459120.829417051 18.665870401309803 18.665870401309803 2.0 8.0 1.0 7647440.049284273 749198.9482538365 1.4352272727272728
59120.331593120005 2459120.830713339 20.532535209786147 20.532535209786147 2.0 8.0 0.0 7643198.3766455585 748767.4905617853 1.4352272727272728
59120.332889415 2459120.832009626 22.39920000778511 22.39920000778511 2.0 8.0 1.0 7649261.773558241 749376.4467143067 1.4352272727272728
59120.334185715 2459120.833305917 24.265872003743425 24.265872003743425 2.0 8.0 0.0 7644771.33738189 748921.6458172179 1.4352272727272728
59120.33548201 2459120.8346022028 26.13253680174239 26.13253680174239 2.0 8.0 1.0 7649286.761370312 749379.074611155 1.4352272727272728
59120.336778305 2459120.8358984864 27.999201599741355 27.999201599741355 2.0 8.0 0.0 7647549.117504494 749184.875285122 1.4352272727272728
59120.338074600004 2459120.837194769 29.8658664082177 29.8658664082177 2.0 8.0 1.0 7652479.308038616 749681.8182963235 1.4352272727272728
59120.339370895 2459120.838491051 31.732531206216663 31.732531206216663 2.0 8.0 0.0 7647067.116037997 749140.3916969144 1.4352272727272728
59120.340667195 2459120.839787337 33.59920320217498 33.59920320217498 2.0 8.0 1.0 7652475.708106945 749688.213006471 1.4352272727272728
59120.341963490006 2459120.841083617 35.46586801065132 35.46586801065132 2.0 8.0 0.0 7648797.330469946 749302.3063480688 1.4352272727272728
59120.343259785004 2459120.842379896 37.332532808650285 37.332532808650285 2.0 8.0 1.0 7654098.89430173 749839.9542603468 1.4352272727272728
59120.344556085 2459120.8436761796 39.1992048046086 39.1992048046086 2.0 8.0 0.0 7650391.902928027 749449.9844459912 1.4352272727272728
59120.34585238 2459120.844972458 41.06586960260756 41.06586960260756 2.0 8.0 1.0 7653277.491132809 749756.5065761083 1.4352272727272728
59120.347148675 2459120.846268736 42.93253440060653 42.93253440060653 2.0 8.0 0.0 7650437.661309602 749463.7930986559 1.4352272727272728
59120.348444970004 2459120.847565013 44.79919920908287 44.79919920908287 2.0 8.0 1.0 7654757.597397422 749900.8513276431 1.4352272727272728
59120.349741265 2459120.8488612906 46.66586400708184 46.66586400708184 2.0 8.0 0.0 7649355.759390788 749355.9121319546 1.4352272727272728
59120.351037565 2459120.850157573 48.53253600304015 48.53253600304015 2.0 8.0 1.0 7654503.253228629 749875.251347284 1.4352272727272728
59120.382449785 2459120.8815695937 93.76613280270249 1.866132002323866 2.0 9.0 0.0 7635378.074895966 748027.6647356624 1.4352272727272728
59120.383746085 2459120.8828658946 95.6328047986608 3.7328039982821792 2.0 9.0 1.0 7643839.724017423 748862.6035505194 1.4352272727272728
59120.38504238 2459120.8841621904 97.49946960713714 5.599468806758523 2.0 9.0 0.0 7641781.711346664 748635.3631897805 1.4352272727272728
59120.38633849 2459120.8854583004 99.36586800729856 7.465867206919938 2.0 9.0 1.0 7646958.547326848 749156.9615419409 1.4352272727272728
59120.38763497 2459120.88675478 101.23279920313507 9.332798402756453 2.0 9.0 0.0 7645417.390956302 748987.1348203854 1.4352272727272728
59120.38893108 2459120.8880508896 103.09919760329649 11.199196802917868 2.0 9.0 1.0 7649836.418321045 749431.2654701273 1.4352272727272728
59120.390227565 2459120.8893473735 104.96613600756973 13.06613520719111 2.0 9.0 0.0 7645638.866608203 749000.7439698401 1.4352272727272728
59120.39152386 2459120.8906436665 106.8328008055687 14.932800005190074 2.0 9.0 1.0 7649330.543532397 749380.786470941 1.4352272727272728
59120.392820155 2459120.8919399586 108.69946560356766 16.79946480318904 2.0 9.0 0.0 7647340.045124713 749165.5110214181 1.4352272727272728
59120.39411627 2459120.89323607 110.56587120168842 18.665870401309803 2.0 9.0 1.0 7648262.505775369 749279.6065580269 1.4352272727272728
59120.395412750004 2459120.8945325455 112.43280240800232 20.532801607623696 2.0 9.0 0.0 7648129.897581007 749241.0372826682 1.4352272727272728
59120.396709045 2459120.8958288347 114.29946720600128 22.39946640562266 2.0 9.0 1.0 7651170.840689882 749556.9826030886 1.4352272727272728
59120.39800534 2459120.8971251226 116.16613200400025 24.266131203621626 2.0 9.0 0.0 7647946.141933671 749225.5925595823 1.4352272727272728
59120.399301640005 2459120.898421415 118.03280401043594 26.132803210057318 2.0 9.0 1.0 7650356.393529057 749473.8710484453 1.4352272727272728
59120.400597935004 2459120.8997177007 119.8994688084349 27.999468008056283 2.0 9.0 0.0 7648944.837424489 749316.3329079164 1.4352272727272728
59120.40189423 2459120.9010139853 121.76613360643387 29.866132806055248 2.0 9.0 1.0 7649714.716657098 749420.2985894248 1.4352272727272728
59120.403190525 2459120.902310269 123.63279840443283 31.732797604054213 2.0 9.0 0.0 7648373.3722997345 749261.7176599106 1.4352272727272728
59120.404486825 2459120.903606557 125.49947040039115 33.599469600012526 2.0 9.0 1.0 7651140.463285924 749558.8222998271 1.4352272727272728
59120.405783120004 2459120.9049028386 127.36613520886749 35.46613440848887 2.0 9.0 0.0 7647334.959675396 749165.8384265339 1.4352272727272728
59120.407079415 2459120.906199119 129.23280000686646 37.332799206487834 2.0 9.0 1.0 7652586.362299804 749697.008505757 1.4352272727272728
59120.408375715 2459120.9074954037 131.09947200282477 39.19947120244615 2.0 9.0 0.0 7647774.3008248005 749207.4501925685 1.4352272727272728
59120.40967201 2459120.908791683 132.96613680082373 41.06613600044511 2.0 9.0 1.0 7652480.7228230415 749682.9485549841 1.4352272727272728
59120.410968305 2459120.9100879612 134.8328015988227 42.93280079844408 2.0 9.0 0.0 7647659.492510528 749192.1094512587 1.4352272727272728
59120.4122646 2459120.9113842393 136.69946640729904 44.79946560692042 2.0 9.0 1.0 7650669.807853634 749504.9009420538 1.4352272727272728
59120.413560895 2459120.9126805165 138.566131205298 46.666130404919386 2.0 9.0 0.0 7648155.002755791 749237.2776942173 1.4352272727272728
59120.414857195 2459120.9139767997 140.43280320125632 48.5328024008777 2.0 9.0 1.0 7650683.350483341 749511.8090100477 1.4352272727272728
59120.44857238 2459120.947691755 188.9826696063392 1.865872802445665 2.0 10.0 0.0 7628863.23680295 747394.3273899785 1.4352272727272728
59120.449868675 2459120.9489880507 190.84933440433815 3.73253760044463 2.0 10.0 1.0 7636560.365623833 748165.2973695613 1.4352272727272728
59120.45116497 2459120.9502843465 192.71599920233712 5.599202398443595 2.0 10.0 0.0 7634139.837454311 747899.120841934 1.4352272727272728
59120.452461265 2459120.951580642 194.58266400033608 7.465867196442559 2.0 10.0 1.0 7640298.152191727 748520.3440523492 1.4352272727272728
59120.453757565 2459120.9528769418 196.44933600677177 9.332539202878252 2.0 10.0 0.0 7640062.873875984 748468.3897685183 1.4352272727272728
59120.45505386 2459120.954173236 198.31600080477074 11.199204000877216 2.0 10.0 1.0 7641705.0952495225 748650.7468715941 1.4352272727272728
59120.456350155 2459120.9554695305 200.1826656027697 13.065868798876181 2.0 10.0 0.0 7637671.533375785 748236.9516496097 1.4352272727272728
59120.457646455 2459120.9567658287 202.04933759872802 14.932540794834495 2.0 10.0 1.0 7641855.954887636 748663.4551280224 1.4352272727272728
59120.45894275 2459120.9580621207 203.91600240720436 16.79920560331084 2.0 10.0 0.0 7639194.601160596 748383.7987427226 1.4352272727272728
59120.460239045 2459120.959358412 205.78266720520332 18.665870401309803 2.0 10.0 1.0 7644053.143075047 748878.3070118522 1.4352272727272728
59120.46153534 2459120.9606547025 207.6493320032023 20.532535199308768 2.0 10.0 0.0 7640701.878330363 748526.2153650112 1.4352272727272728
59120.462831640005 2459120.961950997 209.51600400963798 22.39920720574446 2.0 10.0 1.0 7644112.359364059 748882.4517283071 1.4352272727272728
59120.464127935 2459120.9632472848 211.38266880763695 24.265872003743425 2.0 10.0 0.0 7641473.693043532 748601.2232003238 1.4352272727272728
59120.46542423 2459120.9645435717 213.2493336056359 26.13253680174239 2.0 10.0 1.0 7645581.118744018 749023.5295503684 1.4352272727272728
59120.466720525 2459120.965839858 215.11599840363488 27.999201599741355 2.0 10.0 0.0 7643468.769512762 748790.4822318418 1.4352272727272728
59120.468016825 2459120.967136148 216.9826703995932 29.865873595699668 2.0 10.0 1.0 7644316.33733221 748898.8467643583 1.4352272727272728
59120.469313120004 2459120.968432431 218.84933520806953 31.73253840417601 2.0 10.0 0.0 7640872.450502224 748546.195661721 1.4352272727272728
59120.470609415 2459120.969728714 220.7160000060685 33.59920320217498 2.0 10.0 1.0 7644592.80075545 748926.235199314 1.4352272727272728
59120.471905715 2459120.9710250003 222.5826720020268 35.46587519813329 2.0 10.0 0.0 7642959.1197158 748749.5903978259 1.4352272727272728
59120.473202010005 2459120.972321281 224.44933681050315 37.332540006609634 2.0 10.0 1.0 7644196.335392938 748889.8271728985 1.4352272727272728
59120.474498305004 2459120.9736175607 226.31600160850212 39.1992048046086 2.0 10.0 0.0 7642421.550178238 748693.6564018001 1.4352272727272728
59120.4757946 2459120.9749138397 228.18266640650108 41.06586960260756 2.0 10.0 1.0 7643532.205884607 748826.0821481744 1.4352272727272728
59120.477090895 2459120.9762101183 230.04933120450005 42.93253440060653 2.0 10.0 0.0 7640297.481875001 748487.2800855245 1.4352272727272728
59120.478387195 2459120.9775064015 231.91600320045836 44.79920639656484 2.0 10.0 1.0 7643769.700251141 748843.35588509 1.4352272727272728
59120.479683490004 2459120.9788026786 233.7826680089347 46.665871205041185 2.0 10.0 0.0 7640991.854474585 748549.8223197109 1.4352272727272728
59120.480979785 2459120.980098956 235.64933280693367 48.53253600304015 2.0 10.0 1.0 7645528.218468899 749011.6620377544 1.4352272727272728
59120.51469497 2459121.0138139124 284.19919920153916 1.865858396049589 2.0 11.0 0.0 7631631.225026128 747665.0158326343 1.4352272727272728
59120.515991265 2459121.015110208 286.0658639995381 3.7325231940485537 2.0 11.0 1.0 7638941.615681143 748390.7108816095 1.4352272727272728
59120.517287565 2459121.016406509 287.9325360059738 5.599195200484246 2.0 11.0 0.0 7638647.414702616 748333.9815929217 1.4352272727272728
59120.51858386 2459121.0177028044 289.7992008039728 7.465859998483211 2.0 11.0 1.0 7642989.986600212 748775.2285925803 1.4352272727272728
59120.519880155 2459121.0189991 291.66586560197175 9.332524796482176 2.0 11.0 0.0 7639468.220919698 748412.9152134182 1.4352272727272728
59120.521176455004 2459121.0202953997 293.53253760840744 11.199196802917868 2.0 11.0 1.0 7644891.814440874 748954.3544065969 1.4352272727272728
59120.52247275 2459121.0215916936 295.3992024064064 13.065861600916833 2.0 11.0 0.0 7640709.748500406 748524.5028292746 1.4352272727272728
59120.523769045 2459121.0228879866 297.26586720440537 14.932526398915797 2.0 11.0 1.0 7645961.555156507 749083.5581226544 1.4352272727272728
59120.52506534 2459121.024184279 299.13253200240433 16.799191196914762 2.0 11.0 0.0 7642054.519358482 748656.5682995911 1.4352272727272728
59120.526361640004 2459121.025480576 300.99920400884 18.665863203350455 2.0 11.0 1.0 7648012.0498880595 749280.2312774792 1.4352272727272728
59120.527657935 2459121.026776866 302.865868806839 20.53252800134942 2.0 11.0 0.0 7642386.792733194 748688.2083186081 1.4352272727272728
59120.52895423 2459121.0280731553 304.73253360483795 22.399192799348384 2.0 11.0 1.0 7647700.448729385 749226.6825216464 1.4352272727272728
59120.530250525 2459121.0293694437 306.5991984028369 24.26585759734735 2.0 11.0 0.0 7642615.091414577 748707.1615743428 1.4352272727272728
59120.531546825 2459121.0306657357 308.46587039879523 26.132529593305662 2.0 11.0 1.0 7647593.389346505 749220.8662404126 1.4352272727272728
59120.53284312 2459121.0319620213 310.3325352072716 27.999194401782006 2.0 11.0 0.0 7643493.8197022 748802.1234196683 1.4352272727272728
59120.534139415 2459121.033258306 312.19920000527054 29.86585919978097 2.0 11.0 1.0 7646458.366542615 749106.9667367447 1.4352272727272728
59120.535435715 2459121.034554595 314.06587200122885 31.732531195739284 2.0 11.0 0.0 7643449.452034885 748793.864568566 1.4352272727272728
59120.536732010005 2459121.0358508774 315.9325368097052 33.59919600421563 2.0 11.0 1.0 7647978.135466511 749252.2070793948 1.4352272727272728
59120.538028305 2459121.0371471588 317.79920160770416 35.46586080221459 2.0 11.0 0.0 7644490.193011432 748890.3997038078 1.4352272727272728
59120.5393246 2459121.038443439 319.6658664057031 37.33252560021356 2.0 11.0 1.0 7646266.935013912 749089.7928455949 1.4352272727272728
59120.540620895 2459121.0397397196 321.5325312037021 39.19919039821252 2.0 11.0 0.0 7643278.384365672 748776.0397226776 1.4352272727272728
59120.541917195 2459121.0410360033 323.3992031996604 41.065862394170836 2.0 11.0 1.0 7647539.4655898325 749212.7872808952 1.4352272727272728
59120.543213490004 2459121.042332282 325.26586800813675 42.93252720264718 2.0 11.0 0.0 7643268.496903437 748773.6972458045 1.4352272727272728
59120.544509785 2459121.0436285594 327.1325328061357 44.799192000646144 2.0 11.0 1.0 7646476.909095113 749101.6994201171 1.4352272727272728
59120.545806085 2459121.044924842 328.999204802094 46.66586399660446 2.0 11.0 0.0 7644261.017558432 748859.6034392997 1.4352272727272728
59120.547102380006 2459121.0462211194 330.86586961057037 48.5325288050808 2.0 11.0 1.0 7646672.9726208635 749120.4211732624 1.4352272727272728
59178.899314755 2459179.3987022704 1.8658655940089375 1.8658655940089375 3.0 12.0 0.0 7555945.193984848 740374.3986566475 1.4352272727272728
59178.900611054996 2459179.399998604 3.732537589967251 3.732537589967251 3.0 12.0 1.0 7586869.812546698 743390.8913523242 1.4352272727272728
59178.901907349995 2459179.401294932 5.599202387966216 5.599202387966216 3.0 12.0 0.0 7590407.534740884 743685.5339949115 1.4352272727272728
59178.903203645 2459179.4025912588 7.465867196442559 7.465867196442559 3.0 12.0 1.0 7604880.253730798 745120.379538612 1.4352272727272728
59178.90449994 2459179.4038875857 9.332531994441524 9.332531994441524 3.0 12.0 0.0 7606265.541786012 745208.5319567171 1.4352272727272728
59178.905796235 2459179.405183911 11.199196792440489 11.199196792440489 3.0 12.0 1.0 7619757.863709991 746551.8262348216 1.4352272727272728
59178.907092535 2459179.4064802397 13.065868798876181 13.065868798876181 3.0 12.0 0.0 7614395.264125207 745994.8171278511 1.4352272727272728
59178.90838883 2459179.407776562 14.932533596875146 14.932533596875146 3.0 12.0 1.0 7626626.991156222 747214.2627681613 1.4352272727272728
59178.909685125 2459179.4090728834 16.79919839487411 16.79919839487411 3.0 12.0 0.0 7624336.708044021 746944.2514186428 1.4352272727272728
59178.910981425 2459179.410369208 18.665870390832424 18.665870390832424 3.0 12.0 1.0 7630906.99486145 747626.7288731666 1.4352272727272728
59178.912277719995 2459179.4116655253 20.53253518883139 20.53253518883139 3.0 12.0 0.0 7625100.7032430675 747016.9348002585 1.4352272727272728
59178.913574015 2459179.412961841 22.399199997307733 22.399199997307733 3.0 12.0 1.0 7632697.478688575 747775.0485169439 1.4352272727272728
59178.91487031 2459179.4142581555 24.265864795306697 24.265864795306697 3.0 12.0 0.0 7628825.274726766 747371.230616171 1.4352272727272728
59178.91616661 2459179.4155544727 26.13253679126501 26.13253679126501 3.0 12.0 1.0 7635018.050942225 748018.1992691387 1.4352272727272728
59178.917462904996 2459179.4168507834 27.999201589263976 27.999201589263976 3.0 12.0 0.0 7633229.270615286 747794.3434098449 1.4352272727272728
59178.918759199994 2459179.418147092 29.86586638726294 29.86586638726294 3.0 12.0 1.0 7639546.091901312 748453.3279198154 1.4352272727272728
59178.920055495 2459179.4194433996 31.732531195739284 31.732531195739284 3.0 12.0 0.0 7633882.062419554 747853.7246788784 1.4352272727272728
59178.921351795 2459179.420739711 33.5992031916976 33.5992031916976 3.0 12.0 1.0 7639423.930738757 748443.0575327383 1.4352272727272728
59178.922648089996 2459179.422036015 35.46586798969656 35.46586798969656 3.0 12.0 0.0 7634749.976323075 747943.6595303494 1.4352272727272728
59178.923944385 2459179.423332318 37.332532798172906 37.332532798172906 3.0 12.0 1.0 7639710.859875737 748469.9353699555 1.4352272727272728
59178.925240685 2459179.4246286256 39.19920479413122 39.19920479413122 3.0 12.0 0.0 7636346.7365172515 748096.7921627841 1.4352272727272728
59178.92653698 2459179.425924927 41.065869592130184 41.065869592130184 3.0 12.0 1.0 7639718.9347012285 748473.8215025488 1.4352272727272728
59178.927833275 2459179.427221228 42.93253439012915 42.93253439012915 3.0 12.0 0.0 7637746.410036861 748236.7027257594 1.4352272727272728
59178.929129569995 2459179.428517528 44.799199188128114 44.799199188128114 3.0 12.0 1.0 7641650.215681166 748664.1213359566 1.4352272727272728
59178.96190735 2459179.4612957714 91.99920239509083 1.865872802445665 3.0 13.0 0.0 7621241.860880638 746644.8016000821 1.4352272727272728
59178.963203645 2459179.4625921003 93.8658671930898 3.73253760044463 3.0 13.0 1.0 7630520.500020277 747580.8502041295 1.4352272727272728
59178.964499940004 2459179.4638884296 95.73253200156614 5.5992024089209735 3.0 13.0 0.0 7626857.848823905 747178.5775597538 1.4352272727272728
59178.965796235 2459179.4651847584 97.5991967995651 7.465867206919938 3.0 13.0 1.0 7634368.18682755 747925.9436047736 1.4352272727272728
59178.967092535 2459179.466481092 99.46586879552342 9.332539202878252 3.0 13.0 0.0 7631724.359816123 747646.2506894182 1.4352272727272728
59178.96838883 2459179.46777742 101.33253359352238 11.199204000877216 3.0 13.0 1.0 7636525.572151635 748156.7225298033 1.4352272727272728
59178.969685125 2459179.4690737473 103.19919839152135 13.065868798876181 3.0 13.0 0.0 7633095.851894928 747783.4587734422 1.4352272727272728
59178.970981425 2459179.4703700785 105.06587039795704 14.932540805311874 3.0 13.0 1.0 7638495.308148088 748347.9387737373 1.4352272727272728
59178.97227772 2459179.4716664036 106.932535195956 16.79920560331084 3.0 13.0 0.0 7633219.453035155 747794.8096587246 1.4352272727272728
59178.973574015 2459179.4729627273 108.79919999395497 18.665870401309803 3.0 13.0 1.0 7639327.060320697 748430.3122410921 1.4352272727272728
59178.974870310005 2459179.4742590496 110.66586480243132 20.532535209786147 3.0 13.0 0.0 7635584.879803298 748018.8856071386 1.4352272727272728
59178.976166609995 2459179.475555375 112.53253678791225 22.39920719526708 3.0 13.0 1.0 7640441.0219506 748539.8758871909 1.4352272727272728
59178.977462905 2459179.4768516943 114.3992015963886 24.265872003743425 3.0 13.0 0.0 7635918.602376022 748053.3135291771 1.4352272727272728
59178.9787592 2459179.478148011 116.26586639438756 26.13253680174239 3.0 13.0 1.0 7642155.632914176 748702.5469497199 1.4352272727272728
59178.980055495 2459179.479444327 118.13253119238652 27.999201599741355 3.0 13.0 0.0 7636740.598145857 748132.2925921457 1.4352272727272728
59178.981351795 2459179.4807406454 119.99920319882222 29.865873606177047 3.0 13.0 1.0 7639615.58528465 748459.6110259456 1.4352272727272728
59178.98264809 2459179.4820369575 121.86586799682118 31.73253840417601 3.0 13.0 0.0 7635109.76426794 747975.4006827677 1.4352272727272728
59178.983944385 2459179.4833332673 123.73253279482014 33.59920320217498 3.0 13.0 1.0 7640982.872265329 748594.0017674163 1.4352272727272728
59178.985240685 2459179.4846295808 125.59920479077846 35.46587519813329 3.0 13.0 0.0 7636480.138526105 748107.8855231314 1.4352272727272728
59178.986536979995 2459179.485925888 127.46586958877742 37.332539996132255 3.0 13.0 1.0 7639058.126008198 748406.6450264859 1.4352272727272728
59178.987833275 2459179.4872221933 129.33253439725377 39.1992048046086 3.0 13.0 0.0 7636108.1695317505 748070.9543064429 1.4352272727272728
59178.98912957 2459179.4885184974 131.19919919525273 41.06586960260756 3.0 13.0 1.0 7640070.38286216 748500.5249873031 1.4352272727272728
59178.990425865 2459179.4898148007 133.0658639932517 42.93253440060653 3.0 13.0 0.0 7634944.379163644 747962.2754760713 1.4352272727272728
59178.991722164996 2459179.4911111076 134.93253598921 44.79920639656484 3.0 13.0 1.0 7640665.032649009 748561.8296536515 1.4352272727272728
59178.993018459994 2459179.4924074085 136.79920078720897 46.665871194563806 3.0 13.0 0.0 7636319.250283111 748092.719358107 1.4352272727272728
59178.994314755 2459179.493703709 138.66586559568532 48.53253600304015 3.0 13.0 1.0 7640073.966580797 748511.8005135191 1.4352272727272728
59179.028087905 2459179.527477328 187.29920159094036 1.865872791968286 3.0 14.0 0.0 7615644.016845864 746102.0858106483 1.4352272727272728
59179.029384199996 2459179.528773657 189.16586638893932 3.732537589967251 3.0 14.0 1.0 7625250.146030751 747075.5948086415 1.4352272727272728
59179.030680494994 2459179.5300699864 191.0325311869383 5.599202387966216 3.0 14.0 0.0 7623311.448766112 746841.3058060083 1.4352272727272728
59179.031976795 2459179.5313663203 192.89920319337398 7.465874394401908 3.0 14.0 1.0 7627416.84588777 747284.4562411712 1.4352272727272728
59179.03327309 2459179.532662649 194.76586799137294 9.332539192400873 3.0 14.0 0.0 7625523.616864194 747053.5806095308 1.4352272727272728
59179.034569384996 2459179.533958977 196.6325327893719 11.199203990399837 3.0 14.0 1.0 7628485.142359004 747382.5816751143 1.4352272727272728
59179.035865679994 2459179.5352553045 198.49919758737087 13.065868788398802 3.0 14.0 0.0 7627146.351362288 747209.9809544602 1.4352272727272728
59179.03716198 2459179.5365516357 200.36586959380656 14.932540794834495 3.0 14.0 1.0 7630620.386713288 747593.0287387451 1.4352272727272728
59179.038458275 2459179.537847961 202.23253439180553 16.79920559283346 3.0 14.0 0.0 7626371.74135893 747135.2845973355 1.4352272727272728
59179.039754569996 2459179.5391442846 204.0991991898045 18.665870390832424 3.0 14.0 1.0 7631984.199966973 747728.1928278665 1.4352272727272728
59179.04105087 2459179.5404406115 205.9658711962402 20.532542397268116 3.0 14.0 0.0 7627541.734880903 747249.8848144735 1.4352272727272728
59179.042347165 2459179.541736932 207.83253599423915 22.39920719526708 3.0 14.0 1.0 7631371.275931602 747668.4816698086 1.4352272727272728
59179.04364346 2459179.5430332515 209.69920079223812 24.265871993266046 3.0 14.0 0.0 7627905.959350127 747283.8872998763 1.4352272727272728
59179.044939755 2459179.5443295687 211.56586559023708 26.13253679126501 3.0 14.0 1.0 7632714.619499951 747796.6487883638 1.4352272727272728
59179.046236049995 2459179.545625884 213.43253038823605 27.999201589263976 3.0 14.0 0.0 7626932.65799247 747186.40798131 1.4352272727272728
59179.04753235 2459179.5469222027 215.29920239467174 29.865873595699668 3.0 14.0 1.0 7633181.189672913 747842.4295344544 1.4352272727272728
59179.048828645 2459179.548218515 217.1658671926707 31.732538393698633 3.0 14.0 0.0 7628552.766249312 747344.0673816516 1.4352272727272728
59179.05012494 2459179.5495148245 219.03253199066967 33.5992031916976 3.0 14.0 1.0 7632215.559873805 747751.0911449059 1.4352272727272728
59179.05142124 2459179.550811138 220.89920399710536 35.46587519813329 3.0 14.0 0.0 7629891.302137805 747474.7163533942 1.4352272727272728
59179.052717535 2459179.5521074445 222.76586879510432 37.332539996132255 3.0 14.0 1.0 7633213.398990531 747843.6443175697 1.4352272727272728
59179.05401383 2459179.5534037505 224.6325335931033 39.19920479413122 3.0 14.0 0.0 7627635.058898073 747256.4687007015 1.4352272727272728
59179.055310125 2459179.554700054 226.49919839110225 41.065869592130184 3.0 14.0 1.0 7634304.68436154 747951.8836443739 1.4352272727272728
59179.056606425 2459179.555996362 228.36587039753795 42.93254159856588 3.0 14.0 0.0 7629582.764048664 747443.9177323135 1.4352272727272728
59179.05790272 2459179.557292664 230.2325351955369 44.79920639656484 3.0 14.0 1.0 7632399.714023641 747769.3150989724 1.4352272727272728
59179.059199015 2459179.5585889653 232.09919999353588 46.665871194563806 3.0 14.0 0.0 7630125.11456643 747499.5334898137 1.4352272727272728
59179.06049531 2459179.559885266 233.96586479153484 48.53253599256277 3.0 14.0 1.0 7633174.902119705 747850.6599060786 1.4352272727272728
59179.09426846 2459179.5936588855 282.59920079726726 1.865872802445665 3.0 15.0 0.0 7617830.153428883 746310.1284092149 1.4352272727272728
59179.095564755 2459179.594955215 284.4658655952662 3.73253760044463 3.0 15.0 1.0 7628025.10216692 747342.1038184046 1.4352272727272728
59179.096861055004 2459179.5962515497 286.3325376017019 5.599209606880322 3.0 15.0 0.0 7626594.406108365 747151.5039569912 1.4352272727272728
59179.09815735 2459179.5975478785 288.1992023997009 7.465874404879287 3.0 15.0 1.0 7632030.514567923 747726.9222393298 1.4352272727272728
59179.099453645 2459179.5988442074 290.06586719769984 9.332539202878252 3.0 15.0 0.0 7626966.879639549 747191.4032325175 1.4352272727272728
59179.10074994 2459179.6001405357 291.9325319956988 11.199204000877216 3.0 15.0 1.0 7631655.294025935 747686.4716092555 1.4352272727272728
59179.102046235 2459179.6014368627 293.7991967936978 13.065868798876181 3.0 15.0 0.0 7629341.66523296 747417.5943389385 1.4352272727272728
59179.103342535 2459179.6027331944 295.66586880013347 14.932540805311874 3.0 15.0 1.0 7633699.578143755 747888.7075495626 1.4352272727272728
59179.10463883 2459179.604029519 297.53253359813243 16.79920560331084 3.0 15.0 0.0 7630809.670859972 747583.7646333242 1.4352272727272728
59179.105935125 2459179.605325843 299.3991983961314 18.665870401309803 3.0 15.0 1.0 7632568.5825507445 747781.9546613371 1.4352272727272728
59179.107231425 2459179.6066221707 301.2658703920897 20.532542397268116 3.0 15.0 0.0 7630735.061359757 747551.8540079198 1.4352272727272728
59179.10852772 2459179.607918491 303.13253520056605 22.39920720574446 3.0 15.0 1.0 7634462.336302457 747962.750192691 1.4352272727272728
59179.109824015 2459179.6092148097 304.999199998565 24.265872003743425 3.0 15.0 0.0 7631147.745436415 747591.0181420003 1.4352272727272728
59179.11112031 2459179.6105111274 306.865864796564 26.13253680174239 3.0 15.0 1.0 7636307.903721391 748140.8433437932 1.4352272727272728
59179.112416610005 2459179.611807448 308.7325368029997 27.999208808178082 3.0 15.0 0.0 7631211.604097828 747595.9124718022 1.4352272727272728
59179.113712905004 2459179.613103761 310.59920160099864 29.865873606177047 3.0 15.0 1.0 7636147.157492401 748125.0945391504 1.4352272727272728
59179.1150092 2459179.614400073 312.4658663989976 31.73253840417601 3.0 15.0 0.0 7630468.48313503 747526.22396725 1.4352272727272728
59179.116305495 2459179.615696383 314.33253119699657 33.59920320217498 3.0 15.0 1.0 7634935.461365396 748012.5163046854 1.4352272727272728
59179.117601795 2459179.6169926967 316.1992031929549 35.46587519813329 3.0 15.0 0.0 7631766.493935231 747649.7325557924 1.4352272727272728
59179.118898090004 2459179.618289003 318.0658680014312 37.332540006609634 3.0 15.0 1.0 7635641.7894143015 748082.3368958912 1.4352272727272728
59179.120194385 2459179.6195853082 319.9325327994302 39.1992048046086 3.0 15.0 0.0 7630605.016740987 747542.7774932756 1.4352272727272728
59179.121490685 2459179.620881617 321.7992047953885 41.06587680056691 3.0 15.0 1.0 7636188.874181966 748131.0408413591 1.4352272727272728
59179.12278698 2459179.6221779203 323.66586959338747 42.93254159856588 3.0 15.0 0.0 7632620.00670206 747736.3147993401 1.4352272727272728
59179.124083275 2459179.623474222 325.53253439138643 44.79920639656484 3.0 15.0 1.0 7636627.624132959 748179.0558970908 1.4352272727272728
59179.12537957 2459179.624770523 327.3991991998628 46.665871205041185 3.0 15.0 0.0 7631906.050059852 747669.851092446 1.4352272727272728
59179.126675865 2459179.6260668235 329.26586399786174 48.53253600304015 3.0 15.0 1.0 7637250.3448181655 748243.0798402936 1.4352272727272728
59269.031274124995 2459269.53252416 1.8661391898058355 1.8661391898058355 4.0 16.0 0.0 7545552.664932957 739380.8212938572 1.4352272727272728
59269.03257042 2459269.5338204913 3.7328039982821792 3.7328039982821792 4.0 16.0 1.0 7585296.190911998 743242.25682251 1.4352272727272728
59269.033866715006 2459269.535116822 5.599468806758523 5.599468806758523 4.0 16.0 0.0 7588373.904343026 743491.2859184418 1.4352272727272728
59269.035163010005 2459269.536413152 7.466133604757488 7.466133604757488 4.0 16.0 1.0 7609233.078712831 745539.1387927539 1.4352272727272728
59269.036459309995 2459269.5377094857 9.332805590238422 9.332805590238422 4.0 16.0 0.0 7608377.911171493 745408.5560787171 1.4352272727272728
59269.03775560499 2459269.539005813 11.199470388237387 11.199470388237387 4.0 16.0 1.0 7622930.078373205 746852.4700126296 1.4352272727272728
59269.0390519 2459269.54030214 13.06613519671373 13.06613519671373 4.0 16.0 0.0 7620862.510513054 746609.7887676579 1.4352272727272728
59269.040348195005 2459269.5415984653 14.932800005190074 14.932800005190074 4.0 16.0 1.0 7630548.491982953 747584.1180708035 1.4352272727272728
59269.041644494995 2459269.542894794 16.79947199067101 16.79947199067101 4.0 16.0 0.0 7627162.452802441 747210.846940594 1.4352272727272728
59269.04294079 2459269.544191116 18.666136799147353 18.666136799147353 4.0 16.0 1.0 7635036.170333609 748011.8079982501 1.4352272727272728
59269.04423708501 2459269.545487437 20.532801607623696 20.532801607623696 4.0 16.0 0.0 7631370.937701489 747608.348139489 1.4352272727272728
59269.045533380006 2459269.5467837555 22.39946640562266 22.39946640562266 4.0 16.0 1.0 7636212.381588437 748124.993468143 1.4352272727272728
59269.046829679995 2459269.5480800774 24.266138391103595 24.266138391103595 4.0 16.0 0.0 7633431.276213358 747809.1820498733 1.4352272727272728
59269.048125789996 2459269.549376208 26.13253679126501 26.13253679126501 4.0 16.0 1.0 7640196.733778988 748502.9198024868 1.4352272727272728
59269.049422085 2459269.5506725213 27.999201599741355 27.999201599741355 4.0 16.0 0.0 7637562.014210383 748202.6519054183 1.4352272727272728
59269.050718385 2459269.551968838 29.865873595699668 29.865873595699668 4.0 16.0 1.0 7641928.61056808 748666.9553756817 1.4352272727272728
59269.05201468 2459269.5532651492 31.732538393698633 31.732538393698633 4.0 16.0 0.0 7638874.162696687 748326.5395075893 1.4352272727272728
59269.053310974996 2459269.5545614576 33.5992031916976 33.5992031916976 4.0 16.0 1.0 7643134.89511834 748776.9313782428 1.4352272727272728
59269.054607269994 2459269.555857765 35.46586798969656 35.46586798969656 4.0 16.0 0.0 7638715.070111177 748305.4878289106 1.4352272727272728
59269.055903565 2459269.557154072 37.332532798172906 37.332532798172906 4.0 16.0 1.0 7645182.029050473 748978.6709366579 1.4352272727272728
59269.057199865 2459269.558450382 39.19920479413122 39.19920479413122 4.0 16.0 0.0 7641247.622459524 748549.1932625234 1.4352272727272728
59269.058496159996 2459269.559746687 41.065869592130184 41.065869592130184 4.0 16.0 1.0 7644462.844730515 748907.5823220871 1.4352272727272728
59269.059792455 2459269.5610429905 42.93253440060653 42.93253440060653 4.0 16.0 0.0 7640330.660870858 748466.0497019861 1.4352272727272728
59269.061088755 2459269.562339299 44.79920639656484 44.79920639656484 4.0 16.0 1.0 7645158.29584621 748976.7765086001 1.4352272727272728
59269.06238505 2459269.5636356026 46.665871194563806 46.665871194563806 4.0 16.0 0.0 7642779.9484477835 748702.9100474595 1.4352272727272728
59269.063681345 2459269.5649319054 48.53253599256277 48.53253599256277 4.0 16.0 1.0 7645680.789748794 749025.4762566902 1.4352272727272728
59269.097373565004 2459269.5986247375 97.04933280358091 1.8658656044863164 4.0 17.0 0.0 7625569.425974325 747063.7742312434 1.4352272727272728
59269.098669865 2459269.5999210733 98.91600479953922 3.73253760044463 4.0 17.0 1.0 7635432.82603622 748034.0918068134 1.4352272727272728
59269.09996616 2459269.6012174035 100.78266959753819 5.599202398443595 4.0 17.0 0.0 7635026.789644006 747965.2029622528 1.4352272727272728
59269.101262455 2459269.6025137333 102.64933439553715 7.465867196442559 4.0 17.0 1.0 7639602.037059245 748454.7109782774 1.4352272727272728
59269.102558754996 2459269.6038100673 104.51600639149547 9.332539192400873 4.0 17.0 0.0 7638707.9522883175 748317.2995802963 1.4352272727272728
59269.103855049994 2459269.605106395 106.38267118949443 11.199203990399837 4.0 17.0 1.0 7640176.296009777 748506.7541733027 1.4352272727272728
59269.105151345 2459269.6064027217 108.24933599797077 13.065868798876181 4.0 17.0 0.0 7639311.713198594 748374.0056840172 1.4352272727272728
59269.10644764 2459269.607699047 110.11600079596974 14.932533596875146 4.0 17.0 1.0 7642967.920474378 748776.3158549014 1.4352272727272728
59269.107743935 2459269.6089953706 111.9826655939687 16.79919839487411 4.0 17.0 0.0 7640646.149838802 748501.3996033926 1.4352272727272728
59269.109040235 2459269.610291698 113.8493376004044 18.665870401309803 4.0 17.0 1.0 7643993.456437894 748871.2933917127 1.4352272727272728
59269.11033653 2459269.611588018 115.71600239840336 20.532535199308768 4.0 17.0 0.0 7640716.568601615 748508.2194547058 1.4352272727272728
59269.111632825 2459269.612884337 117.58266719640233 22.399199997307733 4.0 17.0 1.0 7643599.612072529 748834.305540363 1.4352272727272728
59269.112929124996 2459269.614180659 119.44933919236064 24.265871993266046 4.0 17.0 0.0 7641039.382019106 748537.9464724436 1.4352272727272728
59269.114225419995 2459269.6154769748 121.3160039903596 26.13253679126501 4.0 17.0 1.0 7645815.294301928 749041.3953206311 1.4352272727272728
59269.115521715 2459269.616773288 123.18266879883595 27.999201599741355 4.0 17.0 0.0 7640040.050351701 748440.8231028174 1.4352272727272728
59269.11681801 2459269.6180696 125.04933359683491 29.86586639774032 4.0 17.0 1.0 7646013.435361962 749064.9896393239 1.4352272727272728
59269.11811431 2459269.619365915 126.91600559279323 31.732538393698633 4.0 17.0 0.0 7641352.795012947 748564.3739458007 1.4352272727272728
59269.119410605 2459269.6206622245 128.78267040126957 33.59920320217498 4.0 17.0 1.0 7644848.426316051 748947.6065996888 1.4352272727272728
59269.1207069 2459269.6219585324 130.64933519926853 35.46586800017394 4.0 17.0 0.0 7639075.985212098 748347.1827119458 1.4352272727272728
59269.122003195 2459269.6232548384 132.5159999972675 37.332532798172906 4.0 17.0 1.0 7643305.667663153 748796.8011348597 1.4352272727272728
59269.123299495 2459269.624551149 134.3826719932258 39.19920479413122 4.0 17.0 0.0 7639166.487113079 748352.9723404323 1.4352272727272728
59269.124595789996 2459269.6258474537 136.24933679122478 41.065869592130184 4.0 17.0 1.0 7643202.886537407 748790.5591683254 1.4352272727272728
59269.125892085 2459269.627143758 138.11600159970112 42.93253440060653 4.0 17.0 0.0 7640617.3244001465 748492.8062880631 1.4352272727272728
59269.127188385 2459269.6284400662 139.98267359565943 44.79920639656484 4.0 17.0 1.0 7642835.309847895 748755.8511154896 1.4352272727272728
59269.12848468 2459269.6297363695 141.8493383936584 46.665871194563806 4.0 17.0 0.0 7641582.680705482 748581.3251662775 1.4352272727272728
59269.129780974996 2459269.6310326727 143.71600319165736 48.53253599256277 4.0 17.0 1.0 7643965.818010827 748859.8682539237 1.4352272727272728
59269.163473010005 2459269.664725318 192.23253360483795 1.8658656044863164 4.0 18.0 0.0 7619915.80262007 746518.4201643124 1.4352272727272728
59269.164769309995 2459269.666021654 194.0992055903189 3.732537589967251 4.0 18.0 1.0 7626991.6946984 747199.9895169514 1.4352272727272728
59269.16606560499 2459269.667317984 195.96587038831785 5.599202387966216 4.0 18.0 0.0 7626870.379853451 747185.1943982772 1.4352272727272728
59269.1673619 2459269.668614314 197.8325351967942 7.465867196442559 4.0 18.0 1.0 7634328.642593029 747927.612461035 1.4352272727272728
59269.168658195005 2459269.669910643 199.69920000527054 9.332532004918903 4.0 18.0 0.0 7629947.91111557 747479.9829709008 1.4352272727272728
59269.169954494995 2459269.6712069754 201.56587199075148 11.199203990399837 4.0 18.0 1.0 7633223.682573658 747819.3009514844 1.4352272727272728
59269.17125079 2459269.672503302 203.43253679922782 13.065868798876181 4.0 18.0 0.0 7631820.282374603 747655.5663308792 1.4352272727272728
59269.17254708501 2459269.6737996275 205.29920160770416 14.932533607352525 4.0 18.0 1.0 7634568.016259856 747965.2231807415 1.4352272727272728
59269.173843380006 2459269.6750959507 207.16586640570313 16.79919840535149 4.0 18.0 0.0 7631520.430946852 747621.5861028921 1.4352272727272728
59269.175139679995 2459269.676392278 209.03253839118406 18.665870390832424 4.0 18.0 1.0 7634878.225175928 747973.9695050304 1.4352272727272728
59269.176435974994 2459269.677688598 210.89920318918303 20.53253518883139 4.0 18.0 0.0 7632509.334894806 747724.2428488792 1.4352272727272728
59269.17773227 2459269.6789849172 212.76586799765937 22.399199997307733 4.0 18.0 1.0 7635876.96874802 748069.7677426809 1.4352272727272728
59269.17902857 2459269.6802812396 214.63253999361768 24.265871993266046 4.0 18.0 0.0 7633311.920743131 747794.7956020741 1.4352272727272728
59269.180324864996 2459269.681577555 216.49920479161665 26.13253679126501 4.0 18.0 1.0 7637664.480501728 748286.7143085201 1.4352272727272728
59269.181621159994 2459269.6828738684 218.3658695896156 27.999201589263976 4.0 18.0 0.0 7634758.502598383 747936.2109770428 1.4352272727272728
59269.18291745499 2459269.6841701805 220.23253438761458 29.86586638726294 4.0 18.0 1.0 7637008.897534966 748218.2226697458 1.4352272727272728
59269.18421375 2459269.685466491 222.09919919609092 31.732531195739284 4.0 18.0 0.0 7632529.56844011 747712.9314603475 1.4352272727272728
59269.185510049996 2459269.686762805 223.96587119204924 33.5992031916976 4.0 18.0 1.0 7634884.432240917 747945.6940391626 1.4352272727272728
59269.186806344995 2459269.6880591125 225.8325359900482 35.46586798969656 4.0 18.0 0.0 7634974.922270945 747952.2349794713 1.4352272727272728
59269.18810264 2459269.6893554195 227.69920079852454 37.332532798172906 4.0 18.0 1.0 7640052.159268587 748484.0111844203 1.4352272727272728
59269.18939894 2459269.6906517297 229.56587279448286 39.19920479413122 4.0 18.0 0.0 7637963.334214578 748238.4113037727 1.4352272727272728
59269.190695235 2459269.6919480343 231.43253759248182 41.065869592130184 4.0 18.0 1.0 7639611.92723907 748443.1326833118 1.4352272727272728
59269.191991529995 2459269.6932443385 233.2992023904808 42.93253439012915 4.0 18.0 0.0 7638073.547036341 748247.7157958813 1.4352272727272728
59269.19328782499 2459269.694540642 235.16586718847975 44.799199188128114 4.0 18.0 1.0 7639551.887975237 748434.746209423 1.4352272727272728
59269.194584125 2459269.6958369506 237.03253919491544 46.665871194563806 4.0 18.0 0.0 7637255.843440304 748169.9092104367 1.4352272727272728
59269.19588042 2459269.697133254 238.8992039929144 48.53253599256277 4.0 18.0 1.0 7640566.119934629 748534.5476176189 1.4352272727272728
59269.229584125 2459269.7308375677 287.4325391999446 1.865872802445665 4.0 19.0 0.0 7624211.500668838 746927.9930164118 1.4352272727272728
59269.23088042 2459269.732133899 289.29920399794355 3.73253760044463 4.0 19.0 1.0 7632451.034574067 747745.4431113583 1.4352272727272728
59269.232176715 2459269.7334302287 291.1658687959425 5.599202398443595 4.0 19.0 0.0 7630857.918842415 747567.079568235 1.4352272727272728
59269.23347301 2459269.7347265584 293.0325335939415 7.465867196442559 4.0 19.0 1.0 7635644.214848679 748051.1106591268 1.4352272727272728
59269.23476931 2459269.736022892 294.8992056003772 9.332539202878252 4.0 19.0 0.0 7633016.683612455 747770.1578763684 1.4352272727272728
59269.236065605 2459269.73731922 296.76587039837614 11.199204000877216 4.0 19.0 1.0 7636558.208460328 748167.3829552433 1.4352272727272728
59269.2373619 2459269.7386155464 298.6325351963751 13.065868798876181 4.0 19.0 0.0 7634314.3008662155 747897.0032385181 1.4352272727272728
59269.238658195 2459269.7399118715 300.49919999437407 14.932533596875146 4.0 19.0 1.0 7637826.409039029 748235.1621234042 1.4352272727272728
59269.239954495 2459269.7412082 302.36587200080976 16.79920560331084 4.0 19.0 0.0 7634122.662494565 747875.426957484 1.4352272727272728
59269.24125079 2459269.742504522 304.2325367988087 18.665870401309803 4.0 19.0 1.0 7639675.029552915 748439.3828645466 1.4352272727272728
59269.242547085 2459269.7438008427 306.0992015968077 20.532535199308768 4.0 19.0 0.0 7636266.783600448 748079.1476287368 1.4352272727272728
59269.24384338 2459269.7450971613 307.96586639480665 22.399199997307733 4.0 19.0 1.0 7639342.687377673 748403.292219024 1.4352272727272728
59269.24513968 2459269.7463934836 309.83253840124235 24.265872003743425 4.0 19.0 0.0 7635518.465817681 748007.4373497507 1.4352272727272728
59269.246435975 2459269.747689799 311.6992031992413 26.13253680174239 4.0 19.0 1.0 7639105.69751076 748402.8895417454 1.4352272727272728
59269.24773227 2459269.748986113 313.5658679972403 27.999201599741355 4.0 19.0 0.0 7635846.769515789 748037.4742143438 1.4352272727272728
59269.249028570004 2459269.7502824296 315.43254000367597 29.865873606177047 4.0 19.0 1.0 7639463.846215687 748410.0962044757 1.4352272727272728
59269.250324865 2459269.7515787403 317.29920480167493 31.73253840417601 4.0 19.0 0.0 7636113.790428017 748061.6147884157 1.4352272727272728
59269.25162116 2459269.7528750496 319.1658695996739 33.59920320217498 4.0 19.0 1.0 7639064.28614119 748372.2123678697 1.4352272727272728
59269.252917455 2459269.754171357 321.03253439767286 35.46586800017394 4.0 19.0 0.0 7637364.312019935 748175.6780630402 1.4352272727272728
59269.25421375 2459269.7554676635 322.8991991956718 37.332532798172906 4.0 19.0 1.0 7639857.816763592 748442.3935639829 1.4352272727272728
59269.25551005 2459269.756763974 324.7658712021075 39.1992048046086 4.0 19.0 0.0 7634922.264852914 747943.1214971349 1.4352272727272728
59269.256806345 2459269.7580602793 326.6325360001065 41.06586960260756 4.0 19.0 1.0 7637902.110390186 748262.2481290892 1.4352272727272728
59269.25810264 2459269.759356583 328.49920079810545 42.93253440060653 4.0 19.0 0.0 7635818.500719494 748027.0097885282 1.4352272727272728
59269.259398940005 2459269.760652892 330.36587280454114 44.79920640704222 4.0 19.0 1.0 7637355.297694253 748207.6490124551 1.4352272727272728
59269.260695235 2459269.761949195 332.2325376025401 46.665871205041185 4.0 19.0 0.0 7636571.267670826 748100.7905625594 1.4352272727272728
59269.26199153 2459269.7632454988 334.09920240053907 48.53253600304015 4.0 19.0 1.0 7639849.040747598 748445.7223412686 1.4352272727272728
