# %ECSV 0.9
# ---
# datatype:
# - {name: t_mjd, datatype: float64}
# - {name: t_bjd, datatype: float64}
# - {name: t_visit, datatype: float64}
# - {name: t_orbit, datatype: float64}
# - {name: ivisit, datatype: float64}
# - {name: iorbit, datatype: float64}
# - {name: scan, datatype: float64}
# - {name: spec_opt, datatype: float64}
# - {name: var_opt, datatype: float64}
# - {name: wave, datatype: float64}
# schema: astropy-2.0
t_mjd t_bjd t_visit t_orbit ivisit iorbit scan spec_opt var_opt wave
58888.252084215 2458888.753034453 1.8658655940089375 1.8658655940089375 0.0 0.0 0.0 7468486.226110269 731888.2881604946 1.2443181818181817
58888.253380509996 2458888.7543307883 3.7325303920079023 3.7325303920079023 0.0 0.0 1.0 7513411.1877507875 736225.4492248895 1.2443181818181817
58888.25467699 2458888.755627308 5.5994615983217955 5.5994615983217955 0.0 0.0 0.0 7524078.204781391 737224.0152939558 1.2443181818181817
58888.255973105 2458888.756923462 7.465867196442559 7.465867196442559 0.0 0.0 1.0 7547886.62194243 739558.0001539907 1.2443181818181817
58888.2572694 2458888.7582197953 9.332531994441524 9.332531994441524 0.0 0.0 0.0 7550377.889115769 739739.9413932877 1.2443181818181817
58888.258565694996 2458888.7595161274 11.199196792440489 11.199196792440489 0.0 0.0 1.0 7562414.659765457 740953.5150255691 1.2443181818181817
58888.259861989995 2458888.7608124586 13.065861590439454 13.065861590439454 0.0 0.0 0.0 7563289.765741376 740988.6771946063 1.2443181818181817
58888.261158285 2458888.7621087884 14.932526398915797 14.932526398915797 0.0 0.0 1.0 7571964.76883533 741839.5067778549 1.2443181818181817
58888.262454585 2458888.763405122 16.79919839487411 16.79919839487411 0.0 0.0 0.0 7571951.807083216 741819.9125556141 1.2443181818181817
58888.263750879996 2458888.7647014484 18.665863192873076 18.665863192873076 0.0 0.0 1.0 7577788.31883061 742399.8262404707 1.2443181818181817
58888.265047175 2458888.765997773 20.53252800134942 20.53252800134942 0.0 0.0 0.0 7576827.057208195 742285.8343910426 1.2443181818181817
58888.266343475 2458888.7672941014 22.399199997307733 22.399199997307733 0.0 0.0 1.0 7581077.076527531 742713.3091291895 1.2443181818181817
58888.26763977 2458888.7685904233 24.265864795306697 24.265864795306697 0.0 0.0 0.0 7581723.447024426 742751.3522896912 1.2443181818181817
58888.268936065 2458888.7698867433 26.132529593305662 26.132529593305662 0.0 0.0 1.0 7584904.571855699 743103.3903978377 1.2443181818181817
58888.270232359995 2458888.7711830614 27.999194391304627 27.999194391304627 0.0 0.0 0.0 7582226.131766644 742795.7571111256 1.2443181818181817
58888.27152866 2458888.772479383 29.86586639774032 29.86586639774032 0.0 0.0 1.0 7586909.625171433 743271.7341142155 1.2443181818181817
58888.272824955 2458888.773775698 31.732531195739284 31.732531195739284 0.0 0.0 0.0 7586390.8895900315 743195.3492794049 1.2443181818181817
58888.274121434995 2458888.7750721965 33.5994623915758 33.5994623915758 0.0 0.0 1.0 7590662.708811344 743658.5387607033 1.2443181818181817
58888.275417545 2458888.776368324 35.46586080221459 35.46586080221459 0.0 0.0 0.0 7589685.726403863 743514.8704207524 1.2443181818181817
58888.276713845 2458888.77766464 37.332532798172906 37.332532798172906 0.0 0.0 1.0 7590247.080072447 743590.5463303009 1.2443181818181817
58888.27801014 2458888.7789609507 39.19919759617187 39.19919759617187 0.0 0.0 0.0 7588277.875772497 743382.4573994426 1.2443181818181817
58888.279306435 2458888.78025726 41.065862394170836 41.065862394170836 0.0 0.0 1.0 7590452.294872688 743635.6486639332 1.2443181818181817
58888.280602735 2458888.7815535734 42.93253440060653 42.93253440060653 0.0 0.0 0.0 7589013.286691492 743451.325705698 1.2443181818181817
58888.28189903 2458888.782849882 44.79919919860549 44.79919919860549 0.0 0.0 1.0 7589430.810416267 743512.7297606777 1.2443181818181817
58888.283195325 2458888.78414619 46.66586399660446 46.66586399660446 0.0 0.0 0.0 7590362.452204142 743575.9478696175 1.2443181818181817
58888.28449162 2458888.7854424976 48.53252879460342 48.53252879460342 0.0 0.0 1.0 7592058.831650853 743790.6115226113 1.2443181818181817
58888.318183845 2458888.8191354494 97.04933279310353 1.866132002323866 0.0 1.0 0.0 7575742.763629235 742182.4767071115 1.2443181818181817
58888.319480139995 2458888.8204317843 98.9159975911025 3.7327968003228307 0.0 1.0 1.0 7581935.831232958 742826.5183830025 1.2443181818181817
58888.320776435 2458888.821728119 100.78266239957884 5.599461608799174 0.0 1.0 0.0 7580008.42363267 742593.3553207091 1.2443181818181817
58888.322072735 2458888.8230244583 102.64933439553715 7.466133604757488 0.0 1.0 1.0 7586070.071432504 743223.0170007403 1.2443181818181817
58888.32336903 2458888.8243207913 104.51599919353612 9.332798402756453 0.0 1.0 0.0 7584199.213027378 742992.2937436957 1.2443181818181817
58888.324665325 2458888.825617124 106.38266400201246 11.199463211232796 0.0 1.0 1.0 7588106.0337600345 743416.2914750739 1.2443181818181817
58888.32596162 2458888.826913455 108.24932880001143 13.066128009231761 0.0 1.0 0.0 7586872.735782331 743252.4875780534 1.2443181818181817
58888.32725773 2458888.8282095995 110.11572720017284 14.932526409393176 0.0 1.0 1.0 7587352.165298901 743343.2677097936 1.2443181818181817
58888.328554215 2458888.8295061174 111.9826655939687 16.79946480318904 0.0 1.0 0.0 7587107.754478721 743269.9489260529 1.2443181818181817
58888.329850509996 2458888.830802444 113.84933039196767 18.666129601188004 0.0 1.0 1.0 7588765.47020385 743475.278458481 1.2443181818181817
58888.331146805 2458888.8320987695 115.71599520044401 20.532794409664348 0.0 1.0 0.0 7586470.35342684 743210.5149552028 1.2443181818181817
58888.332443105 2458888.833395098 117.58266719640233 22.39946640562266 0.0 1.0 1.0 7587817.452144174 743362.4442968143 1.2443181818181817
58888.3337394 2458888.8346914193 119.44933199440129 24.266131203621626 0.0 1.0 0.0 7587612.478774358 743317.6238455046 1.2443181818181817
58888.335035694996 2458888.8359877393 121.31599679240026 26.13279600162059 0.0 1.0 1.0 7589460.163611221 743542.0546695058 1.2443181818181817
58888.336331989995 2458888.837284058 123.18266159039922 27.999460799619555 0.0 1.0 0.0 7588079.741467735 743357.402067478 1.2443181818181817
58888.337628099995 2458888.8385801897 125.04905999056064 29.86585919978097 0.0 1.0 1.0 7589925.170339691 743564.2816653881 1.2443181818181817
58888.338924585 2458888.8398766946 126.91599839483388 31.732797604054213 0.0 1.0 0.0 7590259.64905319 743570.8182997433 1.2443181818181817
58888.340220879996 2458888.841173008 128.78266319283284 33.59946240205318 0.0 1.0 1.0 7591142.0241153035 743702.7826709513 1.2443181818181817
58888.341517175 2458888.842469321 130.6493280013092 35.46612721052952 0.0 1.0 0.0 7587768.860164526 743331.6441566907 1.2443181818181817
58888.34281329 2458888.8437654525 132.51573359942995 37.332532808650285 0.0 1.0 1.0 7588603.072124871 743435.5836352318 1.2443181818181817
58888.34410977 2458888.845061947 134.38266479526646 39.1994640044868 0.0 1.0 0.0 7587115.043968321 743266.3047291863 1.2443181818181817
58888.345406065 2458888.8463582564 136.24932959326543 41.066128802485764 0.0 1.0 1.0 7587873.474094046 743361.4044938879 1.2443181818181817
58888.346702359995 2458888.8476545657 138.1159943912644 42.93279360048473 0.0 1.0 0.0 7588344.785665518 743375.4962323612 1.2443181818181817
58888.34799866 2458888.8489508787 139.9826663977001 44.79946560692042 0.0 1.0 1.0 7591831.667204254 743768.4944512758 1.2443181818181817
58888.349294955 2458888.8502471866 141.84933119569905 46.666130404919386 0.0 1.0 0.0 7588365.355854466 743387.3466496628 1.2443181818181817
58888.35059125 2458888.8515434945 143.71599599369802 48.53279520291835 0.0 1.0 1.0 7590661.926046322 743656.7165445078 1.2443181818181817
58888.384294955 2458888.8852479253 192.2493312007282 1.866132002323866 0.0 2.0 0.0 7569951.1527397875 741621.840076965 1.2443181818181817
58888.38559125 2458888.8865442607 194.11599599872716 3.7327968003228307 0.0 2.0 1.0 7574202.754154629 742087.6019738371 1.2443181818181817
58888.38688736 2458888.88784041 195.98239439888857 5.599195200484246 0.0 2.0 0.0 7575972.724726301 742201.8336376203 1.2443181818181817
58888.388183845 2458888.8891369347 197.84933280316181 7.466133604757488 0.0 2.0 1.0 7579857.430158024 742627.3184927095 1.2443181818181817
58888.389479955 2458888.890433083 199.71573120332323 9.332532004918903 0.0 2.0 0.0 7578190.538359137 742416.2178412471 1.2443181818181817
58888.390776435 2458888.8917295993 201.58266239915974 11.199463200755417 0.0 2.0 1.0 7579334.705205536 742577.3807889977 1.2443181818181817
58888.392072735 2458888.8930259356 203.44933439511806 13.06613519671373 0.0 2.0 0.0 7578579.861565833 742450.5316032395 1.2443181818181817
58888.393369030004 2458888.8943222654 205.3159992035944 14.932800005190074 0.0 2.0 1.0 7581046.64487841 742737.8944707519 1.2443181818181817
58888.394665325 2458888.8956185933 207.18266400159337 16.79946480318904 0.0 2.0 0.0 7578068.785435972 742402.3399760926 1.2443181818181817
58888.39596162 2458888.89691492 209.04932879959233 18.666129601188004 0.0 2.0 1.0 7581378.649943753 742768.9455862778 1.2443181818181817
58888.397257915 2458888.898211245 210.9159935975913 20.53279439918697 0.0 2.0 0.0 7580453.640621469 742627.6726900553 1.2443181818181817
58888.398554215004 2458888.899507574 212.782665604027 22.39946640562266 0.0 2.0 1.0 7582344.0921680825 742858.8289873127 1.2443181818181817
58888.39985051 2458888.900803895 214.64933040202595 24.266131203621626 0.0 2.0 0.0 7579584.8417690275 742545.8028618783 1.2443181818181817
58888.401146805 2458888.902100215 216.51599520002492 26.13279600162059 0.0 2.0 1.0 7582233.066046835 742838.9110763953 1.2443181818181817
58888.402443105 2458888.9033965385 218.38266719598323 27.999467997578904 0.0 2.0 0.0 7580685.094634823 742645.5121234808 1.2443181818181817
58888.403739400004 2458888.9046928557 220.24933200445957 29.866132806055248 0.0 2.0 1.0 7581326.426855519 742761.7816748009 1.2443181818181817
58888.405035695 2458888.9059891705 222.11599680245854 31.732797604054213 0.0 2.0 0.0 7580233.419013072 742606.0318629236 1.2443181818181817
58888.40633199 2458888.9072854845 223.9826616004575 33.59946240205318 0.0 2.0 1.0 7581437.431318968 742772.6952889981 1.2443181818181817
58888.407628285 2458888.9085817966 225.84932639845647 35.46612720005214 0.0 2.0 0.0 7583028.365013752 742875.8440811889 1.2443181818181817
58888.408924585 2458888.9098781133 227.71599839441478 37.332799196010455 0.0 2.0 1.0 7582856.813562782 742908.0018376142 1.2443181818181817
58888.41022088 2458888.9111744235 229.58266320289113 39.1994640044868 0.0 2.0 0.0 7581976.114259281 742772.1899686141 1.2443181818181817
58888.411517175 2458888.912470733 231.4493280008901 41.066128802485764 0.0 2.0 1.0 7584197.150768355 743035.8534797059 1.2443181818181817
58888.412813475 2458888.9137670468 233.3159999968484 42.93280079844408 0.0 2.0 0.0 7586633.598346712 743214.7583529663 1.2443181818181817
58888.414109770005 2458888.9150633556 235.18266480532475 44.79946560692042 0.0 2.0 1.0 7586443.090747839 743251.1036141044 1.2443181818181817
58888.415406065 2458888.9163596635 237.0493296033237 46.666130404919386 0.0 2.0 0.0 7585334.724659113 743092.0064679066 1.2443181818181817
58888.41670236 2458888.9176559714 238.91599440132268 48.53279520291835 0.0 2.0 1.0 7585812.2401088085 743186.6501705868 1.2443181818181817
58888.450417545 2458888.951371881 287.46586079592817 1.8658656044863164 0.0 3.0 0.0 7572257.192180551 741867.0464795401 1.2443181818181817
58888.451713845 2458888.952668221 289.33253280236386 3.7325376109220088 0.0 3.0 1.0 7579520.711781359 742595.8154050733 1.2443181818181817
58888.45301014 2458888.9539645556 291.1991976003628 5.5992024089209735 0.0 3.0 0.0 7578217.143801558 742416.6098988511 1.2443181818181817
58888.454306435 2458888.9552608896 293.0658623983618 7.465867206919938 0.0 3.0 1.0 7580969.94795112 742730.6323168479 1.2443181818181817
58888.455602735 2458888.9565572278 294.9325343943201 9.332539202878252 0.0 3.0 0.0 7579270.757942051 742516.9941175975 1.2443181818181817
58888.45689903 2458888.95785356 296.79919920279644 11.199204011354595 0.0 3.0 1.0 7581088.822750229 742742.9916635796 1.2443181818181817
58888.458195325 2458888.959149891 298.6658640007954 13.06586880935356 0.0 3.0 0.0 7581333.497658165 742714.9003859829 1.2443181818181817
58888.45949162 2458888.9604462204 300.5325287987944 14.932533607352525 0.0 3.0 1.0 7583831.361785532 743010.205252228 1.2443181818181817
58888.460787915 2458888.9617425487 302.39919359679334 16.79919840535149 0.0 3.0 0.0 7581583.612268293 742740.2191416635 1.2443181818181817
58888.462084215 2458888.9630388804 304.26586560322903 18.665870411787182 0.0 3.0 1.0 7584151.692666441 743035.340532574 1.2443181818181817
58888.46338051 2458888.964335205 306.132530401228 20.532535209786147 0.0 3.0 0.0 7584247.298548637 742993.7116743495 1.2443181818181817
58888.464676805 2458888.9656315283 307.99919519922696 22.39920000778511 0.0 3.0 1.0 7585471.074567116 743158.8072963022 1.2443181818181817
58888.465973105 2458888.9669278553 309.8658671951853 24.265872003743425 0.0 3.0 0.0 7583654.596408368 742935.5603549605 1.2443181818181817
58888.467269400004 2458888.9682241757 311.7325320036616 26.13253681221977 0.0 3.0 1.0 7584098.90374934 743002.0917034143 1.2443181818181817
58888.46856588 2458888.9695206787 313.59946319949813 27.999468008056283 0.0 3.0 0.0 7582808.08119976 742850.6307147208 1.2443181818181817
58888.46986199 2458888.9708168106 315.46586159965955 29.8658664082177 0.0 3.0 1.0 7586241.790478116 743231.1615991676 1.2443181818181817
58888.471158285 2458888.972113126 317.3325263976585 31.732531206216663 0.0 3.0 0.0 7583652.7344938265 742933.5046725951 1.2443181818181817
58888.472454585004 2458888.973409445 319.1991984040942 33.599203212652355 0.0 3.0 1.0 7584170.222762179 743037.0018406545 1.2443181818181817
58888.47375088 2458888.974705757 321.06586320209317 35.46586801065132 0.0 3.0 0.0 7582493.599846099 742822.7302690549 1.2443181818181817
58888.475047175 2458888.9760020687 322.93252800009213 37.332532808650285 0.0 3.0 1.0 7585175.515919306 743131.9470688241 1.2443181818181817
58888.476343475 2458888.977298384 324.79919999605045 39.1992048046086 0.0 3.0 0.0 7582872.435547131 742854.1468165499 1.2443181818181817
58888.477639770004 2458888.978594694 326.6658648045268 41.06586961308494 0.0 3.0 1.0 7585878.93812887 743199.5014433803 1.2443181818181817
58888.478936065 2458888.9798910026 328.53252960252576 42.93253441108391 0.0 3.0 0.0 7583947.107228528 742959.0036219344 1.2443181818181817
58888.48023236 2458888.981187311 330.3991944005247 44.79919920908287 0.0 3.0 1.0 7584663.764279739 743079.787477541 1.2443181818181817
58888.48152866 2458888.982483624 332.26586639648303 46.665871205041185 0.0 3.0 0.0 7584223.632316922 742987.6069748182 1.2443181818181817
58888.482824955 2458888.9837799324 334.132531194482 48.53253600304015 0.0 3.0 1.0 7584646.199189563 743078.3014662097 1.2443181818181817
58946.83767614 2458947.3393639354 1.8658656044863164 1.8658656044863164 1.0 4.0 0.0 7525485.223186735 737371.7253636585 1.2443181818181817
58946.838972435 2458947.3406602414 3.7325304024852812 3.7325304024852812 1.0 4.0 1.0 7557768.242006282 740498.7494125259 1.2443181818181817
58946.84026873 2458947.3419565475 5.599195200484246 5.599195200484246 1.0 4.0 0.0 7562364.661165614 740912.522904648 1.2443181818181817
58946.84156503 2458947.3432528577 7.465867206919938 7.465867206919938 1.0 4.0 1.0 7576198.624242664 742266.5680438064 1.2443181818181817
58946.842861325 2458947.3445491623 9.332532004918903 9.332532004918903 1.0 4.0 0.0 7580443.991997968 742648.8459306139 1.2443181818181817
58946.84415762 2458947.3458454665 11.199196802917868 11.199196802917868 1.0 4.0 1.0 7588204.514797959 743406.8493336692 1.2443181818181817
58946.84545392 2458947.3471417744 13.06586880935356 13.06586880935356 1.0 4.0 0.0 7587130.632905716 743285.5456045629 1.2443181818181817
58946.846750215 2458947.348438077 14.932533607352525 14.932533607352525 1.0 4.0 1.0 7593133.069710303 743891.9716185816 1.2443181818181817
58946.84804651 2458947.3497343785 16.79919840535149 16.79919840535149 1.0 4.0 0.0 7591501.725403702 743704.0403592692 1.2443181818181817
58946.849342805 2458947.3510306785 18.665863203350455 18.665863203350455 1.0 4.0 1.0 7597540.656054292 744315.6570208168 1.2443181818181817
58946.8506391 2458947.3523269785 20.53252800134942 20.53252800134942 1.0 4.0 0.0 7595187.6710703075 744056.086839881 1.2443181818181817
58946.8519354 2458947.3536232817 22.39920000778511 22.39920000778511 1.0 4.0 1.0 7599986.665049757 744545.791881929 1.2443181818181817
58946.853231695 2458947.354919579 24.265864805784076 24.265864805784076 1.0 4.0 0.0 7597960.495118928 744318.6973523082 1.2443181818181817
58946.85452799 2458947.356215875 26.13252960378304 26.13252960378304 1.0 4.0 1.0 7601181.964845361 744656.0773046237 1.2443181818181817
58946.85582429 2458947.3575121756 27.999201610218734 27.999201610218734 1.0 4.0 0.0 7599077.617643726 744430.8634604999 1.2443181818181817
58946.857120585 2458947.35880847 29.8658664082177 29.8658664082177 1.0 4.0 1.0 7602838.53440396 744816.8562675263 1.2443181818181817
58946.85841688 2458947.3601047634 31.732531206216663 31.732531206216663 1.0 4.0 0.0 7601542.479659776 744668.2991550767 1.2443181818181817
58946.859713175 2458947.361401056 33.59919600421563 33.59919600421563 1.0 4.0 1.0 7603602.637235961 744895.3427360732 1.2443181818181817
58946.861009475004 2458947.3626973527 35.46586801065132 35.46586801065132 1.0 4.0 0.0 7601379.512221025 744654.7515365721 1.2443181818181817
58946.86230577 2458947.3639936442 37.332532808650285 37.332532808650285 1.0 4.0 1.0 7605002.11136583 745031.0653722421 1.2443181818181817
58946.863602065 2458947.3652899344 39.19919760664925 39.19919760664925 1.0 4.0 0.0 7601067.098828344 744621.6011354813 1.2443181818181817
58946.86489836 2458947.3665862246 41.065862404648215 41.065862404648215 1.0 4.0 1.0 7603915.821230065 744920.7143135759 1.2443181818181817
58946.866194660004 2458947.3678825195 42.93253441108391 42.93253441108391 1.0 4.0 0.0 7603240.481010328 744829.2163858222 1.2443181818181817
58946.867490955 2458947.3691788097 44.79919920908287 44.79919920908287 1.0 4.0 1.0 7605199.824499545 745027.3171683884 1.2443181818181817
58946.86878725 2458947.370475099 46.66586400708184 46.66586400708184 1.0 4.0 0.0 7604370.293291541 744937.6212704972 1.2443181818181817
58946.870083545 2458947.3717713887 48.5325288050808 48.5325288050808 1.0 4.0 1.0 7607005.570679044 745210.6662746436 1.2443181818181817
58946.900754845 2458947.4024427715 92.69920080900192 1.8658656044863164 1.0 5.0 0.0 7589035.582350532 743472.313447411 1.2443181818181817
58946.90205114 2458947.4037390784 94.56586560700089 3.7325304024852812 1.0 5.0 1.0 7597399.519216967 744303.1411193102 1.2443181818181817
58946.903347435 2458947.4050353845 96.43253040499985 5.599195200484246 1.0 5.0 0.0 7596738.25749499 744212.0077523411 1.2443181818181817
58946.904643735004 2458947.4063316956 98.29920241143554 7.465867206919938 1.0 5.0 1.0 7599896.080762539 744545.5930259894 1.2443181818181817
58946.90594003 2458947.4076280016 100.16586720943451 9.332532004918903 1.0 5.0 0.0 7597718.159259287 744302.5328412396 1.2443181818181817
58946.907236325 2458947.408924307 102.03253200743347 11.199196802917868 1.0 5.0 1.0 7603639.252950866 744897.5834872962 1.2443181818181817
58946.90853262 2458947.410220612 103.89919680543244 13.065861600916833 1.0 5.0 0.0 7599968.702954019 744523.0375631754 1.2443181818181817
58946.909828915 2458947.411516916 105.7658616034314 14.932526398915797 1.0 5.0 1.0 7602429.140385916 744787.8546908845 1.2443181818181817
58946.911125215 2458947.4128132244 107.6325336098671 16.79919840535149 1.0 5.0 0.0 7600695.093520265 744588.9187249716 1.2443181818181817
58946.91242151 2458947.414109527 109.49919840786606 18.665863203350455 1.0 5.0 1.0 7603521.851046617 744889.2743800202 1.2443181818181817
58946.913717805 2458947.415405829 111.36586320586503 20.53252800134942 1.0 5.0 0.0 7601416.278447281 744657.6325658038 1.2443181818181817
58946.915014105 2458947.4167021345 113.23253520182334 22.399199997307733 1.0 5.0 1.0 7604743.827471846 745007.933688276 1.2443181818181817
58946.9163104 2458947.417998434 115.09920001029968 24.265864805784076 1.0 5.0 0.0 7601316.006725213 744645.0571428569 1.2443181818181817
58946.917606695 2458947.419294733 116.96586480829865 26.13252960378304 1.0 5.0 1.0 7605216.312442859 745048.4537360576 1.2443181818181817
58946.91890299 2458947.4205910307 118.83252960629761 27.999194401782006 1.0 5.0 0.0 7603532.724836471 744852.9442046677 1.2443181818181817
58946.920199285 2458947.421887327 120.69919440429658 29.86585919978097 1.0 5.0 1.0 7605042.662130758 745029.8097607119 1.2443181818181817
58946.921495585004 2458947.4231836274 122.56586641073227 31.732531206216663 1.0 5.0 0.0 7601568.50749264 744664.7473960902 1.2443181818181817
58946.92279188 2458947.4244799227 124.43253120873123 33.59919600421563 1.0 5.0 1.0 7604860.381454959 745013.5675963076 1.2443181818181817
58946.924088175 2458947.425776216 126.2991960067302 35.46586080221459 1.0 5.0 0.0 7602310.892751627 744740.03486076 1.2443181818181817
58946.925384475 2458947.427072514 128.1658680026885 37.332532798172906 1.0 5.0 1.0 7605305.549633064 745054.5835389725 1.2443181818181817
58946.926680770004 2458947.428368806 130.03253281116486 39.19919760664925 1.0 5.0 0.0 7602111.658918548 744718.7818578586 1.2443181818181817
58946.927977065 2458947.4296650975 131.89919760916382 41.065862404648215 1.0 5.0 1.0 7604362.26118934 744966.3080209717 1.2443181818181817
58946.92927336 2458947.4309613886 133.76586240716279 42.93252720264718 1.0 5.0 0.0 7602244.418385515 744733.6117765235 1.2443181818181817
58946.930569660006 2458947.432257684 135.63253441359848 44.79919920908287 1.0 5.0 1.0 7603411.540083812 744878.0008817692 1.2443181818181817
58946.931865955004 2458947.4335539737 137.49919921159744 46.66586400708184 1.0 5.0 0.0 7603021.852699284 744812.94476547 1.2443181818181817
58946.93316225 2458947.434850264 139.3658640095964 48.5325288050808 1.0 5.0 1.0 7603574.442535032 744891.5572777124 1.2443181818181817
58946.966831325 2458947.4685194087 187.84933200571686 1.865872791968286 1.0 6.0 0.0 7582595.347026552 742853.595394254 1.2443181818181817
58946.96812762 2458947.4698157148 189.71599680371583 3.732537589967251 1.0 6.0 1.0 7589779.844669557 743572.4570231693 1.2443181818181817
58946.96942392 2458947.471112026 191.58266881015152 5.599209596402943 1.0 6.0 0.0 7589550.558803431 743523.946096347 1.2443181818181817
58946.970720215 2458947.472408332 193.44933360815048 7.465874394401908 1.0 6.0 1.0 7594537.783672354 744030.9739170921 1.2443181818181817
58946.97201651 2458947.473704638 195.31599840614945 9.332539192400873 1.0 6.0 0.0 7591965.916627672 743755.5158044758 1.2443181818181817
58946.973312805 2458947.475000943 197.1826632041484 11.199203990399837 1.0 6.0 1.0 7595557.35250571 744128.0811392537 1.2443181818181817
58946.9746091 2458947.4762972477 199.04932800214738 13.065868788398802 1.0 6.0 0.0 7594874.66485923 744032.0841286217 1.2443181818181817
58946.9759054 2458947.477593557 200.91600000858307 14.932540794834495 1.0 6.0 1.0 7596048.056162258 744167.86968635 1.2443181818181817
58946.977201695 2458947.4788898607 202.78266480658203 16.79920559283346 1.0 6.0 0.0 7593546.347746816 743905.0039376718 1.2443181818181817
58946.97849799 2458947.480186163 204.649329604581 18.665870390832424 1.0 6.0 1.0 7596759.968516307 744238.8908348208 1.2443181818181817
58946.979794290004 2458947.4814824695 206.5160016110167 20.532542397268116 1.0 6.0 0.0 7594518.653558051 743992.936013626 1.2443181818181817
58946.981090585 2458947.48277877 208.38266640901566 22.39920719526708 1.0 6.0 1.0 7597479.037497024 744314.2153304635 1.2443181818181817
58946.98238688 2458947.48407507 210.24933120701462 24.265871993266046 1.0 6.0 0.0 7596765.633922708 744204.9791443323 1.2443181818181817
58946.983683175 2458947.4853713685 212.11599600501359 26.13253679126501 1.0 6.0 1.0 7596642.128835231 744205.4121442656 1.2443181818181817
58946.984979475004 2458947.4866676712 213.98266801144928 27.999208797700703 1.0 6.0 0.0 7595462.396096028 744080.767370704 1.2443181818181817
58946.98627577 2458947.4879639675 215.84933280944824 29.865873595699668 1.0 6.0 1.0 7597838.290753632 744340.6812229401 1.2443181818181817
58946.987572065 2458947.4892602633 217.7159976074472 31.732538393698633 1.0 6.0 0.0 7594881.306381784 744021.7232584591 1.2443181818181817
58946.98886836 2458947.490556558 219.58266240544617 33.5992031916976 1.0 6.0 1.0 7597928.020748411 744346.100035939 1.2443181818181817
58946.990164660005 2458947.4918528567 221.44933441188186 35.46587519813329 1.0 6.0 0.0 7597313.561435596 744258.5097802795 1.2443181818181817
58946.991460955 2458947.4931491497 223.31599920988083 37.332539996132255 1.0 6.0 1.0 7600536.105069393 744598.0366162332 1.2443181818181817
58946.99275725 2458947.4944454418 225.1826640078798 39.19920479413122 1.0 6.0 0.0 7599720.455756407 744491.0621283595 1.2443181818181817
58946.994053545 2458947.4957417333 227.04932880587876 41.065869592130184 1.0 6.0 1.0 7601575.634233591 744699.9214190497 1.2443181818181817
58946.995349845005 2458947.497038029 228.91600081231445 42.93254159856588 1.0 6.0 0.0 7600278.959367048 744542.6808636461 1.2443181818181817
58946.99664614 2458947.4983343193 230.78266561031342 44.79920639656484 1.0 6.0 1.0 7602035.25492551 744742.8283444751 1.2443181818181817
58946.997942435 2458947.49963061 232.64933040831238 46.665871194563806 1.0 6.0 0.0 7599284.208555032 744448.9270873218 1.2443181818181817
58946.99923873 2458947.5009268997 234.51599520631135 48.53253599256277 1.0 6.0 1.0 7600985.239478712 744641.5714881852 1.2443181818181817
58947.03290762 2458947.5345958583 282.99919680459425 1.8658656044863164 1.0 7.0 0.0 7586629.26873977 743242.5205260027 1.2443181818181817
58947.034203920004 2458947.5358921695 284.86586881102994 3.7325376109220088 1.0 7.0 1.0 7593497.9562055925 743932.2312771451 1.2443181818181817
58947.035500215 2458947.5371884755 286.7325336090289 5.5992024089209735 1.0 7.0 0.0 7592889.624336208 743845.6096518802 1.2443181818181817
58947.03679651 2458947.538484782 288.59919840702787 7.465867206919938 1.0 7.0 1.0 7597382.00723127 744304.3725102632 1.2443181818181817
58947.038092805 2458947.5397810875 290.46586320502684 9.332532004918903 1.0 7.0 0.0 7596182.975980532 744158.6055832974 1.2443181818181817
58947.0393891 2458947.5410773926 292.3325280030258 11.199196802917868 1.0 7.0 1.0 7598567.330432638 744413.9524388715 1.2443181818181817
58947.0406854 2458947.542373702 294.1992000094615 13.06586880935356 1.0 7.0 0.0 7597449.287702114 744280.2254406583 1.2443181818181817
58947.041981695 2458947.5436700066 296.06586480746046 14.932533607352525 1.0 7.0 1.0 7599706.655865779 744528.6189008309 1.2443181818181817
58947.04327799 2458947.5449663093 297.9325296054594 16.79919840535149 1.0 7.0 0.0 7598486.388569626 744379.2431484502 1.2443181818181817
58947.044574290005 2458947.5462626168 299.7992016118951 18.665870411787182 1.0 7.0 1.0 7601499.107526423 744697.768066547 1.2443181818181817
58947.045870585 2458947.5475589186 301.6658664098941 20.532535209786147 1.0 7.0 0.0 7596876.209482129 744220.8920332883 1.2443181818181817
58947.04716688 2458947.5488552195 303.53253120789304 22.39920000778511 1.0 7.0 1.0 7599598.168154702 744511.3174167238 1.2443181818181817
58947.048463175 2458947.550151519 305.399196005892 24.265864805784076 1.0 7.0 0.0 7599592.145411963 744482.671402028 1.2443181818181817
58947.049759475005 2458947.5514478222 307.2658680123277 26.13253681221977 1.0 7.0 1.0 7601667.2449654 744710.713915175 1.2443181818181817
58947.05105577 2458947.55274412 309.13253281032667 27.999201610218734 1.0 7.0 0.0 7599397.744844353 744466.7572390222 1.2443181818181817
58947.052352065 2458947.5540404166 310.99919760832563 29.8658664082177 1.0 7.0 1.0 7601036.198127059 744650.4473498145 1.2443181818181817
58947.05364836 2458947.5553367124 312.8658624063246 31.732531206216663 1.0 7.0 0.0 7599057.816284933 744426.1017797587 1.2443181818181817
58947.054944660005 2458947.556633012 314.7325344127603 33.599203212652355 1.0 7.0 1.0 7600300.461076753 744572.8141902619 1.2443181818181817
58947.056240955004 2458947.5579293054 316.59919921075925 35.46586801065132 1.0 7.0 0.0 7599160.743075246 744437.6218309803 1.2443181818181817
58947.05753725 2458947.559225599 318.4658640087582 37.332532808650285 1.0 7.0 1.0 7601494.859892904 744688.4077297674 1.2443181818181817
58947.058833545 2458947.560521891 320.3325288067572 39.19919760664925 1.0 7.0 0.0 7600481.599589717 744567.1070327484 1.2443181818181817
58947.060129845006 2458947.5618181876 322.1992008131929 41.06586961308494 1.0 7.0 1.0 7600723.775735006 744615.6440701861 1.2443181818181817
58947.061426140004 2458947.5631144783 324.06586561119184 42.93253441108391 1.0 7.0 0.0 7600470.159098885 744565.9747250708 1.2443181818181817
58947.062722435 2458947.564410769 325.9325304091908 44.79919920908287 1.0 7.0 1.0 7600811.61647373 744623.727930492 1.2443181818181817
58947.06401873 2458947.565707059 327.79919520718977 46.66586400708184 1.0 7.0 0.0 7599832.530784381 744500.1597894387 1.2443181818181817
58947.065315030006 2458947.567003354 329.66586721362546 48.53253601351753 1.0 7.0 1.0 7600667.751097038 744613.4045135106 1.2443181818181817
59120.318630155 2459120.8177504004 1.8658656044863164 1.8658656044863164 2.0 8.0 0.0 7539083.584511537 738687.9459017399 1.2443181818181817
59120.319926455 2459120.819046701 3.73253760044463 3.73253760044463 2.0 8.0 1.0 7561857.218305962 740901.3345823053 1.2443181818181817
59120.321222750004 2459120.8203429957 5.5992024089209735 5.5992024089209735 2.0 8.0 0.0 7562165.800697877 740898.6663196955 1.2443181818181817
59120.322519045 2459120.82163929 7.465867206919938 7.465867206919938 2.0 8.0 1.0 7575556.01605971 742212.7795803515 1.2443181818181817
59120.32381534 2459120.822935584 9.332532004918903 9.332532004918903 2.0 8.0 0.0 7574118.506334469 742043.7960529231 1.2443181818181817
59120.32511164 2459120.824231882 11.199204000877216 11.199204000877216 2.0 8.0 1.0 7585306.984633846 743141.679372146 1.2443181818181817
59120.326407935 2459120.8255281746 13.065868798876181 13.065868798876181 2.0 8.0 0.0 7581924.302225068 742790.2838189254 1.2443181818181817
59120.32770423 2459120.8268244658 14.932533607352525 14.932533607352525 2.0 8.0 1.0 7588247.016289367 743425.2251715284 1.2443181818181817
59120.329000525 2459120.8281207564 16.79919840535149 16.79919840535149 2.0 8.0 0.0 7587329.644047672 743311.2110972226 1.2443181818181817
59120.330296825 2459120.829417051 18.665870401309803 18.665870401309803 2.0 8.0 1.0 7592087.353548613 743796.5822318523 1.2443181818181817
59120.331593120005 2459120.830713339 20.532535209786147 20.532535209786147 2.0 8.0 0.0 7590710.414832202 743639.5543649597 1.2443181818181817
59120.332889415 2459120.832009626 22.39920000778511 22.39920000778511 2.0 8.0 1.0 7593651.840754493 743950.7305776655 1.2443181818181817
59120.334185715 2459120.833305917 24.265872003743425 24.265872003743425 2.0 8.0 0.0 7593327.790163763 743889.1156383953 1.2443181818181817
59120.33548201 2459120.8346022028 26.13253680174239 26.13253680174239 2.0 8.0 1.0 7596294.626212256 744205.0892403027 1.2443181818181817
59120.336778305 2459120.8358984864 27.999201599741355 27.999201599741355 2.0 8.0 0.0 7594361.154244917 743987.4996688823 1.2443181818181817
59120.338074600004 2459120.837194769 29.8658664082177 29.8658664082177 2.0 8.0 1.0 7598229.862040668 744383.1775322038 1.2443181818181817
59120.339370895 2459120.838491051 31.732531206216663 31.732531206216663 2.0 8.0 0.0 7595679.478672324 744116.2262360498 1.2443181818181817
59120.340667195 2459120.839787337 33.59920320217498 33.59920320217498 2.0 8.0 1.0 7599910.987069584 744554.8725303243 1.2443181818181817
59120.341963490006 2459120.841083617 35.46586801065132 35.46586801065132 2.0 8.0 0.0 7595928.037281885 744136.6314564972 1.2443181818181817
59120.343259785004 2459120.842379896 37.332532808650285 37.332532808650285 2.0 8.0 1.0 7601382.74334357 744689.2837190896 1.2443181818181817
59120.344556085 2459120.8436761796 39.1992048046086 39.1992048046086 2.0 8.0 0.0 7597148.530727378 744254.9416886992 1.2443181818181817
59120.34585238 2459120.844972458 41.06586960260756 41.06586960260756 2.0 8.0 1.0 7598325.005855311 744393.5197539703 1.2443181818181817
59120.347148675 2459120.846268736 42.93253440060653 42.93253440060653 2.0 8.0 0.0 7596541.959275001 744196.3236345903 1.2443181818181817
59120.348444970004 2459120.847565013 44.79919920908287 44.79919920908287 2.0 8.0 1.0 7599499.638047527 744502.3996707267 1.2443181818181817
59120.349741265 2459120.8488612906 46.66586400708184 46.66586400708184 2.0 8.0 0.0 7597669.985994496 744302.3031782187 1.2443181818181817
59120.351037565 2459120.850157573 48.53253600304015 48.53253600304015 2.0 8.0 1.0 7600202.133668025 744574.8514981362 1.2443181818181817
59120.382449785 2459120.8815695937 93.76613280270249 1.866132002323866 2.0 9.0 0.0 7584886.912120062 743088.2628507836 1.2443181818181817
59120.383746085 2459120.8828658946 95.6328047986608 3.7328039982821792 2.0 9.0 1.0 7590711.526899126 743673.184290522 1.2443181818181817
59120.38504238 2459120.8841621904 97.49946960713714 5.599468806758523 2.0 9.0 0.0 7591646.588925887 743735.7679044477 1.2443181818181817
59120.38633849 2459120.8854583004 99.36586800729856 7.465867206919938 2.0 9.0 1.0 7594367.529420034 744021.0007038608 1.2443181818181817
59120.38763497 2459120.88675478 101.23279920313507 9.332798402756453 2.0 9.0 0.0 7593000.384738422 743863.3618210957 1.2443181818181817
59120.38893108 2459120.8880508896 103.09919760329649 11.199196802917868 2.0 9.0 1.0 7597147.97617403 744288.8120075229 1.2443181818181817
59120.390227565 2459120.8893473735 104.96613600756973 13.06613520719111 2.0 9.0 0.0 7594539.061115124 744009.1032211516 1.2443181818181817
59120.39152386 2459120.8906436665 106.8328008055687 14.932800005190074 2.0 9.0 1.0 7598304.746125351 744399.0092402267 1.2443181818181817
59120.392820155 2459120.8919399586 108.69946560356766 16.79946480318904 2.0 9.0 0.0 7594179.145651061 743973.2117404827 1.2443181818181817
59120.39411627 2459120.89323607 110.56587120168842 18.665870401309803 2.0 9.0 1.0 7597593.583238327 744328.2452913212 1.2443181818181817
59120.395412750004 2459120.8945325455 112.43280240800232 20.532801607623696 2.0 9.0 0.0 7596224.902880936 744164.957907251 1.2443181818181817
59120.396709045 2459120.8958288347 114.29946720600128 22.39946640562266 2.0 9.0 1.0 7600312.26505754 744589.195162764 1.2443181818181817
59120.39800534 2459120.8971251226 116.16613200400025 24.266131203621626 2.0 9.0 0.0 7596489.716509061 744192.8546263108 1.2443181818181817
59120.399301640005 2459120.898421415 118.03280401043594 26.132803210057318 2.0 9.0 1.0 7599847.735285903 744539.1717821084 1.2443181818181817
59120.400597935004 2459120.8997177007 119.8994688084349 27.999468008056283 2.0 9.0 0.0 7597557.982207248 744295.9731200052 1.2443181818181817
59120.40189423 2459120.9010139853 121.76613360643387 29.866132806055248 2.0 9.0 1.0 7598985.567485491 744457.5408642603 1.2443181818181817
59120.403190525 2459120.902310269 123.63279840443283 31.732797604054213 2.0 9.0 0.0 7597236.1511176685 744265.2402383653 1.2443181818181817
59120.404486825 2459120.903606557 125.49947040039115 33.599469600012526 2.0 9.0 1.0 7598802.483536432 744446.220385606 1.2443181818181817
59120.405783120004 2459120.9049028386 127.36613520886749 35.46613440848887 2.0 9.0 0.0 7597910.714236126 744333.7523218894 1.2443181818181817
59120.407079415 2459120.906199119 129.23280000686646 37.332799206487834 2.0 9.0 1.0 7599362.812411784 744496.2006492787 1.2443181818181817
59120.408375715 2459120.9074954037 131.09947200282477 39.19947120244615 2.0 9.0 0.0 7596314.35995713 744174.3559996423 1.2443181818181817
59120.40967201 2459120.908791683 132.96613680082373 41.06613600044511 2.0 9.0 1.0 7598952.06021944 744457.022490092 1.2443181818181817
59120.410968305 2459120.9100879612 134.8328015988227 42.93280079844408 2.0 9.0 0.0 7596828.858252901 744222.5788083943 1.2443181818181817
59120.4122646 2459120.9113842393 136.69946640729904 44.79946560692042 2.0 9.0 1.0 7600397.660585862 744586.7615305654 1.2443181818181817
59120.413560895 2459120.9126805165 138.566131205298 46.666130404919386 2.0 9.0 0.0 7594208.049739411 743967.9764133216 1.2443181818181817
59120.414857195 2459120.9139767997 140.43280320125632 48.5328024008777 2.0 9.0 1.0 7599325.366589958 744488.8952207388 1.2443181818181817
59120.44857238 2459120.947691755 188.9826696063392 1.865872802445665 2.0 10.0 0.0 7577666.738725719 742391.1752600383 1.2443181818181817
59120.449868675 2459120.9489880507 190.84933440433815 3.73253760044463 2.0 10.0 1.0 7583638.457968153 742994.9043396136 1.2443181818181817
59120.45116497 2459120.9502843465 192.71599920233712 5.599202398443595 2.0 10.0 0.0 7582895.242949219 742893.1212432612 1.2443181818181817
59120.452461265 2459120.951580642 194.58266400033608 7.465867196442559 2.0 10.0 1.0 7587538.53443411 743364.7908942789 1.2443181818181817
59120.453757565 2459120.9528769418 196.44933600677177 9.332539202878252 2.0 10.0 0.0 7586673.326402815 743250.3407329522 1.2443181818181817
59120.45505386 2459120.954173236 198.31600080477074 11.199204000877216 2.0 10.0 1.0 7588820.409158353 743483.1665288586 1.2443181818181817
59120.456350155 2459120.9554695305 200.1826656027697 13.065868798876181 2.0 10.0 0.0 7587282.779054649 743308.9373224035 1.2443181818181817
59120.457646455 2459120.9567658287 202.04933759872802 14.932540794834495 2.0 10.0 1.0 7589754.882797053 743571.4090229347 1.2443181818181817
59120.45894275 2459120.9580621207 203.91600240720436 16.79920560331084 2.0 10.0 0.0 7587997.246169275 743377.1334871637 1.2443181818181817
59120.460239045 2459120.959358412 205.78266720520332 18.665870401309803 2.0 10.0 1.0 7590754.651960744 743672.6558291211 1.2443181818181817
59120.46153534 2459120.9606547025 207.6493320032023 20.532535199308768 2.0 10.0 0.0 7588222.117098757 743398.4766360378 1.2443181818181817
59120.462831640005 2459120.961950997 209.51600400963798 22.39920720574446 2.0 10.0 1.0 7590674.250210215 743664.5658436439 1.2443181818181817
59120.464127935 2459120.9632472848 211.38266880763695 24.265872003743425 2.0 10.0 0.0 7590573.599186247 743624.2425862674 1.2443181818181817
59120.46542423 2459120.9645435717 213.2493336056359 26.13253680174239 2.0 10.0 1.0 7591688.410771712 743760.29140083 1.2443181818181817
59120.466720525 2459120.965839858 215.11599840363488 27.999201599741355 2.0 10.0 0.0 7589710.950850797 743539.2681047561 1.2443181818181817
59120.468016825 2459120.967136148 216.9826703995932 29.865873595699668 2.0 10.0 1.0 7592205.274380664 743810.4908846623 1.2443181818181817
59120.469313120004 2459120.968432431 218.84933520806953 31.73253840417601 2.0 10.0 0.0 7589792.329878478 743549.260703492 1.2443181818181817
59120.470609415 2459120.969728714 220.7160000060685 33.59920320217498 2.0 10.0 1.0 7593808.398291191 743964.2860305218 1.2443181818181817
59120.471905715 2459120.9710250003 222.5826720020268 35.46587519813329 2.0 10.0 0.0 7591252.127089426 743693.118695918 1.2443181818181817
59120.473202010005 2459120.972321281 224.44933681050315 37.332540006609634 2.0 10.0 1.0 7592198.319519021 743808.4370186517 1.2443181818181817
59120.474498305004 2459120.9736175607 226.31600160850212 39.1992048046086 2.0 10.0 0.0 7587843.488196767 743360.8351215528 1.2443181818181817
59120.4757946 2459120.9749138397 228.18266640650108 41.06586960260756 2.0 10.0 1.0 7591740.759913227 743764.9048767878 1.2443181818181817
59120.477090895 2459120.9762101183 230.04933120450005 42.93253440060653 2.0 10.0 0.0 7590580.602835139 743625.9461351722 1.2443181818181817
59120.478387195 2459120.9775064015 231.91600320045836 44.79920639656484 2.0 10.0 1.0 7593937.775921368 743974.7493231387 1.2443181818181817
59120.479683490004 2459120.9788026786 233.7826680089347 46.665871205041185 2.0 10.0 0.0 7589817.246552617 743548.1406438327 1.2443181818181817
59120.480979785 2459120.980098956 235.64933280693367 48.53253600304015 2.0 10.0 1.0 7592773.836626123 743860.5865278755 1.2443181818181817
59120.51469497 2459121.0138139124 284.19919920153916 1.865858396049589 2.0 11.0 0.0 7581090.069599118 742719.4452129072 1.2443181818181817
59120.515991265 2459121.015110208 286.0658639995381 3.7325231940485537 2.0 11.0 1.0 7586899.26828688 743307.4598880027 1.2443181818181817
59120.517287565 2459121.016406509 287.9325360059738 5.599195200484246 2.0 11.0 0.0 7587180.341318373 743302.5159356087 1.2443181818181817
59120.51858386 2459121.0177028044 289.7992008039728 7.465859998483211 2.0 11.0 1.0 7591207.788503707 743713.8305894114 1.2443181818181817
59120.519880155 2459121.0189991 291.66586560197175 9.332524796482176 2.0 11.0 0.0 7587491.979252996 743330.1503440471 1.2443181818181817
59120.521176455004 2459121.0202953997 293.53253760840744 11.199196802917868 2.0 11.0 1.0 7591156.182657691 743712.4316912062 1.2443181818181817
59120.52247275 2459121.0215916936 295.3992024064064 13.065861600916833 2.0 11.0 0.0 7589524.949013337 743522.018462168 1.2443181818181817
59120.523769045 2459121.0228879866 297.26586720440537 14.932526398915797 2.0 11.0 1.0 7594223.928240225 744027.1993431431 1.2443181818181817
59120.52506534 2459121.024184279 299.13253200240433 16.799191196914762 2.0 11.0 0.0 7591763.935110361 743739.1027522588 1.2443181818181817
59120.526361640004 2459121.025480576 300.99920400884 18.665863203350455 2.0 11.0 1.0 7593546.55860306 743967.4318182515 1.2443181818181817
59120.527657935 2459121.026776866 302.865868806839 20.53252800134942 2.0 11.0 0.0 7591664.502823214 743727.2036103826 1.2443181818181817
59120.52895423 2459121.0280731553 304.73253360483795 22.399192799348384 2.0 11.0 1.0 7595015.059677722 744080.2911740842 1.2443181818181817
59120.530250525 2459121.0293694437 306.5991984028369 24.26585759734735 2.0 11.0 0.0 7591027.16905801 743667.2105485563 1.2443181818181817
59120.531546825 2459121.0306657357 308.46587039879523 26.132529593305662 2.0 11.0 1.0 7594150.953035385 744002.3620699897 1.2443181818181817
59120.53284312 2459121.0319620213 310.3325352072716 27.999194401782006 2.0 11.0 0.0 7592695.5809689425 743833.8899160832 1.2443181818181817
59120.534139415 2459121.033258306 312.19920000527054 29.86585919978097 2.0 11.0 1.0 7594628.761466643 744040.1172272583 1.2443181818181817
59120.535435715 2459121.034554595 314.06587200122885 31.732531195739284 2.0 11.0 0.0 7595017.45255313 744054.4580261915 1.2443181818181817
59120.536732010005 2459121.0358508774 315.9325368097052 33.59919600421563 2.0 11.0 1.0 7596946.78101468 744267.1018782147 1.2443181818181817
59120.538028305 2459121.0371471588 317.79920160770416 35.46586080221459 2.0 11.0 0.0 7592492.179193018 743807.3624357425 1.2443181818181817
59120.5393246 2459121.038443439 319.6658664057031 37.33252560021356 2.0 11.0 1.0 7595250.226960624 744103.2773933132 1.2443181818181817
59120.540620895 2459121.0397397196 321.5325312037021 39.19919039821252 2.0 11.0 0.0 7593015.968194692 743861.2236674519 1.2443181818181817
59120.541917195 2459121.0410360033 323.3992031996604 41.065862394170836 2.0 11.0 1.0 7595828.53260473 744158.8474705651 1.2443181818181817
59120.543213490004 2459121.042332282 325.26586800813675 42.93252720264718 2.0 11.0 0.0 7592270.694768844 743787.0603468581 1.2443181818181817
59120.544509785 2459121.0436285594 327.1325328061357 44.799192000646144 2.0 11.0 1.0 7595199.7909330735 744090.2747098405 1.2443181818181817
59120.545806085 2459121.044924842 328.999204802094 46.66586399660446 2.0 11.0 0.0 7593347.539442231 743883.7407679133 1.2443181818181817
59120.547102380006 2459121.0462211194 330.86586961057037 48.5325288050808 2.0 11.0 1.0 7593313.652838766 743910.6339324208 1.2443181818181817
59178.899314755 2459179.3987022704 1.8658655940089375 1.8658655940089375 3.0 12.0 0.0 7515184.735333154 736372.2069166404 1.2443181818181817
59178.900611054996 2459179.399998604 3.732537589967251 3.732537589967251 3.0 12.0 1.0 7544437.373298415 739234.2465689948 1.2443181818181817
59178.901907349995 2459179.401294932 5.599202387966216 5.599202387966216 3.0 12.0 0.0 7547703.130377968 739496.2066314954 1.2443181818181817
59178.903203645 2459179.4025912588 7.465867196442559 7.465867196442559 3.0 12.0 1.0 7565252.356827645 741229.3084438125 1.2443181818181817
59178.90449994 2459179.4038875857 9.332531994441524 9.332531994441524 3.0 12.0 0.0 7563907.606654425 741052.5584339031 1.2443181818181817
59178.905796235 2459179.405183911 11.199196792440489 11.199196792440489 3.0 12.0 1.0 7574896.727786324 742159.9146651415 1.2443181818181817
59178.907092535 2459179.4064802397 13.065868798876181 13.065868798876181 3.0 12.0 0.0 7572842.680644845 741914.3479227638 1.2443181818181817
59178.90838883 2459179.407776562 14.932533596875146 14.932533596875146 3.0 12.0 1.0 7582587.11735328 742903.2413077113 1.2443181818181817
59178.909685125 2459179.4090728834 16.79919839487411 16.79919839487411 3.0 12.0 0.0 7579213.886582148 742525.7957386258 1.2443181818181817
59178.910981425 2459179.410369208 18.665870390832424 18.665870390832424 3.0 12.0 1.0 7587520.107513036 743373.9868830993 1.2443181818181817
59178.912277719995 2459179.4116655253 20.53253518883139 20.53253518883139 3.0 12.0 0.0 7583633.697531705 742948.4756707692 1.2443181818181817
59178.913574015 2459179.412961841 22.399199997307733 22.399199997307733 3.0 12.0 1.0 7591083.465886318 743688.685080288 1.2443181818181817
59178.91487031 2459179.4142581555 24.265864795306697 24.265864795306697 3.0 12.0 0.0 7587760.791384496 743341.0332443197 1.2443181818181817
59178.91616661 2459179.4155544727 26.13253679126501 26.13253679126501 3.0 12.0 1.0 7592319.651589178 743834.1558691937 1.2443181818181817
59178.917462904996 2459179.4168507834 27.999201589263976 27.999201589263976 3.0 12.0 0.0 7590240.933449455 743581.0434632612 1.2443181818181817
59178.918759199994 2459179.418147092 29.86586638726294 29.86586638726294 3.0 12.0 1.0 7594555.968051964 744046.8290826329 1.2443181818181817
59178.920055495 2459179.4194433996 31.732531195739284 31.732531195739284 3.0 12.0 0.0 7590328.661005989 743585.0589260147 1.2443181818181817
59178.921351795 2459179.420739711 33.5992031916976 33.5992031916976 3.0 12.0 1.0 7594586.401246228 744053.7915506948 1.2443181818181817
59178.922648089996 2459179.422036015 35.46586798969656 35.46586798969656 3.0 12.0 0.0 7590854.460092591 743638.7823510874 1.2443181818181817
59178.923944385 2459179.423332318 37.332532798172906 37.332532798172906 3.0 12.0 1.0 7595667.037459937 744157.4857545777 1.2443181818181817
59178.925240685 2459179.4246286256 39.19920479413122 39.19920479413122 3.0 12.0 0.0 7591528.86129719 743705.0472019508 1.2443181818181817
59178.92653698 2459179.425924927 41.065869592130184 41.065869592130184 3.0 12.0 1.0 7598170.755655787 744401.3323407316 1.2443181818181817
59178.927833275 2459179.427221228 42.93253439012915 42.93253439012915 3.0 12.0 0.0 7594287.669230377 743974.4195289074 1.2443181818181817
59178.929129569995 2459179.428517528 44.799199188128114 44.799199188128114 3.0 12.0 1.0 7595295.8856698815 744125.6059394879 1.2443181818181817
59178.96190735 2459179.4612957714 91.99920239509083 1.865872802445665 3.0 13.0 0.0 7577395.362023024 742342.6532576998 1.2443181818181817
59178.963203645 2459179.4625921003 93.8658671930898 3.73253760044463 3.0 13.0 1.0 7588493.683683149 743458.6371235141 1.2443181818181817
59178.964499940004 2459179.4638884296 95.73253200156614 5.5992024089209735 3.0 13.0 0.0 7584254.563015764 742998.3964596344 1.2443181818181817
59178.965796235 2459179.4651847584 97.5991967995651 7.465867206919938 3.0 13.0 1.0 7589303.44719316 743515.3672556494 1.2443181818181817
59178.967092535 2459179.466481092 99.46586879552342 9.332539202878252 3.0 13.0 0.0 7587537.87412978 743318.6503908683 1.2443181818181817
59178.96838883 2459179.46777742 101.33253359352238 11.199204000877216 3.0 13.0 1.0 7592222.332697453 743817.0247830634 1.2443181818181817
59178.969685125 2459179.4690737473 103.19919839152135 13.065868798876181 3.0 13.0 0.0 7588480.893477368 743411.9774627822 1.2443181818181817
59178.970981425 2459179.4703700785 105.06587039795704 14.932540805311874 3.0 13.0 1.0 7592856.599357669 743880.2948553739 1.2443181818181817
59178.97227772 2459179.4716664036 106.932535195956 16.79920560331084 3.0 13.0 0.0 7590786.737136677 743634.7096175404 1.2443181818181817
59178.973574015 2459179.4729627273 108.79919999395497 18.665870401309803 3.0 13.0 1.0 7595558.928159616 744144.9080914514 1.2443181818181817
59178.974870310005 2459179.4742590496 110.66586480243132 20.532535209786147 3.0 13.0 0.0 7592191.744580429 743764.5574061836 1.2443181818181817
59178.976166609995 2459179.475555375 112.53253678791225 22.39920719526708 3.0 13.0 1.0 7596116.814601595 744200.6461438308 1.2443181818181817
59178.977462905 2459179.4768516943 114.3992015963886 24.265872003743425 3.0 13.0 0.0 7592317.471552423 743777.1361093632 1.2443181818181817
59178.9787592 2459179.478148011 116.26586639438756 26.13253680174239 3.0 13.0 1.0 7595380.876995696 744121.5005909437 1.2443181818181817
59178.980055495 2459179.479444327 118.13253119238652 27.999201599741355 3.0 13.0 0.0 7592353.001198554 743782.0344147856 1.2443181818181817
59178.981351795 2459179.4807406454 119.99920319882222 29.865873606177047 3.0 13.0 1.0 7597469.36596606 744330.2899417633 1.2443181818181817
59178.98264809 2459179.4820369575 121.86586799682118 31.73253840417601 3.0 13.0 0.0 7594202.806287759 743955.1833040665 1.2443181818181817
59178.983944385 2459179.4833332673 123.73253279482014 33.59920320217498 3.0 13.0 1.0 7597609.509399057 744337.4561804428 1.2443181818181817
59178.985240685 2459179.4846295808 125.59920479077846 35.46587519813329 3.0 13.0 0.0 7592435.751223061 743787.7066819187 1.2443181818181817
59178.986536979995 2459179.485925888 127.46586958877742 37.332539996132255 3.0 13.0 1.0 7598467.9636409525 744426.6915776373 1.2443181818181817
59178.987833275 2459179.4872221933 129.33253439725377 39.1992048046086 3.0 13.0 0.0 7593914.067210412 743930.4610150408 1.2443181818181817
59178.98912957 2459179.4885184974 131.19919919525273 41.06586960260756 3.0 13.0 1.0 7597440.759123749 744327.3728209944 1.2443181818181817
59178.990425865 2459179.4898148007 133.0658639932517 42.93253440060653 3.0 13.0 0.0 7593617.5457849335 743905.7026957164 1.2443181818181817
59178.991722164996 2459179.4911111076 134.93253598921 44.79920639656484 3.0 13.0 1.0 7596584.526761467 744244.0047516966 1.2443181818181817
59178.993018459994 2459179.4924074085 136.79920078720897 46.665871194563806 3.0 13.0 0.0 7593486.91488165 743890.9626465043 1.2443181818181817
59178.994314755 2459179.493703709 138.66586559568532 48.53253600304015 3.0 13.0 1.0 7595873.251343252 744182.5265171594 1.2443181818181817
59179.028087905 2459179.527477328 187.29920159094036 1.865872791968286 3.0 14.0 0.0 7572764.740459612 741894.0978547124 1.2443181818181817
59179.029384199996 2459179.528773657 189.16586638893932 3.732537589967251 3.0 14.0 1.0 7582313.2136270935 742868.0808939805 1.2443181818181817
59179.030680494994 2459179.5300699864 191.0325311869383 5.599202387966216 3.0 14.0 0.0 7580289.198371765 742621.1167409818 1.2443181818181817
59179.031976795 2459179.5313663203 192.89920319337398 7.465874394401908 3.0 14.0 1.0 7584686.281423899 743094.2160469652 1.2443181818181817
59179.03327309 2459179.532662649 194.76586799137294 9.332539192400873 3.0 14.0 0.0 7580323.795103447 742625.241649571 1.2443181818181817
59179.034569384996 2459179.533958977 196.6325327893719 11.199203990399837 3.0 14.0 1.0 7588910.795804586 743497.6737011174 1.2443181818181817
59179.035865679994 2459179.5352553045 198.49919758737087 13.065868788398802 3.0 14.0 0.0 7584457.233559531 743019.9360392536 1.2443181818181817
59179.03716198 2459179.5365516357 200.36586959380656 14.932540794834495 3.0 14.0 1.0 7587247.455742747 743345.2253430071 1.2443181818181817
59179.038458275 2459179.537847961 202.23253439180553 16.79920559283346 3.0 14.0 0.0 7583809.640058303 742960.0324093347 1.2443181818181817
59179.039754569996 2459179.5391442846 204.0991991898045 18.665870390832424 3.0 14.0 1.0 7586732.959768387 743293.1843359796 1.2443181818181817
59179.04105087 2459179.5404406115 205.9658711962402 20.532542397268116 3.0 14.0 0.0 7583937.73855636 742979.0801896591 1.2443181818181817
59179.042347165 2459179.541736932 207.83253599423915 22.39920719526708 3.0 14.0 1.0 7588309.722084357 743450.5631023525 1.2443181818181817
59179.04364346 2459179.5430332515 209.69920079223812 24.265871993266046 3.0 14.0 0.0 7584415.3047618335 743016.9979528922 1.2443181818181817
59179.044939755 2459179.5443295687 211.56586559023708 26.13253679126501 3.0 14.0 1.0 7587898.035251896 743406.1596850522 1.2443181818181817
59179.046236049995 2459179.545625884 213.43253038823605 27.999201589263976 3.0 14.0 0.0 7586502.035792402 743217.4747605721 1.2443181818181817
59179.04753235 2459179.5469222027 215.29920239467174 29.865873595699668 3.0 14.0 1.0 7589671.172918664 743579.9826234004 1.2443181818181817
59179.048828645 2459179.548218515 217.1658671926707 31.732538393698633 3.0 14.0 0.0 7584451.568101675 743017.0262392357 1.2443181818181817
59179.05012494 2459179.5495148245 219.03253199066967 33.5992031916976 3.0 14.0 1.0 7589578.103838163 743569.5731469564 1.2443181818181817
59179.05142124 2459179.550811138 220.89920399710536 35.46587519813329 3.0 14.0 0.0 7584744.222225318 743049.9908412625 1.2443181818181817
59179.052717535 2459179.5521074445 222.76586879510432 37.332539996132255 3.0 14.0 1.0 7587629.407130548 743382.5420402109 1.2443181818181817
59179.05401383 2459179.5534037505 224.6325335931033 39.19920479413122 3.0 14.0 0.0 7586845.171222736 743250.3613463728 1.2443181818181817
59179.055310125 2459179.554700054 226.49919839110225 41.065869592130184 3.0 14.0 1.0 7589201.786501269 743536.5100861107 1.2443181818181817
59179.056606425 2459179.555996362 228.36587039753795 42.93254159856588 3.0 14.0 0.0 7585083.989264716 743081.730444185 1.2443181818181817
59179.05790272 2459179.557292664 230.2325351955369 44.79920639656484 3.0 14.0 1.0 7589794.148817766 743596.923484924 1.2443181818181817
59179.059199015 2459179.5585889653 232.09919999353588 46.665871194563806 3.0 14.0 0.0 7584946.860572705 743071.4077307112 1.2443181818181817
59179.06049531 2459179.559885266 233.96586479153484 48.53253599256277 3.0 14.0 1.0 7588204.0102442065 743447.426507837 1.2443181818181817
59179.09426846 2459179.5936588855 282.59920079726726 1.865872802445665 3.0 15.0 0.0 7576961.257336329 742298.6994794536 1.2443181818181817
59179.095564755 2459179.594955215 284.4658655952662 3.73253760044463 3.0 15.0 1.0 7585406.9855805095 743166.0822146405 1.2443181818181817
59179.096861055004 2459179.5962515497 286.3325376017019 5.599209606880322 3.0 15.0 0.0 7581490.447148419 742733.6520126078 1.2443181818181817
59179.09815735 2459179.5975478785 288.1992023997009 7.465874404879287 3.0 15.0 1.0 7589109.522340691 743519.4648141488 1.2443181818181817
59179.099453645 2459179.5988442074 290.06586719769984 9.332539202878252 3.0 15.0 0.0 7584091.646242989 742984.1539581097 1.2443181818181817
59179.10074994 2459179.6001405357 291.9325319956988 11.199204000877216 3.0 15.0 1.0 7587660.680276125 743378.2404651049 1.2443181818181817
59179.102046235 2459179.6014368627 293.7991967936978 13.065868798876181 3.0 15.0 0.0 7587485.236789227 743308.0643010758 1.2443181818181817
59179.103342535 2459179.6027331944 295.66586880013347 14.932540805311874 3.0 15.0 1.0 7590647.312577706 743670.1250858894 1.2443181818181817
59179.10463883 2459179.604029519 297.53253359813243 16.79920560331084 3.0 15.0 0.0 7587059.357188324 743292.8548817016 1.2443181818181817
59179.105935125 2459179.605325843 299.3991983961314 18.665870401309803 3.0 15.0 1.0 7590360.47494001 743642.4914178306 1.2443181818181817
59179.107231425 2459179.6066221707 301.2658703920897 20.532542397268116 3.0 15.0 0.0 7586345.618893624 743201.7199413036 1.2443181818181817
59179.10852772 2459179.607918491 303.13253520056605 22.39920720574446 3.0 15.0 1.0 7592068.074979692 743806.0055453444 1.2443181818181817
59179.109824015 2459179.6092148097 304.999199998565 24.265872003743425 3.0 15.0 0.0 7589531.716796684 743508.8613250023 1.2443181818181817
59179.11112031 2459179.6105111274 306.865864796564 26.13253680174239 3.0 15.0 1.0 7592826.580723151 743880.9131119385 1.2443181818181817
59179.112416610005 2459179.611807448 308.7325368029997 27.999208808178082 3.0 15.0 0.0 7588945.040507079 743449.0736316701 1.2443181818181817
59179.113712905004 2459179.613103761 310.59920160099864 29.865873606177047 3.0 15.0 1.0 7591062.0904079145 743713.2432525739 1.2443181818181817
59179.1150092 2459179.614400073 312.4658663989976 31.73253840417601 3.0 15.0 0.0 7589003.112812879 743455.9263175636 1.2443181818181817
59179.116305495 2459179.615696383 314.33253119699657 33.59920320217498 3.0 15.0 1.0 7590166.014000871 743624.8591912228 1.2443181818181817
59179.117601795 2459179.6169926967 316.1992031929549 35.46587519813329 3.0 15.0 0.0 7589640.736447924 743517.456534196 1.2443181818181817
59179.118898090004 2459179.618289003 318.0658680014312 37.332540006609634 3.0 15.0 1.0 7591916.05078457 743791.9450285659 1.2443181818181817
59179.120194385 2459179.6195853082 319.9325327994302 39.1992048046086 3.0 15.0 0.0 7589734.98215691 743517.8602112505 1.2443181818181817
59179.121490685 2459179.620881617 321.7992047953885 41.06587680056691 3.0 15.0 1.0 7593143.163665804 743916.2941822363 1.2443181818181817
59179.12278698 2459179.6221779203 323.66586959338747 42.93254159856588 3.0 15.0 0.0 7589407.070683055 743494.5510559975 1.2443181818181817
59179.124083275 2459179.623474222 325.53253439138643 44.79920639656484 3.0 15.0 1.0 7592562.217775655 743860.3533680356 1.2443181818181817
59179.12537957 2459179.624770523 327.3991991998628 46.665871205041185 3.0 15.0 0.0 7590376.579259504 743593.1806853021 1.2443181818181817
59179.126675865 2459179.6260668235 329.26586399786174 48.53253600304015 3.0 15.0 1.0 7592547.855688647 743863.9588148639 1.2443181818181817
59269.031274124995 2459269.53252416 1.8661391898058355 1.8661391898058355 4.0 16.0 0.0 7529092.294455115 737706.2656920309 1.2443181818181817
59269.03257042 2459269.5338204913 3.7328039982821792 3.7328039982821792 4.0 16.0 1.0 7556949.726799664 740429.822222274 1.2443181818181817
59269.033866715006 2459269.535116822 5.599468806758523 5.599468806758523 4.0 16.0 0.0 7557981.8362291455 740482.7091795157 1.2443181818181817
59269.035163010005 2459269.536413152 7.466133604757488 7.466133604757488 4.0 16.0 1.0 7572128.514196406 741888.2649673938 1.2443181818181817
59269.036459309995 2459269.5377094857 9.332805590238422 9.332805590238422 4.0 16.0 0.0 7570268.846950575 741659.8661744035 1.2443181818181817
59269.03775560499 2459269.539005813 11.199470388237387 11.199470388237387 4.0 16.0 1.0 7580900.891572466 742730.2230073785 1.2443181818181817
59269.0390519 2459269.54030214 13.06613519671373 13.06613519671373 4.0 16.0 0.0 7578924.399146754 742491.1103239469 1.2443181818181817
59269.040348195005 2459269.5415984653 14.932800005190074 14.932800005190074 4.0 16.0 1.0 7586436.0560960965 743262.6941066773 1.2443181818181817
59269.041644494995 2459269.542894794 16.79947199067101 16.79947199067101 4.0 16.0 0.0 7583905.659884727 742967.4381928217 1.2443181818181817
59269.04294079 2459269.544191116 18.666136799147353 18.666136799147353 4.0 16.0 1.0 7589604.222192338 743559.9960311056 1.2443181818181817
59269.04423708501 2459269.545487437 20.532801607623696 20.532801607623696 4.0 16.0 0.0 7586696.696607129 743231.54957617 1.2443181818181817
59269.045533380006 2459269.5467837555 22.39946640562266 22.39946640562266 4.0 16.0 1.0 7591827.105734969 743774.5768991971 1.2443181818181817
59269.046829679995 2459269.5480800774 24.266138391103595 24.266138391103595 4.0 16.0 0.0 7587304.549708624 743292.2105495943 1.2443181818181817
59269.048125789996 2459269.549376208 26.13253679126501 26.13253679126501 4.0 16.0 1.0 7593501.57265941 743928.9621869323 1.2443181818181817
59269.049422085 2459269.5506725213 27.999201599741355 27.999201599741355 4.0 16.0 0.0 7591929.273585091 743732.3389097668 1.2443181818181817
59269.050718385 2459269.551968838 29.865873595699668 29.865873595699668 4.0 16.0 1.0 7593516.32284859 743929.4819886299 1.2443181818181817
59269.05201468 2459269.5532651492 31.732538393698633 31.732538393698633 4.0 16.0 0.0 7592005.649700711 743740.4589405756 1.2443181818181817
59269.053310974996 2459269.5545614576 33.5992031916976 33.5992031916976 4.0 16.0 1.0 7596390.274875335 744205.2291717165 1.2443181818181817
59269.054607269994 2459269.555857765 35.46586798969656 35.46586798969656 4.0 16.0 0.0 7592499.326134607 743782.2394536639 1.2443181818181817
59269.055903565 2459269.557154072 37.332532798172906 37.332532798172906 4.0 16.0 1.0 7594876.466214056 744058.8381121292 1.2443181818181817
59269.057199865 2459269.558450382 39.19920479413122 39.19920479413122 4.0 16.0 0.0 7592370.709470615 743768.2226026397 1.2443181818181817
59269.058496159996 2459269.559746687 41.065869592130184 41.065869592130184 4.0 16.0 1.0 7595029.87188716 744072.9066056496 1.2443181818181817
59269.059792455 2459269.5610429905 42.93253440060653 42.93253440060653 4.0 16.0 0.0 7593732.218237805 743901.672490555 1.2443181818181817
59269.061088755 2459269.562339299 44.79920639656484 44.79920639656484 4.0 16.0 1.0 7596787.15525264 744243.168633763 1.2443181818181817
59269.06238505 2459269.5636356026 46.665871194563806 46.665871194563806 4.0 16.0 0.0 7594028.527504493 743932.5281187873 1.2443181818181817
59269.063681345 2459269.5649319054 48.53253599256277 48.53253599256277 4.0 16.0 1.0 7596527.689385445 744218.9975712446 1.2443181818181817
59269.097373565004 2459269.5986247375 97.04933280358091 1.8658656044863164 4.0 17.0 0.0 7579627.31185993 742562.3559299669 1.2443181818181817
59269.098669865 2459269.5999210733 98.91600479953922 3.73253760044463 4.0 17.0 1.0 7586871.475877532 743283.8880777375 1.2443181818181817
59269.09996616 2459269.6012174035 100.78266959753819 5.599202398443595 4.0 17.0 0.0 7586971.744741588 743266.2167317149 1.2443181818181817
59269.101262455 2459269.6025137333 102.64933439553715 7.465867196442559 4.0 17.0 1.0 7591393.855238276 743739.806489737 1.2443181818181817
59269.102558754996 2459269.6038100673 104.51600639149547 9.332539192400873 4.0 17.0 0.0 7588349.01802222 743395.2864602895 1.2443181818181817
59269.103855049994 2459269.605106395 106.38267118949443 11.199203990399837 4.0 17.0 1.0 7591478.650783134 743743.8184074799 1.2443181818181817
59269.105151345 2459269.6064027217 108.24933599797077 13.065868798876181 4.0 17.0 0.0 7589966.7834207 743545.6557721536 1.2443181818181817
59269.10644764 2459269.607699047 110.11600079596974 14.932533596875146 4.0 17.0 1.0 7594710.697978833 744051.9796655782 1.2443181818181817
59269.107743935 2459269.6089953706 111.9826655939687 16.79919839487411 4.0 17.0 0.0 7590105.120567834 743559.3486036792 1.2443181818181817
59269.109040235 2459269.610291698 113.8493376004044 18.665870401309803 4.0 17.0 1.0 7593241.474685618 743910.4007142255 1.2443181818181817
59269.11033653 2459269.611588018 115.71600239840336 20.532535199308768 4.0 17.0 0.0 7592705.585306961 743811.4801974865 1.2443181818181817
59269.111632825 2459269.612884337 117.58266719640233 22.399199997307733 4.0 17.0 1.0 7595946.000682278 744170.4097259657 1.2443181818181817
59269.112929124996 2459269.614180659 119.44933919236064 24.265871993266046 4.0 17.0 0.0 7592496.699169405 743788.7659122476 1.2443181818181817
59269.114225419995 2459269.6154769748 121.3160039903596 26.13253679126501 4.0 17.0 1.0 7593962.027713463 743977.9089766892 1.2443181818181817
59269.115521715 2459269.616773288 123.18266879883595 27.999201599741355 4.0 17.0 0.0 7592032.274370533 743742.2874326645 1.2443181818181817
59269.11681801 2459269.6180696 125.04933359683491 29.86586639774032 4.0 17.0 1.0 7594725.568399388 744050.1399772592 1.2443181818181817
59269.11811431 2459269.619365915 126.91600559279323 31.732538393698633 4.0 17.0 0.0 7592241.977351245 743763.2005397794 1.2443181818181817
59269.119410605 2459269.6206622245 128.78267040126957 33.59920320217498 4.0 17.0 1.0 7595885.041424057 744158.1663665866 1.2443181818181817
59269.1207069 2459269.6219585324 130.64933519926853 35.46586800017394 4.0 17.0 0.0 7590102.108409546 743553.0945654507 1.2443181818181817
59269.122003195 2459269.6232548384 132.5159999972675 37.332532798172906 4.0 17.0 1.0 7593098.437267619 743889.9690943235 1.2443181818181817
59269.123299495 2459269.624551149 134.3826719932258 39.19920479413122 4.0 17.0 0.0 7591016.355249787 743639.5668010405 1.2443181818181817
59269.124595789996 2459269.6258474537 136.24933679122478 41.065869592130184 4.0 17.0 1.0 7594156.409551404 743994.8425923961 1.2443181818181817
59269.125892085 2459269.627143758 138.11600159970112 42.93253440060653 4.0 17.0 0.0 7592036.756875021 743737.1746132793 1.2443181818181817
59269.127188385 2459269.6284400662 139.98267359565943 44.79920639656484 4.0 17.0 1.0 7595318.969263883 744101.4907307809 1.2443181818181817
59269.12848468 2459269.6297363695 141.8493383936584 46.665871194563806 4.0 17.0 0.0 7591440.392355149 743684.283306042 1.2443181818181817
59269.129780974996 2459269.6310326727 143.71600319165736 48.53253599256277 4.0 17.0 1.0 7594647.49514478 744038.9378026954 1.2443181818181817
59269.163473010005 2459269.664725318 192.23253360483795 1.8658656044863164 4.0 18.0 0.0 7572832.735727491 741907.6350988699 1.2443181818181817
59269.164769309995 2459269.666021654 194.0992055903189 3.732537589967251 4.0 18.0 1.0 7579907.234615229 742592.5838855046 1.2443181818181817
59269.16606560499 2459269.667317984 195.96587038831785 5.599202387966216 4.0 18.0 0.0 7578937.8184457915 742494.7580615921 1.2443181818181817
59269.1673619 2459269.668614314 197.8325351967942 7.465867196442559 4.0 18.0 1.0 7583275.150262485 742940.7165937716 1.2443181818181817
59269.168658195005 2459269.669910643 199.69920000527054 9.332532004918903 4.0 18.0 0.0 7581137.928441789 742702.8627545942 1.2443181818181817
59269.169954494995 2459269.6712069754 201.56587199075148 11.199203990399837 4.0 18.0 1.0 7585194.0032706065 743115.0589820809 1.2443181818181817
59269.17125079 2459269.672503302 203.43253679922782 13.065868798876181 4.0 18.0 0.0 7583629.124088264 742936.828437547 1.2443181818181817
59269.17254708501 2459269.6737996275 205.29920160770416 14.932533607352525 4.0 18.0 1.0 7586262.576177131 743233.8910151768 1.2443181818181817
59269.173843380006 2459269.6750959507 207.16586640570313 16.79919840535149 4.0 18.0 0.0 7583933.131331798 742965.2012016333 1.2443181818181817
59269.175139679995 2459269.676392278 209.03253839118406 18.665870390832424 4.0 18.0 1.0 7587889.975033262 743377.0345348099 1.2443181818181817
59269.176435974994 2459269.677688598 210.89920318918303 20.53253518883139 4.0 18.0 0.0 7582662.043411288 742848.5618020596 1.2443181818181817
59269.17773227 2459269.6789849172 212.76586799765937 22.399199997307733 4.0 18.0 1.0 7586446.185981617 743236.0686703878 1.2443181818181817
59269.17902857 2459269.6802812396 214.63253999361768 24.265871993266046 4.0 18.0 0.0 7583697.902598621 742944.314741036 1.2443181818181817
59269.180324864996 2459269.681577555 216.49920479161665 26.13253679126501 4.0 18.0 1.0 7588990.69381165 743521.5255772303 1.2443181818181817
59269.181621159994 2459269.6828738684 218.3658695896156 27.999201589263976 4.0 18.0 0.0 7584724.385535315 743039.3342318359 1.2443181818181817
59269.18291745499 2459269.6841701805 220.23253438761458 29.86586638726294 4.0 18.0 1.0 7588440.989082189 743461.5542480227 1.2443181818181817
59269.18421375 2459269.685466491 222.09919919609092 31.732531195739284 4.0 18.0 0.0 7586703.956581933 743226.5642081663 1.2443181818181817
59269.185510049996 2459269.686762805 223.96587119204924 33.5992031916976 4.0 18.0 1.0 7586787.918165642 743243.6756710191 1.2443181818181817
59269.186806344995 2459269.6880591125 225.8325359900482 35.46586798969656 4.0 18.0 0.0 7585872.896162014 743151.3534153297 1.2443181818181817
59269.18810264 2459269.6893554195 227.69920079852454 37.332532798172906 4.0 18.0 1.0 7590625.134874639 743650.5882563399 1.2443181818181817
59269.18939894 2459269.6906517297 229.56587279448286 39.19920479413122 4.0 18.0 0.0 7590425.736837619 743583.2463717839 1.2443181818181817
59269.190695235 2459269.6919480343 231.43253759248182 41.065869592130184 4.0 18.0 1.0 7593413.9048909 743923.3560992823 1.2443181818181817
59269.191991529995 2459269.6932443385 233.2992023904808 42.93253439012915 4.0 18.0 0.0 7587855.323380632 743339.5262003804 1.2443181818181817
59269.19328782499 2459269.694540642 235.16586718847975 44.799199188128114 4.0 18.0 1.0 7592122.18735795 743793.396007989 1.2443181818181817
59269.194584125 2459269.6958369506 237.03253919491544 46.665871194563806 4.0 18.0 0.0 7590421.140718744 743578.334794255 1.2443181818181817
59269.19588042 2459269.697133254 238.8992039929144 48.53253599256277 4.0 18.0 1.0 7592410.612940449 743824.0291983427 1.2443181818181817
59269.229584125 2459269.7308375677 287.4325391999446 1.865872802445665 4.0 19.0 0.0 7575500.865009588 742161.556003023 1.2443181818181817
59269.23088042 2459269.732133899 289.29920399794355 3.73253760044463 4.0 19.0 1.0 7583374.031250949 742945.2224653027 1.2443181818181817
59269.232176715 2459269.7334302287 291.1658687959425 5.599202398443595 4.0 19.0 0.0 7582707.2402354935 742853.705223037 1.2443181818181817
59269.23347301 2459269.7347265584 293.0325335939415 7.465867196442559 4.0 19.0 1.0 7587042.44653573 743298.2544991303 1.2443181818181817
59269.23476931 2459269.736022892 294.8992056003772 9.332539202878252 4.0 19.0 0.0 7585819.86093115 743149.1465912604 1.2443181818181817
59269.236065605 2459269.73731922 296.76587039837614 11.199204000877216 4.0 19.0 1.0 7589084.905824565 743513.4854329337 1.2443181818181817
59269.2373619 2459269.7386155464 298.6325351963751 13.065868798876181 4.0 19.0 0.0 7585812.461516398 743151.6678398547 1.2443181818181817
59269.238658195 2459269.7399118715 300.49919999437407 14.932533596875146 4.0 19.0 1.0 7590561.391543568 743612.465186281 1.2443181818181817
59269.239954495 2459269.7412082 302.36587200080976 16.79920560331084 4.0 19.0 0.0 7586546.354586015 743218.5431746437 1.2443181818181817
59269.24125079 2459269.742504522 304.2325367988087 18.665870401309803 4.0 19.0 1.0 7588472.260127681 743433.6205982834 1.2443181818181817
59269.242547085 2459269.7438008427 306.0992015968077 20.532535199308768 4.0 19.0 0.0 7587180.866946987 743278.0324123547 1.2443181818181817
59269.24384338 2459269.7450971613 307.96586639480665 22.399199997307733 4.0 19.0 1.0 7589442.657929198 743524.822409072 1.2443181818181817
59269.24513968 2459269.7463934836 309.83253840124235 24.265872003743425 4.0 19.0 0.0 7587130.819164313 743271.6305579754 1.2443181818181817
59269.246435975 2459269.747689799 311.6992031992413 26.13253680174239 4.0 19.0 1.0 7590379.008386427 743633.3009739515 1.2443181818181817
59269.24773227 2459269.748986113 313.5658679972403 27.999201599741355 4.0 19.0 0.0 7588444.266746961 743394.8905147258 1.2443181818181817
59269.249028570004 2459269.7502824296 315.43254000367597 29.865873606177047 4.0 19.0 1.0 7590649.522367305 743637.1162203015 1.2443181818181817
59269.250324865 2459269.7515787403 317.29920480167493 31.73253840417601 4.0 19.0 0.0 7589093.513566017 743458.7874529447 1.2443181818181817
59269.25162116 2459269.7528750496 319.1658695996739 33.59920320217498 4.0 19.0 1.0 7590447.933861886 743616.086061566 1.2443181818181817
59269.252917455 2459269.754171357 321.03253439767286 35.46586800017394 4.0 19.0 0.0 7590113.317476379 743553.1715267407 1.2443181818181817
59269.25421375 2459269.7554676635 322.8991991956718 37.332532798172906 4.0 19.0 1.0 7590479.578443309 743618.2877162396 1.2443181818181817
59269.25551005 2459269.756763974 324.7658712021075 39.1992048046086 4.0 19.0 0.0 7586014.424170296 743156.0995798315 1.2443181818181817
59269.256806345 2459269.7580602793 326.6325360001065 41.06586960260756 4.0 19.0 1.0 7590298.562406355 743601.4246761651 1.2443181818181817
59269.25810264 2459269.759356583 328.49920079810545 42.93253440060653 4.0 19.0 0.0 7588619.121867961 743408.6968151387 1.2443181818181817
59269.259398940005 2459269.760652892 330.36587280454114 44.79920640704222 4.0 19.0 1.0 7589222.560734533 743498.0792112846 1.2443181818181817
59269.260695235 2459269.761949195 332.2325376025401 46.665871205041185 4.0 19.0 0.0 7588306.530717102 743379.4114466376 1.2443181818181817
59269.26199153 2459269.7632454988 334.09920240053907 48.53253600304015 4.0 19.0 1.0 7589230.687514668 743499.0448432827 1.2443181818181817
