# %ECSV 0.9
# ---
# datatype:
# - {name: t_mjd, datatype: float64}
# - {name: t_bjd, datatype: float64}
# - {name: t_visit, datatype: float64}
# - {name: t_orbit, datatype: float64}
# - {name: ivisit, datatype: float64}
# - {name: iorbit, datatype: float64}
# - {name: scan, datatype: float64}
# - {name: spec_opt, datatype: float64}
# - {name: var_opt, datatype: float64}
# - {name: wave, datatype: float64}
# schema: astropy-2.0
t_mjd t_bjd t_visit t_orbit ivisit iorbit scan spec_opt var_opt wave
58888.252084215 2458888.753034453 1.8658655940089375 1.8658655940089375 0.0 0.0 0.0 6930133.999168933 681365.0418472425 1.196590909090909
58888.253380509996 2458888.7543307883 3.7325303920079023 3.7325303920079023 0.0 0.0 1.0 6975697.978143314 685768.2484539417 1.196590909090909
58888.25467699 2458888.755627308 5.5994615983217955 5.5994615983217955 0.0 0.0 0.0 6987752.14887598 686911.2719251533 1.196590909090909
58888.255973105 2458888.756923462 7.465867196442559 7.465867196442559 0.0 0.0 1.0 7005183.660360409 688628.7066663529 1.196590909090909
58888.2572694 2458888.7582197953 9.332531994441524 9.332531994441524 0.0 0.0 0.0 7007937.326853396 688849.7634951865 1.196590909090909
58888.258565694996 2458888.7595161274 11.199196792440489 11.199196792440489 0.0 0.0 1.0 7017617.446375921 689823.6113108463 1.196590909090909
58888.259861989995 2458888.7608124586 13.065861590439454 13.065861590439454 0.0 0.0 0.0 7020899.479344301 690091.6965365066 1.196590909090909
58888.261158285 2458888.7621087884 14.932526398915797 14.932526398915797 0.0 0.0 1.0 7031053.395017677 691089.6147316034 1.196590909090909
58888.262454585 2458888.763405122 16.79919839487411 16.79919839487411 0.0 0.0 0.0 7029391.280614171 690909.5279718925 1.196590909090909
58888.263750879996 2458888.7647014484 18.665863192873076 18.665863192873076 0.0 0.0 1.0 7034675.082738638 691434.5895940536 1.196590909090909
58888.265047175 2458888.765997773 20.53252800134942 20.53252800134942 0.0 0.0 0.0 7033783.176293729 691329.9155383841 1.196590909090909
58888.266343475 2458888.7672941014 22.399199997307733 22.399199997307733 0.0 0.0 1.0 7039604.04126253 691910.2727367476 1.196590909090909
58888.26763977 2458888.7685904233 24.265864795306697 24.265864795306697 0.0 0.0 0.0 7036938.626564294 691631.4918397571 1.196590909090909
58888.268936065 2458888.7698867433 26.132529593305662 26.132529593305662 0.0 0.0 1.0 7042197.532885794 692179.3464657459 1.196590909090909
58888.270232359995 2458888.7711830614 27.999194391304627 27.999194391304627 0.0 0.0 0.0 7041575.0150195705 692077.0542336274 1.196590909090909
58888.27152866 2458888.772479383 29.86586639774032 29.86586639774032 0.0 0.0 1.0 7044538.755809683 692379.3963242923 1.196590909090909
58888.272824955 2458888.773775698 31.732531195739284 31.732531195739284 0.0 0.0 0.0 7042673.175585898 692183.9206460495 1.196590909090909
58888.274121434995 2458888.7750721965 33.5994623915758 33.5994623915758 0.0 0.0 1.0 7046420.8960571885 692587.436866895 1.196590909090909
58888.275417545 2458888.776368324 35.46586080221459 35.46586080221459 0.0 0.0 0.0 7045867.579665606 692491.567279304 1.196590909090909
58888.276713845 2458888.77766464 37.332532798172906 37.332532798172906 0.0 0.0 1.0 7046252.239563487 692545.5579452378 1.196590909090909
58888.27801014 2458888.7789609507 39.19919759617187 39.19919759617187 0.0 0.0 0.0 7043756.5540806735 692287.551873282 1.196590909090909
58888.279306435 2458888.78025726 41.065862394170836 41.065862394170836 0.0 0.0 1.0 7047068.594347362 692646.4608657386 1.196590909090909
58888.280602735 2458888.7815535734 42.93253440060653 42.93253440060653 0.0 0.0 0.0 7045341.23060277 692438.1445855207 1.196590909090909
58888.28189903 2458888.782849882 44.79919919860549 44.79919919860549 0.0 0.0 1.0 7047454.122871654 692661.1317390715 1.196590909090909
58888.283195325 2458888.78414619 46.66586399660446 46.66586399660446 0.0 0.0 0.0 7046360.062605257 692538.1096246897 1.196590909090909
58888.28449162 2458888.7854424976 48.53252879460342 48.53252879460342 0.0 0.0 1.0 7047794.218757918 692719.4642103652 1.196590909090909
58888.318183845 2458888.8191354494 97.04933279310353 1.866132002323866 0.0 1.0 0.0 7033839.3380435025 691337.6270332601 1.196590909090909
58888.319480139995 2458888.8204317843 98.9159975911025 3.7327968003228307 0.0 1.0 1.0 7039302.836666154 691911.5855172474 1.196590909090909
58888.320776435 2458888.821728119 100.78266239957884 5.599461608799174 0.0 1.0 0.0 7038386.118377939 691782.0880762087 1.196590909090909
58888.322072735 2458888.8230244583 102.64933439553715 7.466133604757488 0.0 1.0 1.0 7042919.188373487 692256.6007661079 1.196590909090909
58888.32336903 2458888.8243207913 104.51599919353612 9.332798402756453 0.0 1.0 0.0 7040058.435896228 691933.6267953943 1.196590909090909
58888.324665325 2458888.825617124 106.38266400201246 11.199463211232796 0.0 1.0 1.0 7043821.22963256 692342.732809942 1.196590909090909
58888.32596162 2458888.826913455 108.24932880001143 13.066128009231761 0.0 1.0 0.0 7044025.877987164 692316.276182425 1.196590909090909
58888.32725773 2458888.8282095995 110.11572720017284 14.932526409393176 0.0 1.0 1.0 7045460.184232929 692498.4639220636 1.196590909090909
58888.328554215 2458888.8295061174 111.9826655939687 16.79946480318904 0.0 1.0 0.0 7044897.551887065 692400.3021148037 1.196590909090909
58888.329850509996 2458888.830802444 113.84933039196767 18.666129601188004 0.0 1.0 1.0 7047073.723861127 692650.2210838743 1.196590909090909
58888.331146805 2458888.8320987695 115.71599520044401 20.532794409664348 0.0 1.0 0.0 7044251.184166525 692338.2855486573 1.196590909090909
58888.332443105 2458888.833395098 117.58266719640233 22.39946640562266 0.0 1.0 1.0 7046184.888938222 692543.2984776017 1.196590909090909
58888.3337394 2458888.8346914193 119.44933199440129 24.266131203621626 0.0 1.0 0.0 7045484.82485391 692454.3441979933 1.196590909090909
58888.335035694996 2458888.8359877393 121.31599679240026 26.13279600162059 0.0 1.0 1.0 7046854.927457369 692629.1207624272 1.196590909090909
58888.336331989995 2458888.837284058 123.18266159039922 27.999460799619555 0.0 1.0 0.0 7043921.260681167 692303.2529745824 1.196590909090909
58888.337628099995 2458888.8385801897 125.04905999056064 29.86585919978097 0.0 1.0 1.0 7046697.929233032 692593.2883545411 1.196590909090909
58888.338924585 2458888.8398766946 126.91599839483388 31.732797604054213 0.0 1.0 0.0 7046026.606725132 692507.7065518976 1.196590909090909
58888.340220879996 2458888.841173008 128.78266319283284 33.59946240205318 0.0 1.0 1.0 7047751.233051457 692716.312846181 1.196590909090909
58888.341517175 2458888.842469321 130.6493280013092 35.46612721052952 0.0 1.0 0.0 7045057.932958075 692412.9283103801 1.196590909090909
58888.34281329 2458888.8437654525 132.51573359942995 37.332532808650285 0.0 1.0 1.0 7047804.400840299 692694.6558744716 1.196590909090909
58888.34410977 2458888.845061947 134.38266479526646 39.1994640044868 0.0 1.0 0.0 7046810.11038077 692577.827759008 1.196590909090909
58888.345406065 2458888.8463582564 136.24932959326543 41.066128802485764 0.0 1.0 1.0 7046769.78685294 692594.4120558888 1.196590909090909
58888.346702359995 2458888.8476545657 138.1159943912644 42.93279360048473 0.0 1.0 0.0 7047463.612874626 692641.6412646911 1.196590909090909
58888.34799866 2458888.8489508787 139.9826663977001 44.79946560692042 0.0 1.0 1.0 7047508.998229533 692691.822452611 1.196590909090909
58888.349294955 2458888.8502471866 141.84933119569905 46.666130404919386 0.0 1.0 0.0 7046267.351395813 692529.2951704429 1.196590909090909
58888.35059125 2458888.8515434945 143.71599599369802 48.53279520291835 0.0 1.0 1.0 7046379.59781699 692581.7023089493 1.196590909090909
58888.384294955 2458888.8852479253 192.2493312007282 1.866132002323866 0.0 2.0 0.0 7028831.421708758 690852.1948106852 1.196590909090909
58888.38559125 2458888.8865442607 194.11599599872716 3.7327968003228307 0.0 2.0 1.0 7034129.9560707845 691413.9213136102 1.196590909090909
58888.38688736 2458888.88784041 195.98239439888857 5.599195200484246 0.0 2.0 0.0 7034885.980103911 691436.6069595169 1.196590909090909
58888.388183845 2458888.8891369347 197.84933280316181 7.466133604757488 0.0 2.0 1.0 7037096.26491213 691693.5579445678 1.196590909090909
58888.389479955 2458888.890433083 199.71573120332323 9.332532004918903 0.0 2.0 0.0 7036044.295995772 691549.486615224 1.196590909090909
58888.390776435 2458888.8917295993 201.58266239915974 11.199463200755417 0.0 2.0 1.0 7037715.480536238 691756.2078219381 1.196590909090909
58888.392072735 2458888.8930259356 203.44933439511806 13.06613519671373 0.0 2.0 0.0 7037062.270734387 691645.9059947494 1.196590909090909
58888.393369030004 2458888.8943222654 205.3159992035944 14.932800005190074 0.0 2.0 1.0 7037896.837772201 691770.8927477002 1.196590909090909
58888.394665325 2458888.8956185933 207.18266400159337 16.79946480318904 0.0 2.0 0.0 7037390.325239811 691678.4217186035 1.196590909090909
58888.39596162 2458888.89691492 209.04932879959233 18.666129601188004 0.0 2.0 1.0 7038084.642525005 691786.3679757135 1.196590909090909
58888.397257915 2458888.898211245 210.9159935975913 20.53279439918697 0.0 2.0 0.0 7037607.272340132 691694.544159441 1.196590909090909
58888.398554215004 2458888.899507574 212.782665604027 22.39946640562266 0.0 2.0 1.0 7039020.837712754 691875.5165067966 1.196590909090909
58888.39985051 2458888.900803895 214.64933040202595 24.266131203621626 0.0 2.0 0.0 7039506.911414981 691875.4068278276 1.196590909090909
58888.401146805 2458888.902100215 216.51599520002492 26.13279600162059 0.0 2.0 1.0 7039998.210337927 691964.7231196123 1.196590909090909
58888.402443105 2458888.9033965385 218.38266719598323 27.999467997578904 0.0 2.0 0.0 7038961.83708194 691822.7769285021 1.196590909090909
58888.403739400004 2458888.9046928557 220.24933200445957 29.866132806055248 0.0 2.0 1.0 7039524.730383195 691924.7388426154 1.196590909090909
58888.405035695 2458888.9059891705 222.11599680245854 31.732797604054213 0.0 2.0 0.0 7039177.003507916 691844.4666502017 1.196590909090909
58888.40633199 2458888.9072854845 223.9826616004575 33.59946240205318 0.0 2.0 1.0 7040442.016641366 692011.329973314 1.196590909090909
58888.407628285 2458888.9085817966 225.84932639845647 35.46612720005214 0.0 2.0 0.0 7038840.491400778 691812.4358374462 1.196590909090909
58888.408924585 2458888.9098781133 227.71599839441478 37.332799196010455 0.0 2.0 1.0 7041439.582950433 692105.7968381947 1.196590909090909
58888.41022088 2458888.9111744235 229.58266320289113 39.1994640044868 0.0 2.0 0.0 7039123.081510042 691837.6797073307 1.196590909090909
58888.411517175 2458888.912470733 231.4493280008901 41.066128802485764 0.0 2.0 1.0 7041550.918032087 692114.5457106176 1.196590909090909
58888.412813475 2458888.9137670468 233.3159999968484 42.93280079844408 0.0 2.0 0.0 7043918.586027438 692295.9822023805 1.196590909090909
58888.414109770005 2458888.9150633556 235.18266480532475 44.79946560692042 0.0 2.0 1.0 7045635.492416292 692508.2042372257 1.196590909090909
58888.415406065 2458888.9163596635 237.0493296033237 46.666130404919386 0.0 2.0 0.0 7044328.791094471 692341.0083447113 1.196590909090909
58888.41670236 2458888.9176559714 238.91599440132268 48.53279520291835 0.0 2.0 1.0 7044021.896870939 692351.5236965751 1.196590909090909
58888.450417545 2458888.951371881 287.46586079592817 1.8658656044863164 0.0 3.0 0.0 7030041.965660898 690990.9177803138 1.196590909090909
58888.451713845 2458888.952668221 289.33253280236386 3.7325376109220088 0.0 3.0 1.0 7037038.499417997 691691.7154105441 1.196590909090909
58888.45301014 2458888.9539645556 291.1991976003628 5.5992024089209735 0.0 3.0 0.0 7035963.77115026 691538.3418531651 1.196590909090909
58888.454306435 2458888.9552608896 293.0658623983618 7.465867206919938 0.0 3.0 1.0 7038687.445292346 691845.5858617661 1.196590909090909
58888.455602735 2458888.9565572278 294.9325343943201 9.332539202878252 0.0 3.0 0.0 7037902.117454033 691729.3377661713 1.196590909090909
58888.45689903 2458888.95785356 296.79919920279644 11.199204011354595 0.0 3.0 1.0 7041350.967319721 692102.0033902224 1.196590909090909
58888.458195325 2458888.959149891 298.6658640007954 13.06586880935356 0.0 3.0 0.0 7039539.792448234 691885.7742520593 1.196590909090909
58888.45949162 2458888.9604462204 300.5325287987944 14.932533607352525 0.0 3.0 1.0 7040754.068417904 692051.407427758 1.196590909090909
58888.460787915 2458888.9617425487 302.39919359679334 16.79919840535149 0.0 3.0 0.0 7040450.595327403 691970.9148364764 1.196590909090909
58888.462084215 2458888.9630388804 304.26586560322903 18.665870411787182 0.0 3.0 1.0 7041438.122909867 692109.9733159295 1.196590909090909
58888.46338051 2458888.964335205 306.132530401228 20.532535209786147 0.0 3.0 0.0 7041255.583693823 692044.6558267935 1.196590909090909
58888.464676805 2458888.9656315283 307.99919519922696 22.39920000778511 0.0 3.0 1.0 7042167.997350646 692178.6752492867 1.196590909090909
58888.465973105 2458888.9669278553 309.8658671951853 24.265872003743425 0.0 3.0 0.0 7042081.04665408 692126.497009951 1.196590909090909
58888.467269400004 2458888.9682241757 311.7325320036616 26.13253681221977 0.0 3.0 1.0 7041531.566082855 692095.4758587392 1.196590909090909
58888.46856588 2458888.9695206787 313.59946319949813 27.999468008056283 0.0 3.0 0.0 7040501.030290219 691973.3019373284 1.196590909090909
58888.46986199 2458888.9708168106 315.46586159965955 29.8658664082177 0.0 3.0 1.0 7041651.17703515 692124.1323741302 1.196590909090909
58888.471158285 2458888.972113126 317.3325263976585 31.732531206216663 0.0 3.0 0.0 7039713.230161128 691895.134892088 1.196590909090909
58888.472454585004 2458888.973409445 319.1991984040942 33.599203212652355 0.0 3.0 1.0 7042217.971692661 692185.8303305855 1.196590909090909
58888.47375088 2458888.974705757 321.06586320209317 35.46586801065132 0.0 3.0 0.0 7042269.930286138 692142.2682124339 1.196590909090909
58888.475047175 2458888.9760020687 322.93252800009213 37.332532808650285 0.0 3.0 1.0 7041592.900962115 692124.3011882197 1.196590909090909
58888.476343475 2458888.977298384 324.79919999605045 39.1992048046086 0.0 3.0 0.0 7039542.201939355 691876.0431281539 1.196590909090909
58888.477639770004 2458888.978594694 326.6658648045268 41.06586961308494 0.0 3.0 1.0 7042610.971099044 692213.6580267319 1.196590909090909
58888.478936065 2458888.9798910026 328.53252960252576 42.93253441108391 0.0 3.0 0.0 7041636.375823847 692079.1567083461 1.196590909090909
58888.48023236 2458888.981187311 330.3991944005247 44.79919920908287 0.0 3.0 1.0 7042777.238074878 692231.6833720542 1.196590909090909
58888.48152866 2458888.982483624 332.26586639648303 46.665871205041185 0.0 3.0 0.0 7040622.841114188 691981.8390998248 1.196590909090909
58888.482824955 2458888.9837799324 334.132531194482 48.53253600304015 0.0 3.0 1.0 7042972.46535938 692253.5904780186 1.196590909090909
58946.83767614 2458947.3393639354 1.8658656044863164 1.8658656044863164 1.0 4.0 0.0 6989051.83114677 687042.4858192074 1.196590909090909
58946.838972435 2458947.3406602414 3.7325304024852812 3.7325304024852812 1.0 4.0 1.0 7017955.718656322 689850.0253870884 1.196590909090909
58946.84026873 2458947.3419565475 5.599195200484246 5.599195200484246 1.0 4.0 0.0 7022944.797152885 690301.6742674654 1.196590909090909
58946.84156503 2458947.3432528577 7.465867206919938 7.465867206919938 1.0 4.0 1.0 7037801.776329311 691758.4808435326 1.196590909090909
58946.842861325 2458947.3445491623 9.332532004918903 9.332532004918903 1.0 4.0 0.0 7037398.990149969 691696.6957495651 1.196590909090909
58946.84415762 2458947.3458454665 11.199196802917868 11.199196802917868 1.0 4.0 1.0 7046439.08103076 692584.6855395655 1.196590909090909
58946.84545392 2458947.3471417744 13.06586880935356 13.06586880935356 1.0 4.0 0.0 7046133.194626832 692530.333492377 1.196590909090909
58946.846750215 2458947.348438077 14.932533607352525 14.932533607352525 1.0 4.0 1.0 7053521.780933525 693269.3613102892 1.196590909090909
58946.84804651 2458947.3497343785 16.79919840535149 16.79919840535149 1.0 4.0 0.0 7051050.678545332 693005.9442378577 1.196590909090909
58946.849342805 2458947.3510306785 18.665863203350455 18.665863203350455 1.0 4.0 1.0 7055112.433785373 693421.9859371317 1.196590909090909
58946.8506391 2458947.3523269785 20.53252800134942 20.53252800134942 1.0 4.0 0.0 7054273.455507994 693313.6242089791 1.196590909090909
58946.8519354 2458947.3536232817 22.39920000778511 22.39920000778511 1.0 4.0 1.0 7060324.962320964 693919.9803348834 1.196590909090909
58946.853231695 2458947.354919579 24.265864805784076 24.265864805784076 1.0 4.0 0.0 7056907.940944567 693561.5197412932 1.196590909090909
58946.85452799 2458947.356215875 26.13252960378304 26.13252960378304 1.0 4.0 1.0 7060381.563655828 693917.2636377254 1.196590909090909
58946.85582429 2458947.3575121756 27.999201610218734 27.999201610218734 1.0 4.0 0.0 7057835.109995827 693655.8038212872 1.196590909090909
58946.857120585 2458947.35880847 29.8658664082177 29.8658664082177 1.0 4.0 1.0 7061800.189560225 694044.715797222 1.196590909090909
58946.85841688 2458947.3601047634 31.732531206216663 31.732531206216663 1.0 4.0 0.0 7059905.015685857 693852.4941798743 1.196590909090909
58946.859713175 2458947.361401056 33.59919600421563 33.59919600421563 1.0 4.0 1.0 7061703.551135025 694054.1489556014 1.196590909090909
58946.861009475004 2458947.3626973527 35.46586801065132 35.46586801065132 1.0 4.0 0.0 7060223.9391508065 693888.6999114683 1.196590909090909
58946.86230577 2458947.3639936442 37.332532808650285 37.332532808650285 1.0 4.0 1.0 7062160.906099618 694096.9797710819 1.196590909090909
58946.863602065 2458947.3652899344 39.19919760664925 39.19919760664925 1.0 4.0 0.0 7060501.764383626 693908.5727755956 1.196590909090909
58946.86489836 2458947.3665862246 41.065862404648215 41.065862404648215 1.0 4.0 1.0 7063098.388382293 694182.1159560698 1.196590909090909
58946.866194660004 2458947.3678825195 42.93253441108391 42.93253441108391 1.0 4.0 0.0 7060196.991040379 693875.5287865545 1.196590909090909
58946.867490955 2458947.3691788097 44.79919920908287 44.79919920908287 1.0 4.0 1.0 7063714.61563984 694237.0639687513 1.196590909090909
58946.86878725 2458947.370475099 46.66586400708184 46.66586400708184 1.0 4.0 0.0 7063463.093036994 694192.2393298085 1.196590909090909
58946.870083545 2458947.3717713887 48.5325288050808 48.5325288050808 1.0 4.0 1.0 7063553.2458519135 694221.4527081848 1.196590909090909
58946.900754845 2458947.4024427715 92.69920080900192 1.8658656044863164 1.0 5.0 0.0 7048411.266612438 692750.664839425 1.196590909090909
58946.90205114 2458947.4037390784 94.56586560700089 3.7325304024852812 1.0 5.0 1.0 7057803.630937949 693685.2088642581 1.196590909090909
58946.903347435 2458947.4050353845 96.43253040499985 5.599195200484246 1.0 5.0 0.0 7055519.673418423 693442.852186406 1.196590909090909
58946.904643735004 2458947.4063316956 98.29920241143554 7.465867206919938 1.0 5.0 1.0 7058919.52751199 693793.2397795864 1.196590909090909
58946.90594003 2458947.4076280016 100.16586720943451 9.332532004918903 1.0 5.0 0.0 7057813.093956423 693659.4729041908 1.196590909090909
58946.907236325 2458947.408924307 102.03253200743347 11.199196802917868 1.0 5.0 1.0 7060205.955802528 693907.9588645507 1.196590909090909
58946.90853262 2458947.410220612 103.89919680543244 13.065861600916833 1.0 5.0 0.0 7057890.5144422315 693664.4631952426 1.196590909090909
58946.909828915 2458947.411516916 105.7658616034314 14.932526398915797 1.0 5.0 1.0 7062859.794834223 694170.3673674867 1.196590909090909
58946.911125215 2458947.4128132244 107.6325336098671 16.79919840535149 1.0 5.0 0.0 7061738.554705248 694030.4592992635 1.196590909090909
58946.91242151 2458947.414109527 109.49919840786606 18.665863203350455 1.0 5.0 1.0 7061654.396656468 694052.1409870813 1.196590909090909
58946.913717805 2458947.415405829 111.36586320586503 20.53252800134942 1.0 5.0 0.0 7061229.850105537 693986.0110985562 1.196590909090909
58946.915014105 2458947.4167021345 113.23253520182334 22.399199997307733 1.0 5.0 1.0 7062894.184243429 694171.8916605617 1.196590909090909
58946.9163104 2458947.417998434 115.09920001029968 24.265864805784076 1.0 5.0 0.0 7062190.203417356 694075.8077738665 1.196590909090909
58946.917606695 2458947.419294733 116.96586480829865 26.13252960378304 1.0 5.0 1.0 7062460.729106859 694124.3681883352 1.196590909090909
58946.91890299 2458947.4205910307 118.83252960629761 27.999194401782006 1.0 5.0 0.0 7061753.328272902 694023.7278950547 1.196590909090909
58946.920199285 2458947.421887327 120.69919440429658 29.86585919978097 1.0 5.0 1.0 7062793.075880786 694153.870370794 1.196590909090909
58946.921495585004 2458947.4231836274 122.56586641073227 31.732531206216663 1.0 5.0 0.0 7062471.113152606 694099.6217953332 1.196590909090909
58946.92279188 2458947.4244799227 124.43253120873123 33.59919600421563 1.0 5.0 1.0 7063543.731401847 694231.4687492424 1.196590909090909
58946.924088175 2458947.425776216 126.2991960067302 35.46586080221459 1.0 5.0 0.0 7062086.9160119565 694067.4589655487 1.196590909090909
58946.925384475 2458947.427072514 128.1658680026885 37.332532798172906 1.0 5.0 1.0 7063732.726606734 694242.0791012145 1.196590909090909
58946.926680770004 2458947.428368806 130.03253281116486 39.19919760664925 1.0 5.0 0.0 7061637.56562531 694016.2510025656 1.196590909090909
58946.927977065 2458947.4296650975 131.89919760916382 41.065862404648215 1.0 5.0 1.0 7065188.625494323 694385.0103847753 1.196590909090909
58946.92927336 2458947.4309613886 133.76586240716279 42.93252720264718 1.0 5.0 0.0 7059854.468795459 693849.8425722334 1.196590909090909
58946.930569660006 2458947.432257684 135.63253441359848 44.79919920908287 1.0 5.0 1.0 7064158.517866245 694290.1473105312 1.196590909090909
58946.931865955004 2458947.4335539737 137.49919921159744 46.66586400708184 1.0 5.0 0.0 7060328.577627026 693885.9405928499 1.196590909090909
58946.93316225 2458947.434850264 139.3658640095964 48.5325288050808 1.0 5.0 1.0 7062710.5907649975 694144.6654079477 1.196590909090909
58946.966831325 2458947.4685194087 187.84933200571686 1.865872791968286 1.0 6.0 0.0 7043692.829006164 692303.9712633035 1.196590909090909
58946.96812762 2458947.4698157148 189.71599680371583 3.732537589967251 1.0 6.0 1.0 7049708.276693552 692903.3153834909 1.196590909090909
58946.96942392 2458947.471112026 191.58266881015152 5.599209596402943 1.0 6.0 0.0 7049957.357549463 692904.3913579173 1.196590909090909
58946.970720215 2458947.472408332 193.44933360815048 7.465874394401908 1.0 6.0 1.0 7053362.095854776 693257.724163952 1.196590909090909
58946.97201651 2458947.473704638 195.31599840614945 9.332539192400873 1.0 6.0 0.0 7051372.512863756 693043.8292119378 1.196590909090909
58946.973312805 2458947.475000943 197.1826632041484 11.199203990399837 1.0 6.0 1.0 7054364.412265201 693349.5786425311 1.196590909090909
58946.9746091 2458947.4762972477 199.04932800214738 13.065868788398802 1.0 6.0 0.0 7052961.83141938 693186.5305352353 1.196590909090909
58946.9759054 2458947.477593557 200.91600000858307 14.932540794834495 1.0 6.0 1.0 7055140.735599893 693420.9998457076 1.196590909090909
58946.977201695 2458947.4788898607 202.78266480658203 16.79920559283346 1.0 6.0 0.0 7053662.2926614275 693261.1654772541 1.196590909090909
58946.97849799 2458947.480186163 204.649329604581 18.665870390832424 1.0 6.0 1.0 7057183.502586603 693618.215142745 1.196590909090909
58946.979794290004 2458947.4814824695 206.5160016110167 20.532542397268116 1.0 6.0 0.0 7054210.313419899 693307.5671085172 1.196590909090909
58946.981090585 2458947.48277877 208.38266640901566 22.39920719526708 1.0 6.0 1.0 7056475.62734202 693556.8769723733 1.196590909090909
58946.98238688 2458947.48407507 210.24933120701462 24.265871993266046 1.0 6.0 0.0 7056298.24303377 693508.1842159674 1.196590909090909
58946.983683175 2458947.4853713685 212.11599600501359 26.13253679126501 1.0 6.0 1.0 7056367.78859345 693520.3199097632 1.196590909090909
58946.984979475004 2458947.4866676712 213.98266801144928 27.999208797700703 1.0 6.0 0.0 7054443.809566104 693325.1875667966 1.196590909090909
58946.98627577 2458947.4879639675 215.84933280944824 29.865873595699668 1.0 6.0 1.0 7058781.342732765 693771.0700856687 1.196590909090909
58946.987572065 2458947.4892602633 217.7159976074472 31.732538393698633 1.0 6.0 0.0 7054542.092464921 693330.0038747668 1.196590909090909
58946.98886836 2458947.490556558 219.58266240544617 33.5992031916976 1.0 6.0 1.0 7057379.522265667 693633.5156827985 1.196590909090909
58946.990164660005 2458947.4918528567 221.44933441188186 35.46587519813329 1.0 6.0 0.0 7054334.513206996 693315.2147815599 1.196590909090909
58946.991460955 2458947.4931491497 223.31599920988083 37.332539996132255 1.0 6.0 1.0 7059422.833439389 693830.9024732994 1.196590909090909
58946.99275725 2458947.4944454418 225.1826640078798 39.19920479413122 1.0 6.0 0.0 7059912.90042297 693852.0279609694 1.196590909090909
58946.994053545 2458947.4957417333 227.04932880587876 41.065869592130184 1.0 6.0 1.0 7060624.531757598 693948.8041908236 1.196590909090909
58946.995349845005 2458947.497038029 228.91600081231445 42.93254159856588 1.0 6.0 0.0 7060568.2490649205 693914.3921135529 1.196590909090909
58946.99664614 2458947.4983343193 230.78266561031342 44.79920639656484 1.0 6.0 1.0 7059290.06409666 693822.7507340133 1.196590909090909
58946.997942435 2458947.49963061 232.64933040831238 46.665871194563806 1.0 6.0 0.0 7058901.074966754 693752.4728601378 1.196590909090909
58946.99923873 2458947.5009268997 234.51599520631135 48.53253599256277 1.0 6.0 1.0 7061654.339341557 694043.6997054286 1.196590909090909
58947.03290762 2458947.5345958583 282.99919680459425 1.8658656044863164 1.0 7.0 0.0 7048036.577292423 692721.4213542484 1.196590909090909
58947.034203920004 2458947.5358921695 284.86586881102994 3.7325376109220088 1.0 7.0 1.0 7054200.853289398 693337.178451198 1.196590909090909
58947.035500215 2458947.5371884755 286.7325336090289 5.5992024089209735 1.0 7.0 0.0 7053216.597995602 693220.4046093955 1.196590909090909
58947.03679651 2458947.538484782 288.59919840702787 7.465867206919938 1.0 7.0 1.0 7056043.985255516 693515.4738580094 1.196590909090909
58947.038092805 2458947.5397810875 290.46586320502684 9.332532004918903 1.0 7.0 0.0 7055141.464598102 693400.1565616918 1.196590909090909
58947.0393891 2458947.5410773926 292.3325280030258 11.199196802917868 1.0 7.0 1.0 7057526.597587639 693655.0737687439 1.196590909090909
58947.0406854 2458947.542373702 294.1992000094615 13.06586880935356 1.0 7.0 0.0 7056251.485162996 693509.9519098947 1.196590909090909
58947.041981695 2458947.5436700066 296.06586480746046 14.932533607352525 1.0 7.0 1.0 7058765.762577596 693778.476921581 1.196590909090909
58947.04327799 2458947.5449663093 297.9325296054594 16.79919840535149 1.0 7.0 0.0 7059001.043960557 693772.9774046282 1.196590909090909
58947.044574290005 2458947.5462626168 299.7992016118951 18.665870411787182 1.0 7.0 1.0 7058225.901557159 693721.2339648796 1.196590909090909
58947.045870585 2458947.5475589186 301.6658664098941 20.532535209786147 1.0 7.0 0.0 7058240.493599198 693693.8543120829 1.196590909090909
58947.04716688 2458947.5488552195 303.53253120789304 22.39920000778511 1.0 7.0 1.0 7060383.749864361 693929.1319863078 1.196590909090909
58947.048463175 2458947.550151519 305.399196005892 24.265864805784076 1.0 7.0 0.0 7057317.373457729 693606.4759519253 1.196590909090909
58947.049759475005 2458947.5514478222 307.2658680123277 26.13253681221977 1.0 7.0 1.0 7059288.8791426625 693821.8989010863 1.196590909090909
58947.05105577 2458947.55274412 309.13253281032667 27.999201610218734 1.0 7.0 0.0 7059123.941591815 693782.5315253567 1.196590909090909
58947.052352065 2458947.5540404166 310.99919760832563 29.8658664082177 1.0 7.0 1.0 7059879.909251965 693877.2714740783 1.196590909090909
58947.05364836 2458947.5553367124 312.8658624063246 31.732531206216663 1.0 7.0 0.0 7058849.839775796 693748.8546886696 1.196590909090909
58947.054944660005 2458947.556633012 314.7325344127603 33.599203212652355 1.0 7.0 1.0 7060496.268803306 693929.4418357937 1.196590909090909
58947.056240955004 2458947.5579293054 316.59919921075925 35.46586801065132 1.0 7.0 0.0 7058314.232436918 693698.8492114164 1.196590909090909
58947.05753725 2458947.559225599 318.4658640087582 37.332532808650285 1.0 7.0 1.0 7059904.309185889 693873.5296387043 1.196590909090909
58947.058833545 2458947.560521891 320.3325288067572 39.19919760664925 1.0 7.0 0.0 7058698.955588318 693737.4248127791 1.196590909090909
58947.060129845006 2458947.5618181876 322.1992008131929 41.06586961308494 1.0 7.0 1.0 7059782.856556246 693863.96504017 1.196590909090909
58947.061426140004 2458947.5631144783 324.06586561119184 42.93253441108391 1.0 7.0 0.0 7059274.542446694 693796.0712199416 1.196590909090909
58947.062722435 2458947.564410769 325.9325304091908 44.79919920908287 1.0 7.0 1.0 7059000.697510446 693788.683099939 1.196590909090909
58947.06401873 2458947.565707059 327.79919520718977 46.66586400708184 1.0 7.0 0.0 7057441.661264935 693612.5570783251 1.196590909090909
58947.065315030006 2458947.567003354 329.66586721362546 48.53253601351753 1.0 7.0 1.0 7061933.512566911 694074.6747680594 1.196590909090909
59120.318630155 2459120.8177504004 1.8658656044863164 1.8658656044863164 2.0 8.0 0.0 7004768.14837796 688566.0984993125 1.196590909090909
59120.319926455 2459120.819046701 3.73253760044463 3.73253760044463 2.0 8.0 1.0 7024970.889857136 690532.6428670753 1.196590909090909
59120.321222750004 2459120.8203429957 5.5992024089209735 5.5992024089209735 2.0 8.0 0.0 7027640.915663545 690763.9631927047 1.196590909090909
59120.322519045 2459120.82163929 7.465867206919938 7.465867206919938 2.0 8.0 1.0 7037914.078600766 691775.2412965053 1.196590909090909
59120.32381534 2459120.822935584 9.332532004918903 9.332532004918903 2.0 8.0 0.0 7038225.455245689 691782.5529236557 1.196590909090909
59120.32511164 2459120.824231882 11.199204000877216 11.199204000877216 2.0 8.0 1.0 7045568.118069788 692506.3680412155 1.196590909090909
59120.326407935 2459120.8255281746 13.065868798876181 13.065868798876181 2.0 8.0 0.0 7045305.153079583 692458.2594826759 1.196590909090909
59120.32770423 2459120.8268244658 14.932533607352525 14.932533607352525 2.0 8.0 1.0 7051142.095930497 693040.7836436995 1.196590909090909
59120.329000525 2459120.8281207564 16.79919840535149 16.79919840535149 2.0 8.0 0.0 7048445.586158547 692758.953064961 1.196590909090909
59120.330296825 2459120.829417051 18.665870401309803 18.665870401309803 2.0 8.0 1.0 7054446.211016154 693362.8120119676 1.196590909090909
59120.331593120005 2459120.830713339 20.532535209786147 20.532535209786147 2.0 8.0 0.0 7050775.9257777035 692987.181520746 1.196590909090909
59120.332889415 2459120.832009626 22.39920000778511 22.39920000778511 2.0 8.0 1.0 7057053.964274671 693612.2604900196 1.196590909090909
59120.334185715 2459120.833305917 24.265872003743425 24.265872003743425 2.0 8.0 0.0 7054801.704189676 693375.4936143786 1.196590909090909
59120.33548201 2459120.8346022028 26.13253680174239 26.13253680174239 2.0 8.0 1.0 7057779.159310311 693687.4687306231 1.196590909090909
59120.336778305 2459120.8358984864 27.999201599741355 27.999201599741355 2.0 8.0 0.0 7055454.141120372 693435.6107375062 1.196590909090909
59120.338074600004 2459120.837194769 29.8658664082177 29.8658664082177 2.0 8.0 1.0 7060516.166677314 693946.8792412842 1.196590909090909
59120.339370895 2459120.838491051 31.732531206216663 31.732531206216663 2.0 8.0 0.0 7059709.341968086 693845.3076679033 1.196590909090909
59120.340667195 2459120.839787337 33.59920320217498 33.59920320217498 2.0 8.0 1.0 7061696.343134129 694061.6808850605 1.196590909090909
59120.341963490006 2459120.841083617 35.46586801065132 35.46586801065132 2.0 8.0 0.0 7057407.593841077 693620.8633137174 1.196590909090909
59120.343259785004 2459120.842379896 37.332532808650285 37.332532808650285 2.0 8.0 1.0 7062676.826876578 694149.8855350025 1.196590909090909
59120.344556085 2459120.8436761796 39.1992048046086 39.1992048046086 2.0 8.0 0.0 7059035.782405892 693780.8687439202 1.196590909090909
59120.34585238 2459120.844972458 41.06586960260756 41.06586960260756 2.0 8.0 1.0 7062051.750468938 694089.3921563199 1.196590909090909
59120.347148675 2459120.846268736 42.93253440060653 42.93253440060653 2.0 8.0 0.0 7058198.670999817 693699.2261403996 1.196590909090909
59120.348444970004 2459120.847565013 44.79919920908287 44.79919920908287 2.0 8.0 1.0 7059814.707351276 693873.6988899973 1.196590909090909
59120.349741265 2459120.8488612906 46.66586400708184 46.66586400708184 2.0 8.0 0.0 7057227.208687735 693600.760178983 1.196590909090909
59120.351037565 2459120.850157573 48.53253600304015 48.53253600304015 2.0 8.0 1.0 7060299.871480531 693924.5761309653 1.196590909090909
59120.382449785 2459120.8815695937 93.76613280270249 1.866132002323866 2.0 9.0 0.0 7046024.063973776 692538.1911939213 1.196590909090909
59120.383746085 2459120.8828658946 95.6328047986608 3.7328039982821792 2.0 9.0 1.0 7051249.878822883 693063.0809035258 1.196590909090909
59120.38504238 2459120.8841621904 97.49946960713714 5.599468806758523 2.0 9.0 0.0 7052628.994564512 693171.2252333659 1.196590909090909
59120.38633849 2459120.8854583004 99.36586800729856 7.465867206919938 2.0 9.0 1.0 7055205.439849933 693438.4905133719 1.196590909090909
59120.38763497 2459120.88675478 101.23279920313507 9.332798402756453 2.0 9.0 0.0 7053965.602518039 693297.2483789381 1.196590909090909
59120.38893108 2459120.8880508896 103.09919760329649 11.199196802917868 2.0 9.0 1.0 7060388.460459506 693943.6060609652 1.196590909090909
59120.390227565 2459120.8893473735 104.96613600756973 13.06613520719111 2.0 9.0 0.0 7054868.9898711415 693377.4598767915 1.196590909090909
59120.39152386 2459120.8906436665 106.8328008055687 14.932800005190074 2.0 9.0 1.0 7058208.747492822 693728.2952797856 1.196590909090909
59120.392820155 2459120.8919399586 108.69946560356766 16.79946480318904 2.0 9.0 0.0 7055630.3899317505 693454.2334364578 1.196590909090909
59120.39411627 2459120.89323607 110.56587120168842 18.665870401309803 2.0 9.0 1.0 7057593.796685724 693669.1062159679 1.196590909090909
59120.395412750004 2459120.8945325455 112.43280240800232 20.532801607623696 2.0 9.0 0.0 7056698.686134145 693556.5719159043 1.196590909090909
59120.396709045 2459120.8958288347 114.29946720600128 22.39946640562266 2.0 9.0 1.0 7058460.619610031 693751.4873424512 1.196590909090909
59120.39800534 2459120.8971251226 116.16613200400025 24.266131203621626 2.0 9.0 0.0 7057153.164456995 693600.4233710574 1.196590909090909
59120.399301640005 2459120.898421415 118.03280401043594 26.132803210057318 2.0 9.0 1.0 7058244.34834743 693725.1314128508 1.196590909090909
59120.400597935004 2459120.8997177007 119.8994688084349 27.999468008056283 2.0 9.0 0.0 7056538.518710382 693541.3981760511 1.196590909090909
59120.40189423 2459120.9010139853 121.76613360643387 29.866132806055248 2.0 9.0 1.0 7060370.069163828 693931.6393826879 1.196590909090909
59120.403190525 2459120.902310269 123.63279840443283 31.732797604054213 2.0 9.0 0.0 7058094.502890595 693695.2743135502 1.196590909090909
59120.404486825 2459120.903606557 125.49947040039115 33.599469600012526 2.0 9.0 1.0 7059995.758166386 693900.9548528469 1.196590909090909
59120.405783120004 2459120.9049028386 127.36613520886749 35.46613440848887 2.0 9.0 0.0 7059130.451318152 693786.0370362094 1.196590909090909
59120.407079415 2459120.906199119 129.23280000686646 37.332799206487834 2.0 9.0 1.0 7060217.702660615 693917.9881702896 1.196590909090909
59120.408375715 2459120.9074954037 131.09947200282477 39.19947120244615 2.0 9.0 0.0 7056312.903984715 693519.7762534323 1.196590909090909
59120.40967201 2459120.908791683 132.96613680082373 41.06613600044511 2.0 9.0 1.0 7058581.343025528 693757.2463097197 1.196590909090909
59120.410968305 2459120.9100879612 134.8328015988227 42.93280079844408 2.0 9.0 0.0 7058550.970990283 693729.6040909666 1.196590909090909
59120.4122646 2459120.9113842393 136.69946640729904 44.79946560692042 2.0 9.0 1.0 7057985.432593286 693695.905673181 1.196590909090909
59120.413560895 2459120.9126805165 138.566131205298 46.666130404919386 2.0 9.0 0.0 7057272.528112312 693606.1440662986 1.196590909090909
59120.414857195 2459120.9139767997 140.43280320125632 48.5328024008777 2.0 9.0 1.0 7060902.441912616 693980.7362044245 1.196590909090909
59120.44857238 2459120.947691755 188.9826696063392 1.865872802445665 2.0 10.0 0.0 7040328.655659548 691986.5026248585 1.196590909090909
59120.449868675 2459120.9489880507 190.84933440433815 3.73253760044463 2.0 10.0 1.0 7045817.717343239 692541.8078303835 1.196590909090909
59120.45116497 2459120.9502843465 192.71599920233712 5.599202398443595 2.0 10.0 0.0 7045231.154235033 692455.554572756 1.196590909090909
59120.452461265 2459120.951580642 194.58266400033608 7.465867196442559 2.0 10.0 1.0 7048876.985340365 692832.8525197692 1.196590909090909
59120.453757565 2459120.9528769418 196.44933600677177 9.332539202878252 2.0 10.0 0.0 7047622.031723664 692682.3934491357 1.196590909090909
59120.45505386 2459120.954173236 198.31600080477074 11.199204000877216 2.0 10.0 1.0 7048750.619836264 692811.1276101889 1.196590909090909
59120.456350155 2459120.9554695305 200.1826656027697 13.065868798876181 2.0 10.0 0.0 7048081.250454419 692730.3054276177 1.196590909090909
59120.457646455 2459120.9567658287 202.04933759872802 14.932540794834495 2.0 10.0 1.0 7051607.018713198 693089.7506677159 1.196590909090909
59120.45894275 2459120.9580621207 203.91600240720436 16.79920560331084 2.0 10.0 0.0 7049068.598227334 692821.3649620938 1.196590909090909
59120.460239045 2459120.959358412 205.78266720520332 18.665870401309803 2.0 10.0 1.0 7051189.616162937 693052.438080342 1.196590909090909
59120.46153534 2459120.9606547025 207.6493320032023 20.532535199308768 2.0 10.0 0.0 7049811.589022731 692889.8378796555 1.196590909090909
59120.462831640005 2459120.961950997 209.51600400963798 22.39920720574446 2.0 10.0 1.0 7052148.420765149 693145.2772905909 1.196590909090909
59120.464127935 2459120.9632472848 211.38266880763695 24.265872003743425 2.0 10.0 0.0 7050922.193403183 692999.5823173311 1.196590909090909
59120.46542423 2459120.9645435717 213.2493336056359 26.13253680174239 2.0 10.0 1.0 7052802.202684548 693205.9422906411 1.196590909090909
59120.466720525 2459120.965839858 215.11599840363488 27.999201599741355 2.0 10.0 0.0 7049625.294801108 692875.0286878812 1.196590909090909
59120.468016825 2459120.967136148 216.9826703995932 29.865873595699668 2.0 10.0 1.0 7054168.890875451 693337.5195996006 1.196590909090909
59120.469313120004 2459120.968432431 218.84933520806953 31.73253840417601 2.0 10.0 0.0 7051713.234639155 693078.8147147471 1.196590909090909
59120.470609415 2459120.969728714 220.7160000060685 33.59920320217498 2.0 10.0 1.0 7052715.306640614 693197.5881107075 1.196590909090909
59120.471905715 2459120.9710250003 222.5826720020268 35.46587519813329 2.0 10.0 0.0 7049670.667973008 692884.773500283 1.196590909090909
59120.473202010005 2459120.972321281 224.44933681050315 37.332540006609634 2.0 10.0 1.0 7053758.128735339 693299.1347075624 1.196590909090909
59120.474498305004 2459120.9736175607 226.31600160850212 39.1992048046086 2.0 10.0 0.0 7051248.94561179 693031.0309424221 1.196590909090909
59120.4757946 2459120.9749138397 228.18266640650108 41.06586960260756 2.0 10.0 1.0 7053470.696315926 693271.4218584917 1.196590909090909
59120.477090895 2459120.9762101183 230.04933120450005 42.93253440060653 2.0 10.0 0.0 7050840.955225353 692984.6763485337 1.196590909090909
59120.478387195 2459120.9775064015 231.91600320045836 44.79920639656484 2.0 10.0 1.0 7053351.513693462 693257.475886484 1.196590909090909
59120.479683490004 2459120.9788026786 233.7826680089347 46.665871205041185 2.0 10.0 0.0 7051388.408007809 693039.8516569149 1.196590909090909
59120.480979785 2459120.980098956 235.64933280693367 48.53253600304015 2.0 10.0 1.0 7054052.174113387 693321.2271221868 1.196590909090909
59120.51469497 2459121.0138139124 284.19919920153916 1.865858396049589 2.0 11.0 0.0 7042414.983697285 692190.3202740151 1.196590909090909
59120.515991265 2459121.015110208 286.0658639995381 3.7325231940485537 2.0 11.0 1.0 7050582.218205664 692996.1604920699 1.196590909090909
59120.517287565 2459121.016406509 287.9325360059738 5.599195200484246 2.0 11.0 0.0 7048732.505235882 692793.9619929941 1.196590909090909
59120.51858386 2459121.0177028044 289.7992008039728 7.465859998483211 2.0 11.0 1.0 7052469.339664506 693178.3650604257 1.196590909090909
59120.519880155 2459121.0189991 291.66586560197175 9.332524796482176 2.0 11.0 0.0 7050932.326256171 693005.8044058175 1.196590909090909
59120.521176455004 2459121.0202953997 293.53253760840744 11.199196802917868 2.0 11.0 1.0 7052833.557957721 693210.2536116998 1.196590909090909
59120.52247275 2459121.0215916936 295.3992024064064 13.065861600916833 2.0 11.0 0.0 7049941.2089920975 692905.3218270829 1.196590909090909
59120.523769045 2459121.0228879866 297.26586720440537 14.932526398915797 2.0 11.0 1.0 7054330.814317729 693373.0199754268 1.196590909090909
59120.52506534 2459121.024184279 299.13253200240433 16.799191196914762 2.0 11.0 0.0 7051457.382327992 693047.8586302968 1.196590909090909
59120.526361640004 2459121.025480576 300.99920400884 18.665863203350455 2.0 11.0 1.0 7055021.5464274185 693445.4272476151 1.196590909090909
59120.527657935 2459121.026776866 302.865868806839 20.53252800134942 2.0 11.0 0.0 7053327.064279117 693229.4087628678 1.196590909090909
59120.52895423 2459121.0280731553 304.73253360483795 22.399192799348384 2.0 11.0 1.0 7054910.700067804 693410.6211913347 1.196590909090909
59120.530250525 2459121.0293694437 306.5991984028369 24.26585759734735 2.0 11.0 0.0 7053387.052115894 693235.7591894825 1.196590909090909
59120.531546825 2459121.0306657357 308.46587039879523 26.132529593305662 2.0 11.0 1.0 7055977.381839965 693517.902585586 1.196590909090909
59120.53284312 2459121.0319620213 310.3325352072716 27.999194401782006 2.0 11.0 0.0 7055823.809346615 693475.0415648734 1.196590909090909
59120.534139415 2459121.033258306 312.19920000527054 29.86585919978097 2.0 11.0 1.0 7054122.808886756 693333.3836472527 1.196590909090909
59120.535435715 2459121.034554595 314.06587200122885 31.732531195739284 2.0 11.0 0.0 7055197.859448601 693414.6587068088 1.196590909090909
59120.536732010005 2459121.0358508774 315.9325368097052 33.59919600421563 2.0 11.0 1.0 7054163.457888648 693336.5476370753 1.196590909090909
59120.538028305 2459121.0371471588 317.79920160770416 35.46586080221459 2.0 11.0 0.0 7053762.851343921 693272.7407290296 1.196590909090909
59120.5393246 2459121.038443439 319.6658664057031 37.33252560021356 2.0 11.0 1.0 7055366.352699989 693454.5056880836 1.196590909090909
59120.540620895 2459121.0397397196 321.5325312037021 39.19919039821252 2.0 11.0 0.0 7054104.424394964 693307.4439541405 1.196590909090909
59120.541917195 2459121.0410360033 323.3992031996604 41.065862394170836 2.0 11.0 1.0 7055826.285221752 693499.486935801 1.196590909090909
59120.543213490004 2459121.042332282 325.26586800813675 42.93252720264718 2.0 11.0 0.0 7054216.890301019 693318.8585425839 1.196590909090909
59120.544509785 2459121.0436285594 327.1325328061357 44.799192000646144 2.0 11.0 1.0 7055511.2585289255 693463.1458623138 1.196590909090909
59120.545806085 2459121.044924842 328.999204802094 46.66586399660446 2.0 11.0 0.0 7053859.114164833 693272.8364782045 1.196590909090909
59120.547102380006 2459121.0462211194 330.86586961057037 48.5325288050808 2.0 11.0 1.0 7053310.898758432 693250.1464920397 1.196590909090909
59178.899314755 2459179.3987022704 1.8658655940089375 1.8658655940089375 3.0 12.0 0.0 6979512.060306406 686115.6171876985 1.196590909090909
59178.900611054996 2459179.399998604 3.732537589967251 3.732537589967251 3.0 12.0 1.0 7005461.822188965 688660.8747115856 1.196590909090909
59178.901907349995 2459179.401294932 5.599202387966216 5.599202387966216 3.0 12.0 0.0 7009903.002901728 689044.5070877167 1.196590909090909
59178.903203645 2459179.4025912588 7.465867196442559 7.465867196442559 3.0 12.0 1.0 7023878.755176899 690430.6081561958 1.196590909090909
59178.90449994 2459179.4038875857 9.332531994441524 9.332531994441524 3.0 12.0 0.0 7024218.928526324 690423.9790868346 1.196590909090909
59178.905796235 2459179.405183911 11.199196792440489 11.199196792440489 3.0 12.0 1.0 7034529.863536679 691459.573355164 1.196590909090909
59178.907092535 2459179.4064802397 13.065868798876181 13.065868798876181 3.0 12.0 0.0 7033984.774263402 691363.3947576719 1.196590909090909
59178.90838883 2459179.407776562 14.932533596875146 14.932533596875146 3.0 12.0 1.0 7042729.204927604 692249.1383581645 1.196590909090909
59178.909685125 2459179.4090728834 16.79919839487411 16.79919839487411 3.0 12.0 0.0 7039555.275807398 691899.2906433702 1.196590909090909
59178.910981425 2459179.410369208 18.665870390832424 18.665870390832424 3.0 12.0 1.0 7045534.739395398 692518.3052483328 1.196590909090909
59178.912277719995 2459179.4116655253 20.53253518883139 20.53253518883139 3.0 12.0 0.0 7042846.559630381 692211.2941112487 1.196590909090909
59178.913574015 2459179.412961841 22.399199997307733 22.399199997307733 3.0 12.0 1.0 7047381.065126458 692673.9073713379 1.196590909090909
59178.91487031 2459179.4142581555 24.265864795306697 24.265864795306697 3.0 12.0 0.0 7046606.09074648 692569.2985914891 1.196590909090909
59178.91616661 2459179.4155544727 26.13253679126501 26.13253679126501 3.0 12.0 1.0 7050109.428415226 692957.3531499581 1.196590909090909
59178.917462904996 2459179.4168507834 27.999201589263976 27.999201589263976 3.0 12.0 0.0 7047581.843714777 692659.3360505613 1.196590909090909
59178.918759199994 2459179.418147092 29.86586638726294 29.86586638726294 3.0 12.0 1.0 7051973.70841286 693139.500250552 1.196590909090909
59178.920055495 2459179.4194433996 31.732531195739284 31.732531195739284 3.0 12.0 0.0 7050047.901440811 692902.4046986883 1.196590909090909
59178.921351795 2459179.420739711 33.5992031916976 33.5992031916976 3.0 12.0 1.0 7053853.865387626 693322.4523108231 1.196590909090909
59178.922648089996 2459179.422036015 35.46586798969656 35.46586798969656 3.0 12.0 0.0 7051178.505457242 693015.6835794675 1.196590909090909
59178.923944385 2459179.423332318 37.332532798172906 37.332532798172906 3.0 12.0 1.0 7055314.855398686 693461.1063748033 1.196590909090909
59178.925240685 2459179.4246286256 39.19920479413122 39.19920479413122 3.0 12.0 0.0 7051598.411033863 693054.8579557127 1.196590909090909
59178.92653698 2459179.425924927 41.065869592130184 41.065869592130184 3.0 12.0 1.0 7055270.379825065 693460.9165721275 1.196590909090909
59178.927833275 2459179.427221228 42.93253439012915 42.93253439012915 3.0 12.0 0.0 7053521.168612848 693243.879280469 1.196590909090909
59178.929129569995 2459179.428517528 44.799199188128114 44.799199188128114 3.0 12.0 1.0 7056951.869159507 693626.4947492786 1.196590909090909
59178.96190735 2459179.4612957714 91.99920239509083 1.865872802445665 3.0 13.0 0.0 7038712.00586404 691813.2878928848 1.196590909090909
59178.963203645 2459179.4625921003 93.8658671930898 3.73253760044463 3.0 13.0 1.0 7047058.141781866 692662.056565898 1.196590909090909
59178.964499940004 2459179.4638884296 95.73253200156614 5.5992024089209735 3.0 13.0 0.0 7044267.63986674 692339.3739388157 1.196590909090909
59178.965796235 2459179.4651847584 97.5991967995651 7.465867206919938 3.0 13.0 1.0 7049759.802726077 692895.7604626804 1.196590909090909
59178.967092535 2459179.466481092 99.46586879552342 9.332539202878252 3.0 13.0 0.0 7048232.659547645 692727.9743613241 1.196590909090909
59178.96838883 2459179.46777742 101.33253359352238 11.199204000877216 3.0 13.0 1.0 7051124.190098467 693051.3158940197 1.196590909090909
59178.969685125 2459179.4690737473 103.19919839152135 13.065868798876181 3.0 13.0 0.0 7048402.367611744 692740.8219007134 1.196590909090909
59178.970981425 2459179.4703700785 105.06587039795704 14.932540805311874 3.0 13.0 1.0 7053300.981868001 693262.6018851076 1.196590909090909
59178.97227772 2459179.4716664036 106.932535195956 16.79920560331084 3.0 13.0 0.0 7050223.246660493 692924.5965592549 1.196590909090909
59178.973574015 2459179.4729627273 108.79919999395497 18.665870401309803 3.0 13.0 1.0 7054912.014303435 693421.5780206034 1.196590909090909
59178.974870310005 2459179.4742590496 110.66586480243132 20.532535209786147 3.0 13.0 0.0 7052091.660209308 693096.6854449214 1.196590909090909
59178.976166609995 2459179.475555375 112.53253678791225 22.39920719526708 3.0 13.0 1.0 7054579.172402685 693390.8343502025 1.196590909090909
59178.977462905 2459179.4768516943 114.3992015963886 24.265872003743425 3.0 13.0 0.0 7053107.032863534 693199.094579332 1.196590909090909
59178.9787592 2459179.478148011 116.26586639438756 26.13253680174239 3.0 13.0 1.0 7055394.507322748 693468.3624861101 1.196590909090909
59178.980055495 2459179.479444327 118.13253119238652 27.999201599741355 3.0 13.0 0.0 7052749.9214577265 693160.018867426 1.196590909090909
59178.981351795 2459179.4807406454 119.99920319882222 29.865873606177047 3.0 13.0 1.0 7054311.086777516 693363.2676764213 1.196590909090909
59178.98264809 2459179.4820369575 121.86586799682118 31.73253840417601 3.0 13.0 0.0 7050994.897594539 692993.8129890166 1.196590909090909
59178.983944385 2459179.4833332673 123.73253279482014 33.59920320217498 3.0 13.0 1.0 7056063.091433672 693527.0825281588 1.196590909090909
59178.985240685 2459179.4846295808 125.59920479077846 35.46587519813329 3.0 13.0 0.0 7050368.645947858 692931.8496103296 1.196590909090909
59178.986536979995 2459179.485925888 127.46586958877742 37.332539996132255 3.0 13.0 1.0 7055668.338655369 693494.8518490716 1.196590909090909
59178.987833275 2459179.4872221933 129.33253439725377 39.1992048046086 3.0 13.0 0.0 7050739.248797137 692970.008290882 1.196590909090909
59178.98912957 2459179.4885184974 131.19919919525273 41.06586960260756 3.0 13.0 1.0 7053311.594704045 693269.2004382731 1.196590909090909
59178.990425865 2459179.4898148007 133.0658639932517 42.93253440060653 3.0 13.0 0.0 7052652.218149236 693153.9063596716 1.196590909090909
59178.991722164996 2459179.4911111076 134.93253598921 44.79920639656484 3.0 13.0 1.0 7054366.65085228 693368.9684047968 1.196590909090909
59178.993018459994 2459179.4924074085 136.79920078720897 46.665871194563806 3.0 13.0 0.0 7052585.566208921 693146.6672044608 1.196590909090909
59178.994314755 2459179.493703709 138.66586559568532 48.53253600304015 3.0 13.0 1.0 7054486.538118693 693386.4914432488 1.196590909090909
59179.028087905 2459179.527477328 187.29920159094036 1.865872791968286 3.0 14.0 0.0 7033216.127118367 691275.0417945924 1.196590909090909
59179.029384199996 2459179.528773657 189.16586638893932 3.732537589967251 3.0 14.0 1.0 7041630.027892579 692140.1387929092 1.196590909090909
59179.030680494994 2459179.5300699864 191.0325311869383 5.599202387966216 3.0 14.0 0.0 7040676.825426709 692001.421945984 1.196590909090909
59179.031976795 2459179.5313663203 192.89920319337398 7.465874394401908 3.0 14.0 1.0 7042224.259192506 692194.6272666642 1.196590909090909
59179.03327309 2459179.532662649 194.76586799137294 9.332539192400873 3.0 14.0 0.0 7042501.400800531 692174.2162836062 1.196590909090909
59179.034569384996 2459179.533958977 196.6325327893719 11.199203990399837 3.0 14.0 1.0 7047015.127158359 692652.4910216534 1.196590909090909
59179.035865679994 2459179.5352553045 198.49919758737087 13.065868788398802 3.0 14.0 0.0 7043687.1713405475 692287.0204034838 1.196590909090909
59179.03716198 2459179.5365516357 200.36586959380656 14.932540794834495 3.0 14.0 1.0 7046809.39210514 692641.334073065 1.196590909090909
59179.038458275 2459179.537847961 202.23253439180553 16.79920559283346 3.0 14.0 0.0 7044466.677211189 692364.3700812216 1.196590909090909
59179.039754569996 2459179.5391442846 204.0991991898045 18.665870390832424 3.0 14.0 1.0 7047697.65027523 692725.7524013381 1.196590909090909
59179.04105087 2459179.5404406115 205.9658711962402 20.532542397268116 3.0 14.0 0.0 7044177.534489381 692339.2972544824 1.196590909090909
59179.042347165 2459179.541736932 207.83253599423915 22.39920719526708 3.0 14.0 1.0 7047220.1495111 692681.7058687514 1.196590909090909
59179.04364346 2459179.5430332515 209.69920079223812 24.265871993266046 3.0 14.0 0.0 7045162.874515983 692433.5212687972 1.196590909090909
59179.044939755 2459179.5443295687 211.56586559023708 26.13253679126501 3.0 14.0 1.0 7046755.037804226 692634.4187387226 1.196590909090909
59179.046236049995 2459179.545625884 213.43253038823605 27.999201589263976 3.0 14.0 0.0 7045331.486615006 692444.6621002466 1.196590909090909
59179.04753235 2459179.5469222027 215.29920239467174 29.865873595699668 3.0 14.0 1.0 7045807.2446138 692545.9147954015 1.196590909090909
59179.048828645 2459179.548218515 217.1658671926707 31.732538393698633 3.0 14.0 0.0 7044308.520894596 692343.6386551021 1.196590909090909
59179.05012494 2459179.5495148245 219.03253199066967 33.5992031916976 3.0 14.0 1.0 7044991.8149541365 692465.7697115188 1.196590909090909
59179.05142124 2459179.550811138 220.89920399710536 35.46587519813329 3.0 14.0 0.0 7045028.322733568 692416.8750701909 1.196590909090909
59179.052717535 2459179.5521074445 222.76586879510432 37.332539996132255 3.0 14.0 1.0 7047845.876591732 692743.6704306976 1.196590909090909
59179.05401383 2459179.5534037505 224.6325335931033 39.19920479413122 3.0 14.0 0.0 7046490.8939369 692554.2504555279 1.196590909090909
59179.055310125 2459179.554700054 226.49919839110225 41.065869592130184 3.0 14.0 1.0 7048687.090569745 692819.8030371829 1.196590909090909
59179.056606425 2459179.555996362 228.36587039753795 42.93254159856588 3.0 14.0 0.0 7046606.443345058 692571.4341165078 1.196590909090909
59179.05790272 2459179.557292664 230.2325351955369 44.79920639656484 3.0 14.0 1.0 7049381.31939348 692895.3891729487 1.196590909090909
59179.059199015 2459179.5585889653 232.09919999353588 46.665871194563806 3.0 14.0 0.0 7044966.613523167 692414.6870356504 1.196590909090909
59179.06049531 2459179.559885266 233.96586479153484 48.53253599256277 3.0 14.0 1.0 7048238.617542156 692787.6614568909 1.196590909090909
59179.09426846 2459179.5936588855 282.59920079726726 1.865872802445665 3.0 15.0 0.0 7037025.250413151 691643.0790397846 1.196590909090909
59179.095564755 2459179.594955215 284.4658655952662 3.73253760044463 3.0 15.0 1.0 7044671.294750589 692432.0747262114 1.196590909090909
59179.096861055004 2459179.5962515497 286.3325376017019 5.599209606880322 3.0 15.0 0.0 7043656.996899814 692279.2857281644 1.196590909090909
59179.09815735 2459179.5975478785 288.1992023997009 7.465874404879287 3.0 15.0 1.0 7046919.049485533 692644.6764709663 1.196590909090909
59179.099453645 2459179.5988442074 290.06586719769984 9.332539202878252 3.0 15.0 0.0 7044939.876999521 692409.4728335751 1.196590909090909
59179.10074994 2459179.6001405357 291.9325319956988 11.199204000877216 3.0 15.0 1.0 7049167.593773917 692864.9929920508 1.196590909090909
59179.102046235 2459179.6014368627 293.7991967936978 13.065868798876181 3.0 15.0 0.0 7043708.88559658 692282.5057320502 1.196590909090909
59179.103342535 2459179.6027331944 295.66586880013347 14.932540805311874 3.0 15.0 1.0 7049320.65105565 692881.8934796567 1.196590909090909
59179.10463883 2459179.604029519 297.53253359813243 16.79920560331084 3.0 15.0 0.0 7045744.036040421 692505.273085809 1.196590909090909
59179.105935125 2459179.605325843 299.3991983961314 18.665870401309803 3.0 15.0 1.0 7050538.446228898 692992.8660934347 1.196590909090909
59179.107231425 2459179.6066221707 301.2658703920897 20.532542397268116 3.0 15.0 0.0 7046618.266482965 692570.38660244 1.196590909090909
59179.10852772 2459179.607918491 303.13253520056605 22.39920720574446 3.0 15.0 1.0 7047050.1889075935 692661.9586598927 1.196590909090909
59179.109824015 2459179.6092148097 304.999199998565 24.265872003743425 3.0 15.0 0.0 7047491.794716556 692650.0484995315 1.196590909090909
59179.11112031 2459179.6105111274 306.865864796564 26.13253680174239 3.0 15.0 1.0 7051498.693926219 693089.9132740077 1.196590909090909
59179.112416610005 2459179.611807448 308.7325368029997 27.999208808178082 3.0 15.0 0.0 7047273.018737833 692632.1600523146 1.196590909090909
59179.113712905004 2459179.613103761 310.59920160099864 29.865873606177047 3.0 15.0 1.0 7051224.9737521075 693066.5099299481 1.196590909090909
59179.1150092 2459179.614400073 312.4658663989976 31.73253840417601 3.0 15.0 0.0 7048223.939174037 692719.9651866086 1.196590909090909
59179.116305495 2459179.615696383 314.33253119699657 33.59920320217498 3.0 15.0 1.0 7049958.434675682 692946.8066227199 1.196590909090909
59179.117601795 2459179.6169926967 316.1992031929549 35.46587519813329 3.0 15.0 0.0 7048133.125044834 692713.3014139953 1.196590909090909
59179.118898090004 2459179.618289003 318.0658680014312 37.332540006609634 3.0 15.0 1.0 7051487.485678424 693086.1350035161 1.196590909090909
59179.120194385 2459179.6195853082 319.9325327994302 39.1992048046086 3.0 15.0 0.0 7048357.930052732 692738.6267071901 1.196590909090909
59179.121490685 2459179.620881617 321.7992047953885 41.06587680056691 3.0 15.0 1.0 7051035.073633016 693049.9970065694 1.196590909090909
59179.12278698 2459179.6221779203 323.66586959338747 42.93254159856588 3.0 15.0 0.0 7047651.42310097 692669.2906129546 1.196590909090909
59179.124083275 2459179.623474222 325.53253439138643 44.79920639656484 3.0 15.0 1.0 7051172.186200333 693062.0256197624 1.196590909090909
59179.12537957 2459179.624770523 327.3991991998628 46.665871205041185 3.0 15.0 0.0 7048388.864002167 692745.2980708068 1.196590909090909
59179.126675865 2459179.6260668235 329.26586399786174 48.53253600304015 3.0 15.0 1.0 7052086.0861913655 693155.6664815088 1.196590909090909
59269.031274124995 2459269.53252416 1.8661391898058355 1.8661391898058355 4.0 16.0 0.0 6990062.265041242 687129.6393420027 1.196590909090909
59269.03257042 2459269.5338204913 3.7328039982821792 3.7328039982821792 4.0 16.0 1.0 7013957.3105096845 689475.4938877915 1.196590909090909
59269.033866715006 2459269.535116822 5.599468806758523 5.599468806758523 4.0 16.0 0.0 7016405.732255566 689667.4040945406 1.196590909090909
59269.035163010005 2459269.536413152 7.466133604757488 7.466133604757488 4.0 16.0 1.0 7029649.5654779235 690986.6988858823 1.196590909090909
59269.036459309995 2459269.5377094857 9.332805590238422 9.332805590238422 4.0 16.0 0.0 7029416.6520376 690914.996673422 1.196590909090909
59269.03775560499 2459269.539005813 11.199470388237387 11.199470388237387 4.0 16.0 1.0 7038672.160449669 691851.7243661385 1.196590909090909
59269.0390519 2459269.54030214 13.06613519671373 13.06613519671373 4.0 16.0 0.0 7036339.293698172 691584.8669456923 1.196590909090909
59269.040348195005 2459269.5415984653 14.932800005190074 14.932800005190074 4.0 16.0 1.0 7041626.906625648 692136.7541650464 1.196590909090909
59269.041644494995 2459269.542894794 16.79947199067101 16.79947199067101 4.0 16.0 0.0 7040959.4239344355 692025.1950502106 1.196590909090909
59269.04294079 2459269.544191116 18.666136799147353 18.666136799147353 4.0 16.0 1.0 7045673.190518877 692520.9486696093 1.196590909090909
59269.04423708501 2459269.545487437 20.532801607623696 20.532801607623696 4.0 16.0 0.0 7043605.430572592 692278.0220321317 1.196590909090909
59269.045533380006 2459269.5467837555 22.39946640562266 22.39946640562266 4.0 16.0 1.0 7048763.328906752 692818.3292704162 1.196590909090909
59269.046829679995 2459269.5480800774 24.266138391103595 24.266138391103595 4.0 16.0 0.0 7046478.41730076 692554.3597514996 1.196590909090909
59269.048125789996 2459269.549376208 26.13253679126501 26.13253679126501 4.0 16.0 1.0 7052632.325156172 693186.8645697373 1.196590909090909
59269.049422085 2459269.5506725213 27.999201599741355 27.999201599741355 4.0 16.0 0.0 7048990.046739825 692791.9896037368 1.196590909090909
59269.050718385 2459269.551968838 29.865873595699668 29.865873595699668 4.0 16.0 1.0 7050634.080444829 692989.6693151244 1.196590909090909
59269.05201468 2459269.5532651492 31.732538393698633 31.732538393698633 4.0 16.0 0.0 7048932.758935409 692785.497397934 1.196590909090909
59269.053310974996 2459269.5545614576 33.5992031916976 33.5992031916976 4.0 16.0 1.0 7052344.700949144 693155.1686556769 1.196590909090909
59269.054607269994 2459269.555857765 35.46586798969656 35.46586798969656 4.0 16.0 0.0 7050787.714409703 692957.1298895661 1.196590909090909
59269.055903565 2459269.557154072 37.332532798172906 37.332532798172906 4.0 16.0 1.0 7054046.687788305 693317.6635478329 1.196590909090909
59269.057199865 2459269.558450382 39.19920479413122 39.19920479413122 4.0 16.0 0.0 7050578.509134261 692940.4398541205 1.196590909090909
59269.058496159996 2459269.559746687 41.065869592130184 41.065869592130184 4.0 16.0 1.0 7052237.133821924 693142.9518036571 1.196590909090909
59269.059792455 2459269.5610429905 42.93253440060653 42.93253440060653 4.0 16.0 0.0 7051132.2211318165 692994.7467425221 1.196590909090909
59269.061088755 2459269.562339299 44.79920639656484 44.79920639656484 4.0 16.0 1.0 7053817.900968672 693297.9003615532 1.196590909090909
59269.06238505 2459269.5636356026 46.665871194563806 46.665871194563806 4.0 16.0 0.0 7051501.698946815 693034.169371516 1.196590909090909
59269.063681345 2459269.5649319054 48.53253599256277 48.53253599256277 4.0 16.0 1.0 7052185.006924378 693142.629572219 1.196590909090909
59269.097373565004 2459269.5986247375 97.04933280358091 1.8658656044863164 4.0 17.0 0.0 7038832.048375961 691827.600120865 1.196590909090909
59269.098669865 2459269.5999210733 98.91600479953922 3.73253760044463 4.0 17.0 1.0 7044062.556676873 692354.6282457282 1.196590909090909
59269.09996616 2459269.6012174035 100.78266959753819 5.599202398443595 4.0 17.0 0.0 7044671.428764812 692388.0241788053 1.196590909090909
59269.101262455 2459269.6025137333 102.64933439553715 7.465867196442559 4.0 17.0 1.0 7047439.532837096 692697.4960699538 1.196590909090909
59269.102558754996 2459269.6038100673 104.51600639149547 9.332539192400873 4.0 17.0 0.0 7046057.990147188 692513.6094121216 1.196590909090909
59269.103855049994 2459269.605106395 106.38267118949443 11.199203990399837 4.0 17.0 1.0 7050051.151321577 692943.0743574086 1.196590909090909
59269.105151345 2459269.6064027217 108.24933599797077 13.065868798876181 4.0 17.0 0.0 7047388.949365202 692640.7744656153 1.196590909090909
59269.10644764 2459269.607699047 110.11600079596974 14.932533596875146 4.0 17.0 1.0 7050292.304189663 692963.1074097262 1.196590909090909
59269.107743935 2459269.6089953706 111.9826655939687 16.79919839487411 4.0 17.0 0.0 7048678.742964255 692764.1494139556 1.196590909090909
59269.109040235 2459269.610291698 113.8493376004044 18.665870401309803 4.0 17.0 1.0 7050469.925447874 692981.023458856 1.196590909090909
59269.11033653 2459269.611588018 115.71600239840336 20.532535199308768 4.0 17.0 0.0 7050028.301442131 692894.1018655254 1.196590909090909
59269.111632825 2459269.612884337 117.58266719640233 22.399199997307733 4.0 17.0 1.0 7052507.415667124 693178.7920422181 1.196590909090909
59269.112929124996 2459269.614180659 119.44933919236064 24.265871993266046 4.0 17.0 0.0 7049833.2616151 692874.8604154787 1.196590909090909
59269.114225419995 2459269.6154769748 121.3160039903596 26.13253679126501 4.0 17.0 1.0 7051304.310520614 693057.469902478 1.196590909090909
59269.115521715 2459269.616773288 123.18266879883595 27.999201599741355 4.0 17.0 0.0 7049988.895662331 692885.6841275488 1.196590909090909
59269.11681801 2459269.6180696 125.04933359683491 29.86586639774032 4.0 17.0 1.0 7051586.353164364 693087.0521219446 1.196590909090909
59269.11811431 2459269.619365915 126.91600559279323 31.732538393698633 4.0 17.0 0.0 7050935.111657988 692978.8169130794 1.196590909090909
59269.119410605 2459269.6206622245 128.78267040126957 33.59920320217498 4.0 17.0 1.0 7052339.856661588 693152.9399271373 1.196590909090909
59269.1207069 2459269.6219585324 130.64933519926853 35.46586800017394 4.0 17.0 0.0 7049452.058483004 692835.8518851621 1.196590909090909
59269.122003195 2459269.6232548384 132.5159999972675 37.332532798172906 4.0 17.0 1.0 7051532.099088385 693074.3592066431 1.196590909090909
59269.123299495 2459269.624551149 134.3826719932258 39.19920479413122 4.0 17.0 0.0 7050456.176648142 692924.2971970881 1.196590909090909
59269.124595789996 2459269.6258474537 136.24933679122478 41.065869592130184 4.0 17.0 1.0 7051581.20037607 693086.1175786795 1.196590909090909
59269.125892085 2459269.627143758 138.11600159970112 42.93253440060653 4.0 17.0 0.0 7049814.071912512 692868.6519692993 1.196590909090909
59269.127188385 2459269.6284400662 139.98267359565943 44.79920639656484 4.0 17.0 1.0 7050971.698361344 693023.9923424735 1.196590909090909
59269.12848468 2459269.6297363695 141.8493383936584 46.665871194563806 4.0 17.0 0.0 7051289.82146712 693011.252188545 1.196590909090909
59269.129780974996 2459269.6310326727 143.71600319165736 48.53253599256277 4.0 17.0 1.0 7051843.897029628 693109.2033345116 1.196590909090909
59269.163473010005 2459269.664725318 192.23253360483795 1.8658656044863164 4.0 18.0 0.0 7032247.181253221 691188.7007785917 1.196590909090909
59269.164769309995 2459269.666021654 194.0992055903189 3.732537589967251 4.0 18.0 1.0 7037440.088795287 691694.2425791194 1.196590909090909
59269.16606560499 2459269.667317984 195.96587038831785 5.599202387966216 4.0 18.0 0.0 7036769.091667684 691620.9418447978 1.196590909090909
59269.1673619 2459269.668614314 197.8325351967942 7.465867196442559 4.0 18.0 1.0 7040335.102918814 691993.5378764751 1.196590909090909
59269.168658195005 2459269.669910643 199.69920000527054 9.332532004918903 4.0 18.0 0.0 7040192.946314691 691953.6443581145 1.196590909090909
59269.169954494995 2459269.6712069754 201.56587199075148 11.199203990399837 4.0 18.0 1.0 7042081.618974341 692158.215222196 1.196590909090909
59269.17125079 2459269.672503302 203.43253679922782 13.065868798876181 4.0 18.0 0.0 7040681.518726903 691991.9297664599 1.196590909090909
59269.17254708501 2459269.6737996275 205.29920160770416 14.932533607352525 4.0 18.0 1.0 7043350.482526852 692295.0466147974 1.196590909090909
59269.173843380006 2459269.6750959507 207.16586640570313 16.79919840535149 4.0 18.0 0.0 7042001.4679945195 692121.2013202319 1.196590909090909
59269.175139679995 2459269.676392278 209.03253839118406 18.665870390832424 4.0 18.0 1.0 7043985.1842082655 692339.782173463 1.196590909090909
59269.176435974994 2459269.677688598 210.89920318918303 20.53253518883139 4.0 18.0 0.0 7042242.681343909 692151.4465169637 1.196590909090909
59269.17773227 2459269.6789849172 212.76586799765937 22.399199997307733 4.0 18.0 1.0 7045295.142072845 692462.661674373 1.196590909090909
59269.17902857 2459269.6802812396 214.63253999361768 24.265871993266046 4.0 18.0 0.0 7042652.451225012 692180.9089816738 1.196590909090909
59269.180324864996 2459269.681577555 216.49920479161665 26.13253679126501 4.0 18.0 1.0 7045946.366808087 692560.2745406722 1.196590909090909
59269.181621159994 2459269.6828738684 218.3658695896156 27.999201589263976 4.0 18.0 0.0 7043622.049975667 692271.8790507714 1.196590909090909
59269.18291745499 2459269.6841701805 220.23253438761458 29.86586638726294 4.0 18.0 1.0 7045588.254841818 692523.5792072413 1.196590909090909
59269.18421375 2459269.685466491 222.09919919609092 31.732531195739284 4.0 18.0 0.0 7042439.118240699 692160.73774229 1.196590909090909
59269.185510049996 2459269.686762805 223.96587119204924 33.5992031916976 4.0 18.0 1.0 7044486.942085122 692361.7280031121 1.196590909090909
59269.186806344995 2459269.6880591125 225.8325359900482 35.46586798969656 4.0 18.0 0.0 7044353.636854509 692348.4916495627 1.196590909090909
59269.18810264 2459269.6893554195 227.69920079852454 37.332532798172906 4.0 18.0 1.0 7049617.948817841 692891.6368536276 1.196590909090909
59269.18939894 2459269.6906517297 229.56587279448286 39.19920479413122 4.0 18.0 0.0 7048699.951541023 692759.0751911236 1.196590909090909
59269.190695235 2459269.6919480343 231.43253759248182 41.065869592130184 4.0 18.0 1.0 7047529.722695812 692693.9340802452 1.196590909090909
59269.191991529995 2459269.6932443385 233.2992023904808 42.93253439012915 4.0 18.0 0.0 7047836.323305505 692678.4684420184 1.196590909090909
59269.19328782499 2459269.694540642 235.16586718847975 44.799199188128114 4.0 18.0 1.0 7049185.546689262 692849.7009139697 1.196590909090909
59269.194584125 2459269.6958369506 237.03253919491544 46.665871194563806 4.0 18.0 0.0 7047852.5913727395 692684.8191467426 1.196590909090909
59269.19588042 2459269.697133254 238.8992039929144 48.53253599256277 4.0 18.0 1.0 7049174.092908234 692849.718696416 1.196590909090909
59269.229584125 2459269.7308375677 287.4325391999446 1.865872802445665 4.0 19.0 0.0 7034580.644545693 691412.5788501573 1.196590909090909
59269.23088042 2459269.732133899 289.29920399794355 3.73253760044463 4.0 19.0 1.0 7041160.877980348 692074.0868257021 1.196590909090909
59269.232176715 2459269.7334302287 291.1658687959425 5.599202398443595 4.0 19.0 0.0 7038269.233827152 691770.3331508711 1.196590909090909
59269.23347301 2459269.7347265584 293.0325335939415 7.465867196442559 4.0 19.0 1.0 7044370.986576152 692379.0816699885 1.196590909090909
59269.23476931 2459269.736022892 294.8992056003772 9.332539202878252 4.0 19.0 0.0 7043148.871498725 692230.7869267776 1.196590909090909
59269.236065605 2459269.73731922 296.76587039837614 11.199204000877216 4.0 19.0 1.0 7045787.950849848 692534.6801627425 1.196590909090909
59269.2373619 2459269.7386155464 298.6325351963751 13.065868798876181 4.0 19.0 0.0 7044068.61978596 692322.8936599739 1.196590909090909
59269.238658195 2459269.7399118715 300.49919999437407 14.932533596875146 4.0 19.0 1.0 7045257.717615269 692444.8463107245 1.196590909090909
59269.239954495 2459269.7412082 302.36587200080976 16.79920560331084 4.0 19.0 0.0 7042818.471507247 692200.2639901551 1.196590909090909
59269.24125079 2459269.742504522 304.2325367988087 18.665870401309803 4.0 19.0 1.0 7046221.081008162 692557.141955634 1.196590909090909
59269.242547085 2459269.7438008427 306.0992015968077 20.532535199308768 4.0 19.0 0.0 7045029.398560412 692409.4790441173 1.196590909090909
59269.24384338 2459269.7450971613 307.96586639480665 22.399199997307733 4.0 19.0 1.0 7046479.645753956 692576.0994309903 1.196590909090909
59269.24513968 2459269.7463934836 309.83253840124235 24.265872003743425 4.0 19.0 0.0 7046800.180987422 692551.1154522679 1.196590909090909
59269.246435975 2459269.747689799 311.6992031992413 26.13253680174239 4.0 19.0 1.0 7047399.813264669 692679.9037707099 1.196590909090909
59269.24773227 2459269.748986113 313.5658679972403 27.999201599741355 4.0 19.0 0.0 7045228.715257021 692430.591461475 1.196590909090909
59269.249028570004 2459269.7502824296 315.43254000367597 29.865873606177047 4.0 19.0 1.0 7047497.132568566 692670.1391862184 1.196590909090909
59269.250324865 2459269.7515787403 317.29920480167493 31.73253840417601 4.0 19.0 0.0 7046455.57463465 692550.5613054283 1.196590909090909
59269.25162116 2459269.7528750496 319.1658695996739 33.59920320217498 4.0 19.0 1.0 7046893.747842361 692616.1054446333 1.196590909090909
59269.252917455 2459269.754171357 321.03253439767286 35.46586800017394 4.0 19.0 0.0 7046566.507673978 692554.1730607162 1.196590909090909
59269.25421375 2459269.7554676635 322.8991991956718 37.332532798172906 4.0 19.0 1.0 7046226.82831726 692547.8978978926 1.196590909090909
59269.25551005 2459269.756763974 324.7658712021075 39.1992048046086 4.0 19.0 0.0 7045833.0878053885 692480.2779964919 1.196590909090909
59269.256806345 2459269.7580602793 326.6325360001065 41.06586960260756 4.0 19.0 1.0 7048742.882709617 692793.2551213449 1.196590909090909
59269.25810264 2459269.759356583 328.49920079810545 42.93253440060653 4.0 19.0 0.0 7046005.816849469 692496.3981232881 1.196590909090909
59269.259398940005 2459269.760652892 330.36587280454114 44.79920640704222 4.0 19.0 1.0 7047145.122240993 692633.1573441065 1.196590909090909
59269.260695235 2459269.761949195 332.2325376025401 46.665871205041185 4.0 19.0 0.0 7045566.3204315975 692457.9121099068 1.196590909090909
59269.26199153 2459269.7632454988 334.09920240053907 48.53253600304015 4.0 19.0 1.0 7046609.4576483425 692586.5291182895 1.196590909090909
