# %ECSV 0.9
# ---
# datatype:
# - {name: t_mjd, datatype: float64}
# - {name: t_bjd, datatype: float64}
# - {name: t_visit, datatype: float64}
# - {name: t_orbit, datatype: float64}
# - {name: ivisit, datatype: float64}
# - {name: iorbit, datatype: float64}
# - {name: scan, datatype: float64}
# - {name: spec_opt, datatype: float64}
# - {name: var_opt, datatype: float64}
# - {name: wave, datatype: float64}
# schema: astropy-2.0
t_mjd t_bjd t_visit t_orbit ivisit iorbit scan spec_opt var_opt wave
58888.252084215 2458888.753034453 1.8658655940089375 1.8658655940089375 0.0 0.0 0.0 7359110.88495428 721490.3307772878 1.4829545454545454
58888.253380509996 2458888.7543307883 3.7325303920079023 3.7325303920079023 0.0 0.0 1.0 7398758.179799081 725321.1139476082 1.4829545454545454
58888.25467699 2458888.755627308 5.5994615983217955 5.5994615983217955 0.0 0.0 0.0 7416355.778271802 726989.3855232496 1.4829545454545454
58888.255973105 2458888.756923462 7.465867196442559 7.465867196442559 0.0 0.0 1.0 7430745.818430766 728423.6919828163 1.4829545454545454
58888.2572694 2458888.7582197953 9.332531994441524 9.332531994441524 0.0 0.0 0.0 7441010.275175677 729351.7800653615 1.4829545454545454
58888.258565694996 2458888.7595161274 11.199196792440489 11.199196792440489 0.0 0.0 1.0 7447932.31299627 730072.956087021 1.4829545454545454
58888.259861989995 2458888.7608124586 13.065861590439454 13.065861590439454 0.0 0.0 0.0 7454316.673425927 730631.867688268 1.4829545454545454
58888.261158285 2458888.7621087884 14.932526398915797 14.932526398915797 0.0 0.0 1.0 7456879.5863192305 730899.6039895474 1.4829545454545454
58888.262454585 2458888.763405122 16.79919839487411 16.79919839487411 0.0 0.0 0.0 7462498.037313589 731416.0485962299 1.4829545454545454
58888.263750879996 2458888.7647014484 18.665863192873076 18.665863192873076 0.0 0.0 1.0 7460772.159235366 731272.287155033 1.4829545454545454
58888.265047175 2458888.765997773 20.53252800134942 20.53252800134942 0.0 0.0 0.0 7467736.277670139 731911.4824110708 1.4829545454545454
58888.266343475 2458888.7672941014 22.399199997307733 22.399199997307733 0.0 0.0 1.0 7465687.072688894 731741.0109330134 1.4829545454545454
58888.26763977 2458888.7685904233 24.265864795306697 24.265864795306697 0.0 0.0 0.0 7471451.747668052 732271.5322175832 1.4829545454545454
58888.268936065 2458888.7698867433 26.132529593305662 26.132529593305662 0.0 0.0 1.0 7469550.41003 732140.5852863536 1.4829545454545454
58888.270232359995 2458888.7711830614 27.999194391304627 27.999194391304627 0.0 0.0 0.0 7475141.19330469 732619.8968847671 1.4829545454545454
58888.27152866 2458888.772479383 29.86586639774032 29.86586639774032 0.0 0.0 1.0 7471881.4741460085 732339.5748695736 1.4829545454545454
58888.272824955 2458888.773775698 31.732531195739284 31.732531195739284 0.0 0.0 0.0 7475841.9916421 732685.1118328942 1.4829545454545454
58888.274121434995 2458888.7750721965 33.5994623915758 33.5994623915758 0.0 0.0 1.0 7474084.703369557 732580.4836481699 1.4829545454545454
58888.275417545 2458888.776368324 35.46586080221459 35.46586080221459 0.0 0.0 0.0 7476900.174793725 732791.4464998672 1.4829545454545454
58888.276713845 2458888.77766464 37.332532798172906 37.332532798172906 0.0 0.0 1.0 7475881.990480777 732718.563524792 1.4829545454545454
58888.27801014 2458888.7789609507 39.19919759617187 39.19919759617187 0.0 0.0 0.0 7478070.161085895 732903.4657931866 1.4829545454545454
58888.279306435 2458888.78025726 41.065862394170836 41.065862394170836 0.0 0.0 1.0 7476182.761550297 732776.7989877043 1.4829545454545454
58888.280602735 2458888.7815535734 42.93253440060653 42.93253440060653 0.0 0.0 0.0 7479591.747917576 733047.5557242191 1.4829545454545454
58888.28189903 2458888.782849882 44.79919919860549 44.79919919860549 0.0 0.0 1.0 7475945.963848571 732727.7772039019 1.4829545454545454
58888.283195325 2458888.78414619 46.66586399660446 46.66586399660446 0.0 0.0 0.0 7481983.2359820055 733276.8443361633 1.4829545454545454
58888.28449162 2458888.7854424976 48.53252879460342 48.53252879460342 0.0 0.0 1.0 7477030.68540263 732859.5871818188 1.4829545454545454
58888.318183845 2458888.8191354494 97.04933279310353 1.866132002323866 0.0 1.0 0.0 7465604.571191564 731714.1929015256 1.4829545454545454
58888.319480139995 2458888.8204317843 98.9159975911025 3.7327968003228307 0.0 1.0 1.0 7466106.543055298 731819.7387446705 1.4829545454545454
58888.320776435 2458888.821728119 100.78266239957884 5.599461608799174 0.0 1.0 0.0 7473067.234719738 732431.5630518406 1.4829545454545454
58888.322072735 2458888.8230244583 102.64933439553715 7.466133604757488 0.0 1.0 1.0 7469636.067109247 732154.1103243978 1.4829545454545454
58888.32336903 2458888.8243207913 104.51599919353612 9.332798402756453 0.0 1.0 0.0 7475856.527458538 732696.7477467029 1.4829545454545454
58888.324665325 2458888.825617124 106.38266400201246 11.199463211232796 0.0 1.0 1.0 7471900.512628981 732371.8314118312 1.4829545454545454
58888.32596162 2458888.826913455 108.24932880001143 13.066128009231761 0.0 1.0 0.0 7477814.116315519 732885.7879781652 1.4829545454545454
58888.32725773 2458888.8282095995 110.11572720017284 14.932526409393176 0.0 1.0 1.0 7473276.481388946 732504.966554712 1.4829545454545454
58888.328554215 2458888.8295061174 111.9826655939687 16.79946480318904 0.0 1.0 0.0 7476528.777488371 732761.4745306846 1.4829545454545454
58888.329850509996 2458888.830802444 113.84933039196767 18.666129601188004 0.0 1.0 1.0 7474669.061102257 732636.4437940109 1.4829545454545454
58888.331146805 2458888.8320987695 115.71599520044401 20.532794409664348 0.0 1.0 0.0 7479282.3745719185 733024.2211343503 1.4829545454545454
58888.332443105 2458888.833395098 117.58266719640233 22.39946640562266 0.0 1.0 1.0 7473154.475508057 732460.9034174128 1.4829545454545454
58888.3337394 2458888.8346914193 119.44933199440129 24.266131203621626 0.0 1.0 0.0 7477418.1161443 732843.187236384 1.4829545454545454
58888.335035694996 2458888.8359877393 121.31599679240026 26.13279600162059 0.0 1.0 1.0 7474441.6002209615 732611.4265194635 1.4829545454545454
58888.336331989995 2458888.837284058 123.18266159039922 27.999460799619555 0.0 1.0 0.0 7476957.609734073 732797.6194667028 1.4829545454545454
58888.337628099995 2458888.8385801897 125.04905999056064 29.86585919978097 0.0 1.0 1.0 7474178.381984821 732559.6065770169 1.4829545454545454
58888.338924585 2458888.8398766946 126.91599839483388 31.732797604054213 0.0 1.0 0.0 7480831.495324125 733167.348510601 1.4829545454545454
58888.340220879996 2458888.841173008 128.78266319283284 33.59946240205318 0.0 1.0 1.0 7475201.555351723 732683.0589403564 1.4829545454545454
58888.341517175 2458888.842469321 130.6493280013092 35.46612721052952 0.0 1.0 0.0 7480560.209538558 733144.4067637351 1.4829545454545454
58888.34281329 2458888.8437654525 132.51573359942995 37.332532808650285 0.0 1.0 1.0 7474674.202135003 732606.3985441419 1.4829545454545454
58888.34410977 2458888.845061947 134.38266479526646 39.1994640044868 0.0 1.0 0.0 7479060.491915389 732996.0496122058 1.4829545454545454
58888.345406065 2458888.8463582564 136.24932959326543 41.066128802485764 0.0 1.0 1.0 7473750.87880275 732516.9448304668 1.4829545454545454
58888.346702359995 2458888.8476545657 138.1159943912644 42.93279360048473 0.0 1.0 0.0 7481281.208109224 733210.4011830289 1.4829545454545454
58888.34799866 2458888.8489508787 139.9826663977001 44.79946560692042 0.0 1.0 1.0 7476059.194696676 732765.996062789 1.4829545454545454
58888.349294955 2458888.8502471866 141.84933119569905 46.666130404919386 0.0 1.0 0.0 7477868.301210996 732885.075531024 1.4829545454545454
58888.35059125 2458888.8515434945 143.71599599369802 48.53279520291835 0.0 1.0 1.0 7473947.416017327 732561.9455887406 1.4829545454545454
58888.384294955 2458888.8852479253 192.2493312007282 1.866132002323866 0.0 2.0 0.0 7460318.551044718 731201.7337166577 1.4829545454545454
58888.38559125 2458888.8865442607 194.11599599872716 3.7327968003228307 0.0 2.0 1.0 7459920.051040253 731222.4564040717 1.4829545454545454
58888.38688736 2458888.88784041 195.98239439888857 5.599195200484246 0.0 2.0 0.0 7464537.84129981 731610.5763538128 1.4829545454545454
58888.388183845 2458888.8891369347 197.84933280316181 7.466133604757488 0.0 2.0 1.0 7463387.874038507 731556.6164847715 1.4829545454545454
58888.389479955 2458888.890433083 199.71573120332323 9.332532004918903 0.0 2.0 0.0 7470526.862477915 732185.8049686791 1.4829545454545454
58888.390776435 2458888.8917295993 201.58266239915974 11.199463200755417 0.0 2.0 1.0 7464370.819018851 731650.5178564829 1.4829545454545454
58888.392072735 2458888.8930259356 203.44933439511806 13.06613519671373 0.0 2.0 0.0 7467989.408762012 731933.2079786358 1.4829545454545454
58888.393369030004 2458888.8943222654 205.3159992035944 14.932800005190074 0.0 2.0 1.0 7465956.222789186 731801.4079047246 1.4829545454545454
58888.394665325 2458888.8956185933 207.18266400159337 16.79946480318904 0.0 2.0 0.0 7469551.240671194 732091.2995630178 1.4829545454545454
58888.39596162 2458888.89691492 209.04932879959233 18.666129601188004 0.0 2.0 1.0 7466633.509961937 731865.1768173603 1.4829545454545454
58888.397257915 2458888.898211245 210.9159935975913 20.53279439918697 0.0 2.0 0.0 7471573.927606614 732278.876738345 1.4829545454545454
58888.398554215004 2458888.899507574 212.782665604027 22.39946640562266 0.0 2.0 1.0 7465480.588134129 731753.5583622013 1.4829545454545454
58888.39985051 2458888.900803895 214.64933040202595 24.266131203621626 0.0 2.0 0.0 7472220.94085736 732344.6120169493 1.4829545454545454
58888.401146805 2458888.902100215 216.51599520002492 26.13279600162059 0.0 2.0 1.0 7467230.261397165 731918.6748465276 1.4829545454545454
58888.402443105 2458888.9033965385 218.38266719598323 27.999467997578904 0.0 2.0 0.0 7471271.383231529 732248.2111349644 1.4829545454545454
58888.403739400004 2458888.9046928557 220.24933200445957 29.866132806055248 0.0 2.0 1.0 7468889.478052355 732078.9857664062 1.4829545454545454
58888.405035695 2458888.9059891705 222.11599680245854 31.732797604054213 0.0 2.0 0.0 7471159.57502143 732237.0531366072 1.4829545454545454
58888.40633199 2458888.9072854845 223.9826616004575 33.59946240205318 0.0 2.0 1.0 7468033.019698349 731991.7263651774 1.4829545454545454
58888.407628285 2458888.9085817966 225.84932639845647 35.46612720005214 0.0 2.0 0.0 7471138.6936256 732237.2544689042 1.4829545454545454
58888.408924585 2458888.9098781133 227.71599839441478 37.332799196010455 0.0 2.0 1.0 7467803.637554909 731972.5498081015 1.4829545454545454
58888.41022088 2458888.9111744235 229.58266320289113 39.1994640044868 0.0 2.0 0.0 7471979.551419297 732315.0437093202 1.4829545454545454
58888.411517175 2458888.912470733 231.4493280008901 41.066128802485764 0.0 2.0 1.0 7469403.715435952 732124.7685449148 1.4829545454545454
58888.412813475 2458888.9137670468 233.3159999968484 42.93280079844408 0.0 2.0 0.0 7477657.67955695 732853.4617189397 1.4829545454545454
58888.414109770005 2458888.9150633556 235.18266480532475 44.79946560692042 0.0 2.0 1.0 7473267.026638977 732497.4029391335 1.4829545454545454
58888.415406065 2458888.9163596635 237.0493296033237 46.666130404919386 0.0 2.0 0.0 7476646.170450409 732764.7399403894 1.4829545454545454
58888.41670236 2458888.9176559714 238.91599440132268 48.53279520291835 0.0 2.0 1.0 7471285.912323352 732303.858154046 1.4829545454545454
58888.450417545 2458888.951371881 287.46586079592817 1.8658656044863164 0.0 3.0 0.0 7463063.106814673 731494.262528257 1.4829545454545454
58888.451713845 2458888.952668221 289.33253280236386 3.7325376109220088 0.0 3.0 1.0 7464276.827408999 731643.0348739597 1.4829545454545454
58888.45301014 2458888.9539645556 291.1991976003628 5.5992024089209735 0.0 3.0 0.0 7467229.326864352 731864.6224426073 1.4829545454545454
58888.454306435 2458888.9552608896 293.0658623983618 7.465867206919938 0.0 3.0 1.0 7466042.697100476 731809.6145051348 1.4829545454545454
58888.455602735 2458888.9565572278 294.9325343943201 9.332539202878252 0.0 3.0 0.0 7470934.070846568 732221.7945104688 1.4829545454545454
58888.45689903 2458888.95785356 296.79919920279644 11.199204011354595 0.0 3.0 1.0 7466355.613371821 731839.9029441022 1.4829545454545454
58888.458195325 2458888.959149891 298.6658640007954 13.06586880935356 0.0 3.0 0.0 7470878.733790021 732214.2195348497 1.4829545454545454
58888.45949162 2458888.9604462204 300.5325287987944 14.932533607352525 0.0 3.0 1.0 7467547.522186078 731959.3214960241 1.4829545454545454
58888.460787915 2458888.9617425487 302.39919359679334 16.79919840535149 0.0 3.0 0.0 7472468.526098147 732368.6765435664 1.4829545454545454
58888.462084215 2458888.9630388804 304.26586560322903 18.665870411787182 0.0 3.0 1.0 7468614.677531927 732054.8873466613 1.4829545454545454
58888.46338051 2458888.964335205 306.132530401228 20.532535209786147 0.0 3.0 0.0 7472697.658492637 732387.2337156018 1.4829545454545454
58888.464676805 2458888.9656315283 307.99919519922696 22.39920000778511 0.0 3.0 1.0 7468535.011071018 732045.929028939 1.4829545454545454
58888.465973105 2458888.9669278553 309.8658671951853 24.265872003743425 0.0 3.0 0.0 7473790.546181141 732492.3812601249 1.4829545454545454
58888.467269400004 2458888.9682241757 311.7325320036616 26.13253681221977 0.0 3.0 1.0 7468730.596323687 732036.7509849606 1.4829545454545454
58888.46856588 2458888.9695206787 313.59946319949813 27.999468008056283 0.0 3.0 0.0 7473223.042993613 732435.603988753 1.4829545454545454
58888.46986199 2458888.9708168106 315.46586159965955 29.8658664082177 0.0 3.0 1.0 7468573.983422127 732047.9838558267 1.4829545454545454
58888.471158285 2458888.972113126 317.3325263976585 31.732531206216663 0.0 3.0 0.0 7474049.560429175 732515.9932803352 1.4829545454545454
58888.472454585004 2458888.973409445 319.1991984040942 33.599203212652355 0.0 3.0 1.0 7467682.441681694 731963.6535969261 1.4829545454545454
58888.47375088 2458888.974705757 321.06586320209317 35.46586801065132 0.0 3.0 0.0 7474134.0934192715 732523.7770858858 1.4829545454545454
58888.475047175 2458888.9760020687 322.93252800009213 37.332532808650285 0.0 3.0 1.0 7469157.289829172 732104.7510761856 1.4829545454545454
58888.476343475 2458888.977298384 324.79919999605045 39.1992048046086 0.0 3.0 0.0 7472294.9079011595 732344.3631950368 1.4829545454545454
58888.477639770004 2458888.978594694 326.6658648045268 41.06586961308494 0.0 3.0 1.0 7468113.969187712 732003.0006599883 1.4829545454545454
58888.478936065 2458888.9798910026 328.53252960252576 42.93253441108391 0.0 3.0 0.0 7473001.584779132 732413.2754045887 1.4829545454545454
58888.48023236 2458888.981187311 330.3991944005247 44.79919920908287 0.0 3.0 1.0 7468519.874146361 732039.9343640892 1.4829545454545454
58888.48152866 2458888.982483624 332.26586639648303 46.665871205041185 0.0 3.0 0.0 7474177.028067623 732526.853468876 1.4829545454545454
58888.482824955 2458888.9837799324 334.132531194482 48.53253600304015 0.0 3.0 1.0 7470056.241762771 732189.2112507415 1.4829545454545454
58946.83767614 2458947.3393639354 1.8658656044863164 1.8658656044863164 1.0 4.0 0.0 7422256.022738708 727568.9476485377 1.4829545454545454
58946.838972435 2458947.3406602414 3.7325304024852812 3.7325304024852812 1.0 4.0 1.0 7446954.879613062 729966.0495199817 1.4829545454545454
58946.84026873 2458947.3419565475 5.599195200484246 5.599195200484246 1.0 4.0 0.0 7458332.04632183 731029.0507630863 1.4829545454545454
58946.84156503 2458947.3432528577 7.465867206919938 7.465867206919938 1.0 4.0 1.0 7465572.421219112 731754.5657758703 1.4829545454545454
58946.842861325 2458947.3445491623 9.332532004918903 9.332532004918903 1.0 4.0 0.0 7473018.858344567 732438.7527512319 1.4829545454545454
58946.84415762 2458947.3458454665 11.199196802917868 11.199196802917868 1.0 4.0 1.0 7477719.964787325 732918.6961827364 1.4829545454545454
58946.84545392 2458947.3471417744 13.06586880935356 13.06586880935356 1.0 4.0 0.0 7481250.339672268 733226.0166030644 1.4829545454545454
58946.846750215 2458947.348438077 14.932533607352525 14.932533607352525 1.0 4.0 1.0 7482792.182845814 733407.0766997915 1.4829545454545454
58946.84804651 2458947.3497343785 16.79919840535149 16.79919840535149 1.0 4.0 0.0 7486898.989551828 733766.5096238592 1.4829545454545454
58946.849342805 2458947.3510306785 18.665863203350455 18.665863203350455 1.0 4.0 1.0 7485509.401880468 733668.4059807839 1.4829545454545454
58946.8506391 2458947.3523269785 20.53252800134942 20.53252800134942 1.0 4.0 0.0 7492154.759569745 734268.8617977562 1.4829545454545454
58946.8519354 2458947.3536232817 22.39920000778511 22.39920000778511 1.0 4.0 1.0 7487813.714109754 733885.6763686866 1.4829545454545454
58946.853231695 2458947.354919579 24.265864805784076 24.265864805784076 1.0 4.0 0.0 7491816.4702842925 734234.0405643225 1.4829545454545454
58946.85452799 2458947.356215875 26.13252960378304 26.13252960378304 1.0 4.0 1.0 7491781.005273919 734264.1887575911 1.4829545454545454
58946.85582429 2458947.3575121756 27.999201610218734 27.999201610218734 1.0 4.0 0.0 7494493.880623087 734494.3264167928 1.4829545454545454
58946.857120585 2458947.35880847 29.8658664082177 29.8658664082177 1.0 4.0 1.0 7492712.428002586 734348.2527966184 1.4829545454545454
58946.85841688 2458947.3601047634 31.732531206216663 31.732531206216663 1.0 4.0 0.0 7497224.958412883 734755.9338084866 1.4829545454545454
58946.859713175 2458947.361401056 33.59919600421563 33.59919600421563 1.0 4.0 1.0 7493913.697896113 734476.3862698204 1.4829545454545454
58946.861009475004 2458947.3626973527 35.46586801065132 35.46586801065132 1.0 4.0 0.0 7496253.305843363 734664.198436097 1.4829545454545454
58946.86230577 2458947.3639936442 37.332532808650285 37.332532808650285 1.0 4.0 1.0 7495060.470106886 734586.0125555266 1.4829545454545454
58946.863602065 2458947.3652899344 39.19919760664925 39.19919760664925 1.0 4.0 0.0 7497663.269468512 734798.4445650175 1.4829545454545454
58946.86489836 2458947.3665862246 41.065862404648215 41.065862404648215 1.0 4.0 1.0 7493985.382462031 734477.5637757019 1.4829545454545454
58946.866194660004 2458947.3678825195 42.93253441108391 42.93253441108391 1.0 4.0 0.0 7496393.815342659 734674.0287639609 1.4829545454545454
58946.867490955 2458947.3691788097 44.79919920908287 44.79919920908287 1.0 4.0 1.0 7494916.812128442 734562.9251394143 1.4829545454545454
58946.86878725 2458947.370475099 46.66586400708184 46.66586400708184 1.0 4.0 0.0 7499539.360417082 734975.3964921298 1.4829545454545454
58946.870083545 2458947.3717713887 48.5325288050808 48.5325288050808 1.0 4.0 1.0 7494714.2894915575 734541.694671416 1.4829545454545454
58946.900754845 2458947.4024427715 92.69920080900192 1.8658656044863164 1.0 5.0 0.0 7487447.81918202 733823.1263012261 1.4829545454545454
58946.90205114 2458947.4037390784 94.56586560700089 3.7325304024852812 1.0 5.0 1.0 7488666.484251147 733975.0956362818 1.4829545454545454
58946.903347435 2458947.4050353845 96.43253040499985 5.599195200484246 1.0 5.0 0.0 7493221.562725935 734380.4068014448 1.4829545454545454
58946.904643735004 2458947.4063316956 98.29920241143554 7.465867206919938 1.0 5.0 1.0 7490944.402274963 734198.1752156168 1.4829545454545454
58946.90594003 2458947.4076280016 100.16586720943451 9.332532004918903 1.0 5.0 0.0 7494594.585759187 734509.3605892468 1.4829545454545454
58946.907236325 2458947.408924307 102.03253200743347 11.199196802917868 1.0 5.0 1.0 7493081.937144617 734396.2281464523 1.4829545454545454
58946.90853262 2458947.410220612 103.89919680543244 13.065861600916833 1.0 5.0 0.0 7497711.14736731 734807.8721249312 1.4829545454545454
58946.909828915 2458947.411516916 105.7658616034314 14.932526398915797 1.0 5.0 1.0 7494303.966726516 734513.7225684093 1.4829545454545454
58946.911125215 2458947.4128132244 107.6325336098671 16.79919840535149 1.0 5.0 0.0 7497360.552848407 734775.4005541025 1.4829545454545454
58946.91242151 2458947.414109527 109.49919840786606 18.665863203350455 1.0 5.0 1.0 7495265.647815898 734606.8994002112 1.4829545454545454
58946.913717805 2458947.415405829 111.36586320586503 20.53252800134942 1.0 5.0 0.0 7498365.298555752 734870.3890195416 1.4829545454545454
58946.915014105 2458947.4167021345 113.23253520182334 22.399199997307733 1.0 5.0 1.0 7496619.208073079 734739.5167057886 1.4829545454545454
58946.9163104 2458947.417998434 115.09920001029968 24.265864805784076 1.0 5.0 0.0 7499620.564107232 734989.367990508 1.4829545454545454
58946.917606695 2458947.419294733 116.96586480829865 26.13252960378304 1.0 5.0 1.0 7496503.130191408 734718.4629589991 1.4829545454545454
58946.91890299 2458947.4205910307 118.83252960629761 27.999194401782006 1.0 5.0 0.0 7499615.324841266 734980.0360559942 1.4829545454545454
58946.920199285 2458947.421887327 120.69919440429658 29.86585919978097 1.0 5.0 1.0 7495488.667778249 734623.2317059088 1.4829545454545454
58946.921495585004 2458947.4231836274 122.56586641073227 31.732531206216663 1.0 5.0 0.0 7498768.401408648 734902.6992401058 1.4829545454545454
58946.92279188 2458947.4244799227 124.43253120873123 33.59919600421563 1.0 5.0 1.0 7497889.1111818515 734851.4778859549 1.4829545454545454
58946.924088175 2458947.425776216 126.2991960067302 35.46586080221459 1.0 5.0 0.0 7499822.62775322 735006.0269143442 1.4829545454545454
58946.925384475 2458947.427072514 128.1658680026885 37.332532798172906 1.0 5.0 1.0 7497891.515653688 734852.8428058866 1.4829545454545454
58946.926680770004 2458947.428368806 130.03253281116486 39.19919760664925 1.0 5.0 0.0 7499381.505529502 734962.4466352181 1.4829545454545454
58946.927977065 2458947.4296650975 131.89919760916382 41.065862404648215 1.0 5.0 1.0 7495414.378034178 734615.0933485865 1.4829545454545454
58946.92927336 2458947.4309613886 133.76586240716279 42.93252720264718 1.0 5.0 0.0 7498189.824528998 734849.9453418427 1.4829545454545454
58946.930569660006 2458947.432257684 135.63253441359848 44.79919920908287 1.0 5.0 1.0 7494300.698670547 734513.5881571269 1.4829545454545454
58946.931865955004 2458947.4335539737 137.49919921159744 46.66586400708184 1.0 5.0 0.0 7499357.7781736795 734966.2684449396 1.4829545454545454
58946.93316225 2458947.434850264 139.3658640095964 48.5325288050808 1.0 5.0 1.0 7496716.680961818 734742.596516385 1.4829545454545454
58946.966831325 2458947.4685194087 187.84933200571686 1.865872791968286 1.0 6.0 0.0 7481800.1706701955 733283.5012951525 1.4829545454545454
58946.96812762 2458947.4698157148 189.71599680371583 3.732537589967251 1.0 6.0 1.0 7482036.033093344 733339.0566008034 1.4829545454545454
58946.96942392 2458947.471112026 191.58266881015152 5.599209596402943 1.0 6.0 0.0 7486488.302149744 733734.018297282 1.4829545454545454
58946.970720215 2458947.472408332 193.44933360815048 7.465874394401908 1.0 6.0 1.0 7484235.843685215 733552.508293714 1.4829545454545454
58946.97201651 2458947.473704638 195.31599840614945 9.332539192400873 1.0 6.0 0.0 7488996.179271871 733974.6671783343 1.4829545454545454
58946.973312805 2458947.475000943 197.1826632041484 11.199203990399837 1.0 6.0 1.0 7486675.459408101 733782.1957803944 1.4829545454545454
58946.9746091 2458947.4762972477 199.04932800214738 13.065868788398802 1.0 6.0 0.0 7490035.374344801 734070.3784764404 1.4829545454545454
58946.9759054 2458947.477593557 200.91600000858307 14.932540794834495 1.0 6.0 1.0 7487522.056853105 733861.7786036031 1.4829545454545454
58946.977201695 2458947.4788898607 202.78266480658203 16.79920559283346 1.0 6.0 0.0 7492028.509931739 734262.445887304 1.4829545454545454
58946.97849799 2458947.480186163 204.649329604581 18.665870390832424 1.0 6.0 1.0 7487479.371504874 733853.9203443737 1.4829545454545454
58946.979794290004 2458947.4814824695 206.5160016110167 20.532542397268116 1.0 6.0 0.0 7492058.508007044 734262.9498838229 1.4829545454545454
58946.981090585 2458947.48277877 208.38266640901566 22.39920719526708 1.0 6.0 1.0 7489110.256993402 734017.4273383615 1.4829545454545454
58946.98238688 2458947.48407507 210.24933120701462 24.265871993266046 1.0 6.0 0.0 7492136.174682396 734269.6088099603 1.4829545454545454
58946.983683175 2458947.4853713685 212.11599600501359 26.13253679126501 1.0 6.0 1.0 7487798.70164896 733861.5312407856 1.4829545454545454
58946.984979475004 2458947.4866676712 213.98266801144928 27.999208797700703 1.0 6.0 0.0 7491990.950856699 734251.4124118044 1.4829545454545454
58946.98627577 2458947.4879639675 215.84933280944824 29.865873595699668 1.0 6.0 1.0 7488476.590122372 733948.8313045974 1.4829545454545454
58946.987572065 2458947.4892602633 217.7159976074472 31.732538393698633 1.0 6.0 0.0 7493822.448211813 734427.0917108986 1.4829545454545454
58946.98886836 2458947.490556558 219.58266240544617 33.5992031916976 1.0 6.0 1.0 7489525.995251113 734050.8445307486 1.4829545454545454
58946.990164660005 2458947.4918528567 221.44933441188186 35.46587519813329 1.0 6.0 0.0 7494236.143657013 734468.049108407 1.4829545454545454
58946.991460955 2458947.4931491497 223.31599920988083 37.332539996132255 1.0 6.0 1.0 7492301.416611672 734314.2905029207 1.4829545454545454
58946.99275725 2458947.4944454418 225.1826640078798 39.19920479413122 1.0 6.0 0.0 7497771.247810316 734806.5265495232 1.4829545454545454
58946.994053545 2458947.4957417333 227.04932880587876 41.065869592130184 1.0 6.0 1.0 7493697.383679768 734453.6433988359 1.4829545454545454
58946.995349845005 2458947.497038029 228.91600081231445 42.93254159856588 1.0 6.0 0.0 7496674.633220479 734705.2976029603 1.4829545454545454
58946.99664614 2458947.4983343193 230.78266561031342 44.79920639656484 1.0 6.0 1.0 7492686.177422963 734357.8297738986 1.4829545454545454
58946.997942435 2458947.49963061 232.64933040831238 46.665871194563806 1.0 6.0 0.0 7497015.294842147 734736.8596140096 1.4829545454545454
58946.99923873 2458947.5009268997 234.51599520631135 48.53253599256277 1.0 6.0 1.0 7493900.729693113 734471.3485802714 1.4829545454545454
58947.03290762 2458947.5345958583 282.99919680459425 1.8658656044863164 1.0 7.0 0.0 7481251.968509518 733233.0884342819 1.4829545454545454
58947.034203920004 2458947.5358921695 284.86586881102994 3.7325376109220088 1.0 7.0 1.0 7485251.995653049 733650.1198409324 1.4829545454545454
58947.035500215 2458947.5371884755 286.7325336090289 5.5992024089209735 1.0 7.0 0.0 7488342.375976874 733914.757774912 1.4829545454545454
58947.03679651 2458947.538484782 288.59919840702787 7.465867206919938 1.0 7.0 1.0 7485407.9229040565 733663.1449708652 1.4829545454545454
58947.038092805 2458947.5397810875 290.46586320502684 9.332532004918903 1.0 7.0 0.0 7488820.959767199 733955.5461714393 1.4829545454545454
58947.0393891 2458947.5410773926 292.3325280030258 11.199196802917868 1.0 7.0 1.0 7486576.653454233 733774.9497617193 1.4829545454545454
58947.0406854 2458947.542373702 294.1992000094615 13.06586880935356 1.0 7.0 0.0 7493937.956978546 734446.856418663 1.4829545454545454
58947.041981695 2458947.5436700066 296.06586480746046 14.932533607352525 1.0 7.0 1.0 7489404.782269866 734046.906194393 1.4829545454545454
58947.04327799 2458947.5449663093 297.9325296054594 16.79919840535149 1.0 7.0 0.0 7491867.641543783 734248.3779432875 1.4829545454545454
58947.044574290005 2458947.5462626168 299.7992016118951 18.665870411787182 1.0 7.0 1.0 7491638.214687101 734263.9366619864 1.4829545454545454
58947.045870585 2458947.5475589186 301.6658664098941 20.532535209786147 1.0 7.0 0.0 7493200.197142962 734375.4908610799 1.4829545454545454
58947.04716688 2458947.5488552195 303.53253120789304 22.39920000778511 1.0 7.0 1.0 7489785.444423979 734080.7067700743 1.4829545454545454
58947.048463175 2458947.550151519 305.399196005892 24.265864805784076 1.0 7.0 0.0 7492139.111494905 734270.8216454934 1.4829545454545454
58947.049759475005 2458947.5514478222 307.2658680123277 26.13253681221977 1.0 7.0 1.0 7490301.230159674 734131.400290701 1.4829545454545454
58947.05105577 2458947.55274412 309.13253281032667 27.999201610218734 1.0 7.0 0.0 7493437.564284082 734401.0336455513 1.4829545454545454
58947.052352065 2458947.5540404166 310.99919760832563 29.8658664082177 1.0 7.0 1.0 7489337.610180807 734035.5965523769 1.4829545454545454
58947.05364836 2458947.5553367124 312.8658624063246 31.732531206216663 1.0 7.0 0.0 7494877.561283944 734530.4288731015 1.4829545454545454
58947.054944660005 2458947.556633012 314.7325344127603 33.599203212652355 1.0 7.0 1.0 7491027.40145216 734193.7758233503 1.4829545454545454
58947.056240955004 2458947.5579293054 316.59919921075925 35.46586801065132 1.0 7.0 0.0 7493210.071128664 734370.6030732307 1.4829545454545454
58947.05753725 2458947.559225599 318.4658640087582 37.332532808650285 1.0 7.0 1.0 7492177.996205376 734302.2303911725 1.4829545454545454
58947.058833545 2458947.560521891 320.3325288067572 39.19919760664925 1.0 7.0 0.0 7494973.062379702 734543.1503665654 1.4829545454545454
58947.060129845006 2458947.5618181876 322.1992008131929 41.06586961308494 1.0 7.0 1.0 7491841.458813645 734273.4578494997 1.4829545454545454
58947.061426140004 2458947.5631144783 324.06586561119184 42.93253441108391 1.0 7.0 0.0 7493901.434843206 734439.8475520435 1.4829545454545454
58947.062722435 2458947.564410769 325.9325304091908 44.79919920908287 1.0 7.0 1.0 7491152.4522725055 734209.0942772179 1.4829545454545454
58947.06401873 2458947.565707059 327.79919520718977 46.66586400708184 1.0 7.0 0.0 7493907.85078695 734438.2231266014 1.4829545454545454
58947.065315030006 2458947.567003354 329.66586721362546 48.53253601351753 1.0 7.0 1.0 7491776.549913321 734269.9878727894 1.4829545454545454
59120.318630155 2459120.8177504004 1.8658656044863164 1.8658656044863164 2.0 8.0 0.0 7437654.566185223 729056.1426836296 1.4829545454545454
59120.319926455 2459120.819046701 3.73253760044463 3.73253760044463 2.0 8.0 1.0 7454545.388961316 730706.356066543 1.4829545454545454
59120.321222750004 2459120.8203429957 5.5992024089209735 5.5992024089209735 2.0 8.0 0.0 7461536.433520228 731343.9794388216 1.4829545454545454
59120.322519045 2459120.82163929 7.465867206919938 7.465867206919938 2.0 8.0 1.0 7468468.900003291 732040.184100246 1.4829545454545454
59120.32381534 2459120.822935584 9.332532004918903 9.332532004918903 2.0 8.0 0.0 7475626.744746029 732694.3175984148 1.4829545454545454
59120.32511164 2459120.824231882 11.199204000877216 11.199204000877216 2.0 8.0 1.0 7480377.608079039 733179.1426068649 1.4829545454545454
59120.326407935 2459120.8255281746 13.065868798876181 13.065868798876181 2.0 8.0 0.0 7482645.154476868 733368.1238530406 1.4829545454545454
59120.32770423 2459120.8268244658 14.932533607352525 14.932533607352525 2.0 8.0 1.0 7484985.792934482 733620.3992349813 1.4829545454545454
59120.329000525 2459120.8281207564 16.79919840535149 16.79919840535149 2.0 8.0 0.0 7488850.7709576385 733964.0056083096 1.4829545454545454
59120.330296825 2459120.829417051 18.665870401309803 18.665870401309803 2.0 8.0 1.0 7488192.820925094 733933.0031825927 1.4829545454545454
59120.331593120005 2459120.830713339 20.532535209786147 20.532535209786147 2.0 8.0 0.0 7492764.883284919 734342.3139931903 1.4829545454545454
59120.332889415 2459120.832009626 22.39920000778511 22.39920000778511 2.0 8.0 1.0 7492467.396496098 734342.3296921204 1.4829545454545454
59120.334185715 2459120.833305917 24.265872003743425 24.265872003743425 2.0 8.0 0.0 7494429.927544964 734501.927507569 1.4829545454545454
59120.33548201 2459120.8346022028 26.13253680174239 26.13253680174239 2.0 8.0 1.0 7493419.051438812 734435.4694205439 1.4829545454545454
59120.336778305 2459120.8358984864 27.999201599741355 27.999201599741355 2.0 8.0 0.0 7496125.656663371 734662.2120186611 1.4829545454545454
59120.338074600004 2459120.837194769 29.8658664082177 29.8658664082177 2.0 8.0 1.0 7494561.43782158 734547.0744765498 1.4829545454545454
59120.339370895 2459120.838491051 31.732531206216663 31.732531206216663 2.0 8.0 0.0 7497732.090119912 734818.8423856957 1.4829545454545454
59120.340667195 2459120.839787337 33.59920320217498 33.59920320217498 2.0 8.0 1.0 7495076.548897326 734596.3765112425 1.4829545454545454
59120.341963490006 2459120.841083617 35.46586801065132 35.46586801065132 2.0 8.0 0.0 7498489.129268564 734891.5188835199 1.4829545454545454
59120.343259785004 2459120.842379896 37.332532808650285 37.332532808650285 2.0 8.0 1.0 7495983.360335924 734682.7131339008 1.4829545454545454
59120.344556085 2459120.8436761796 39.1992048046086 39.1992048046086 2.0 8.0 0.0 7500076.766054312 735040.9376637102 1.4829545454545454
59120.34585238 2459120.844972458 41.06586960260756 41.06586960260756 2.0 8.0 1.0 7496865.397428653 734760.1011467503 1.4829545454545454
59120.347148675 2459120.846268736 42.93253440060653 42.93253440060653 2.0 8.0 0.0 7499646.856184818 734998.2408183842 1.4829545454545454
59120.348444970004 2459120.847565013 44.79919920908287 44.79919920908287 2.0 8.0 1.0 7498386.736886877 734904.9672331886 1.4829545454545454
59120.349741265 2459120.8488612906 46.66586400708184 46.66586400708184 2.0 8.0 0.0 7500433.605830711 735074.2133258884 1.4829545454545454
59120.351037565 2459120.850157573 48.53253600304015 48.53253600304015 2.0 8.0 1.0 7496985.609124817 734775.1307235423 1.4829545454545454
59120.382449785 2459120.8815695937 93.76613280270249 1.866132002323866 2.0 9.0 0.0 7482979.231897817 733412.3733950588 1.4829545454545454
59120.383746085 2459120.8828658946 95.6328047986608 3.7328039982821792 2.0 9.0 1.0 7486523.5243376745 733779.5146030146 1.4829545454545454
59120.38504238 2459120.8841621904 97.49946960713714 5.599468806758523 2.0 9.0 0.0 7491045.784157122 734179.0635621712 1.4829545454545454
59120.38633849 2459120.8854583004 99.36586800729856 7.465867206919938 2.0 9.0 1.0 7487587.222535596 733877.9789748652 1.4829545454545454
59120.38763497 2459120.88675478 101.23279920313507 9.332798402756453 2.0 9.0 0.0 7494228.765807768 734486.1757957459 1.4829545454545454
59120.38893108 2459120.8880508896 103.09919760329649 11.199196802917868 2.0 9.0 1.0 7491416.902321752 734245.6164098975 1.4829545454545454
59120.390227565 2459120.8893473735 104.96613600756973 13.06613520719111 2.0 9.0 0.0 7493560.839426991 734417.3922438838 1.4829545454545454
59120.39152386 2459120.8906436665 106.8328008055687 14.932800005190074 2.0 9.0 1.0 7491148.993613427 734218.6934979195 1.4829545454545454
59120.392820155 2459120.8919399586 108.69946560356766 16.79946480318904 2.0 9.0 0.0 7495176.3868907 734574.3739872684 1.4829545454545454
59120.39411627 2459120.89323607 110.56587120168842 18.665870401309803 2.0 9.0 1.0 7492058.870081219 734306.2561572082 1.4829545454545454
59120.395412750004 2459120.8945325455 112.43280240800232 20.532801607623696 2.0 9.0 0.0 7494592.713863576 734514.2708625727 1.4829545454545454
59120.396709045 2459120.8958288347 114.29946720600128 22.39946640562266 2.0 9.0 1.0 7492553.242622713 734352.5454056642 1.4829545454545454
59120.39800534 2459120.8971251226 116.16613200400025 24.266131203621626 2.0 9.0 0.0 7496350.053605851 734685.7149244936 1.4829545454545454
59120.399301640005 2459120.898421415 118.03280401043594 26.132803210057318 2.0 9.0 1.0 7494913.527875118 734576.9353573981 1.4829545454545454
59120.400597935004 2459120.8997177007 119.8994688084349 27.999468008056283 2.0 9.0 0.0 7496275.390047111 734677.1952567865 1.4829545454545454
59120.40189423 2459120.9010139853 121.76613360643387 29.866132806055248 2.0 9.0 1.0 7494532.347771721 734543.4045273928 1.4829545454545454
59120.403190525 2459120.902310269 123.63279840443283 31.732797604054213 2.0 9.0 0.0 7496886.109942854 734739.0618776107 1.4829545454545454
59120.404486825 2459120.903606557 125.49947040039115 33.599469600012526 2.0 9.0 1.0 7492943.889344928 734391.712150328 1.4829545454545454
59120.405783120004 2459120.9049028386 127.36613520886749 35.46613440848887 2.0 9.0 0.0 7496230.0203060005 734675.6875867861 1.4829545454545454
59120.407079415 2459120.906199119 129.23280000686646 37.332799206487834 2.0 9.0 1.0 7493642.94301453 734455.4096781923 1.4829545454545454
59120.408375715 2459120.9074954037 131.09947200282477 39.19947120244615 2.0 9.0 0.0 7497464.523306522 734785.2918518614 1.4829545454545454
59120.40967201 2459120.908791683 132.96613680082373 41.06613600044511 2.0 9.0 1.0 7494310.265529454 734513.584071661 1.4829545454545454
59120.410968305 2459120.9100879612 134.8328015988227 42.93280079844408 2.0 9.0 0.0 7496897.174893649 734735.2237382149 1.4829545454545454
59120.4122646 2459120.9113842393 136.69946640729904 44.79946560692042 2.0 9.0 1.0 7493989.488845394 734481.772857239 1.4829545454545454
59120.413560895 2459120.9126805165 138.566131205298 46.666130404919386 2.0 9.0 0.0 7496461.2952677 734688.9786343977 1.4829545454545454
59120.414857195 2459120.9139767997 140.43280320125632 48.5328024008777 2.0 9.0 1.0 7492538.329623142 734346.6895803679 1.4829545454545454
59120.44857238 2459120.947691755 188.9826696063392 1.865872802445665 2.0 10.0 0.0 7480771.754125569 733197.2242335556 1.4829545454545454
59120.449868675 2459120.9489880507 190.84933440433815 3.73253760044463 2.0 10.0 1.0 7481701.834722329 733316.3785401671 1.4829545454545454
59120.45116497 2459120.9502843465 192.71599920233712 5.599202398443595 2.0 10.0 0.0 7485684.82499924 733664.3148873547 1.4829545454545454
59120.452461265 2459120.951580642 194.58266400033608 7.465867196442559 2.0 10.0 1.0 7482967.677135494 733436.0897872255 1.4829545454545454
59120.453757565 2459120.9528769418 196.44933600677177 9.332539202878252 2.0 10.0 0.0 7487782.93203596 733865.2337180716 1.4829545454545454
59120.45505386 2459120.954173236 198.31600080477074 11.199204000877216 2.0 10.0 1.0 7485975.247576422 733719.0357671933 1.4829545454545454
59120.456350155 2459120.9554695305 200.1826656027697 13.065868798876181 2.0 10.0 0.0 7486666.766346664 733755.0912569095 1.4829545454545454
59120.457646455 2459120.9567658287 202.04933759872802 14.932540794834495 2.0 10.0 1.0 7487592.0391065655 733873.8642997398 1.4829545454545454
59120.45894275 2459120.9580621207 203.91600240720436 16.79920560331084 2.0 10.0 0.0 7491045.638521251 734174.4518130091 1.4829545454545454
59120.460239045 2459120.959358412 205.78266720520332 18.665870401309803 2.0 10.0 1.0 7487197.366289158 733839.8186091776 1.4829545454545454
59120.46153534 2459120.9606547025 207.6493320032023 20.532535199308768 2.0 10.0 0.0 7490409.6729773665 734114.2927080588 1.4829545454545454
59120.462831640005 2459120.961950997 209.51600400963798 22.39920720574446 2.0 10.0 1.0 7487881.460132425 733907.2142428735 1.4829545454545454
59120.464127935 2459120.9632472848 211.38266880763695 24.265872003743425 2.0 10.0 0.0 7491377.621120949 734206.3574601638 1.4829545454545454
59120.46542423 2459120.9645435717 213.2493336056359 26.13253680174239 2.0 10.0 1.0 7486717.540358921 733791.0675827161 1.4829545454545454
59120.466720525 2459120.965839858 215.11599840363488 27.999201599741355 2.0 10.0 0.0 7490501.874794915 734121.6761041428 1.4829545454545454
59120.468016825 2459120.967136148 216.9826703995932 29.865873595699668 2.0 10.0 1.0 7485983.894533525 733723.1226279989 1.4829545454545454
59120.469313120004 2459120.968432431 218.84933520806953 31.73253840417601 2.0 10.0 0.0 7490725.303515974 734146.1031474154 1.4829545454545454
59120.470609415 2459120.969728714 220.7160000060685 33.59920320217498 2.0 10.0 1.0 7487237.48058476 733840.7041269988 1.4829545454545454
59120.471905715 2459120.9710250003 222.5826720020268 35.46587519813329 2.0 10.0 0.0 7492594.774392295 734330.5414535505 1.4829545454545454
59120.473202010005 2459120.972321281 224.44933681050315 37.332540006609634 2.0 10.0 1.0 7486847.224316069 733803.1903617373 1.4829545454545454
59120.474498305004 2459120.9736175607 226.31600160850212 39.1992048046086 2.0 10.0 0.0 7492384.187677382 734302.7139342306 1.4829545454545454
59120.4757946 2459120.9749138397 228.18266640650108 41.06586960260756 2.0 10.0 1.0 7487865.977930766 733901.488913707 1.4829545454545454
59120.477090895 2459120.9762101183 230.04933120450005 42.93253440060653 2.0 10.0 0.0 7490527.875243104 734125.8600279387 1.4829545454545454
59120.478387195 2459120.9775064015 231.91600320045836 44.79920639656484 2.0 10.0 1.0 7487786.366625261 733893.0595136812 1.4829545454545454
59120.479683490004 2459120.9788026786 233.7826680089347 46.665871205041185 2.0 10.0 0.0 7491521.059538494 734217.2132359904 1.4829545454545454
59120.480979785 2459120.980098956 235.64933280693367 48.53253600304015 2.0 10.0 1.0 7486917.649942512 733809.3220045805 1.4829545454545454
59120.51469497 2459121.0138139124 284.19919920153916 1.865858396049589 2.0 11.0 0.0 7481757.591951084 733288.0542431491 1.4829545454545454
59120.515991265 2459121.015110208 286.0658639995381 3.7325231940485537 2.0 11.0 1.0 7483288.950628518 733467.5221496022 1.4829545454545454
59120.517287565 2459121.016406509 287.9325360059738 5.599195200484246 2.0 11.0 0.0 7489644.414994432 734043.3965597228 1.4829545454545454
59120.51858386 2459121.0177028044 289.7992008039728 7.465859998483211 2.0 11.0 1.0 7486877.743160676 733810.9084963267 1.4829545454545454
59120.519880155 2459121.0189991 291.66586560197175 9.332524796482176 2.0 11.0 0.0 7489395.250376837 734022.8779852575 1.4829545454545454
59120.521176455004 2459121.0202953997 293.53253760840744 11.199196802917868 2.0 11.0 1.0 7488145.311243983 733928.3734387448 1.4829545454545454
59120.52247275 2459121.0215916936 295.3992024064064 13.065861600916833 2.0 11.0 0.0 7493216.855292704 734376.3241335494 1.4829545454545454
59120.523769045 2459121.0228879866 297.26586720440537 14.932526398915797 2.0 11.0 1.0 7490697.758980344 734201.6173455234 1.4829545454545454
59120.52506534 2459121.024184279 299.13253200240433 16.799191196914762 2.0 11.0 0.0 7493474.660654989 734408.1790041857 1.4829545454545454
59120.526361640004 2459121.025480576 300.99920400884 18.665863203350455 2.0 11.0 1.0 7490282.976646602 734162.9078704924 1.4829545454545454
59120.527657935 2459121.026776866 302.865868806839 20.53252800134942 2.0 11.0 0.0 7493204.298367611 734380.2941267113 1.4829545454545454
59120.52895423 2459121.0280731553 304.73253360483795 22.399192799348384 2.0 11.0 1.0 7491264.621786596 734229.5039110511 1.4829545454545454
59120.530250525 2459121.0293694437 306.5991984028369 24.26585759734735 2.0 11.0 0.0 7493895.264150387 734447.2199977613 1.4829545454545454
59120.531546825 2459121.0306657357 308.46587039879523 26.132529593305662 2.0 11.0 1.0 7490067.05701742 734116.2617346061 1.4829545454545454
59120.53284312 2459121.0319620213 310.3325352072716 27.999194401782006 2.0 11.0 0.0 7494161.501835264 734478.6139656893 1.4829545454545454
59120.534139415 2459121.033258306 312.19920000527054 29.86585919978097 2.0 11.0 1.0 7491161.395381446 734220.0249343193 1.4829545454545454
59120.535435715 2459121.034554595 314.06587200122885 31.732531195739284 2.0 11.0 0.0 7494921.843120363 734550.6258955569 1.4829545454545454
59120.536732010005 2459121.0358508774 315.9325368097052 33.59919600421563 2.0 11.0 1.0 7492191.630222004 734316.7204520663 1.4829545454545454
59120.538028305 2459121.0371471588 317.79920160770416 35.46586080221459 2.0 11.0 0.0 7494142.015897097 734472.6051686615 1.4829545454545454
59120.5393246 2459121.038443439 319.6658664057031 37.33252560021356 2.0 11.0 1.0 7489755.476280745 734086.5620002471 1.4829545454545454
59120.540620895 2459121.0397397196 321.5325312037021 39.19919039821252 2.0 11.0 0.0 7493924.614369199 734455.1104143828 1.4829545454545454
59120.541917195 2459121.0410360033 323.3992031996604 41.065862394170836 2.0 11.0 1.0 7490394.24032281 734147.5908151745 1.4829545454545454
59120.543213490004 2459121.042332282 325.26586800813675 42.93252720264718 2.0 11.0 0.0 7494390.614035155 734497.3024898283 1.4829545454545454
59120.544509785 2459121.0436285594 327.1325328061357 44.799192000646144 2.0 11.0 1.0 7490365.438423816 734137.0403029625 1.4829545454545454
59120.545806085 2459121.044924842 328.999204802094 46.66586399660446 2.0 11.0 0.0 7492915.770419721 734348.2720859952 1.4829545454545454
59120.547102380006 2459121.0462211194 330.86586961057037 48.5325288050808 2.0 11.0 1.0 7489998.831408204 734100.8479958543 1.4829545454545454
59178.899314755 2459179.3987022704 1.8658655940089375 1.8658655940089375 3.0 12.0 0.0 7416128.850631542 726967.4112613369 1.4829545454545454
59178.900611054996 2459179.399998604 3.732537589967251 3.732537589967251 3.0 12.0 1.0 7437173.979071085 729046.2668772114 1.4829545454545454
59178.901907349995 2459179.401294932 5.599202387966216 5.599202387966216 3.0 12.0 0.0 7446184.587457757 729855.5965228343 1.4829545454545454
59178.903203645 2459179.4025912588 7.465867196442559 7.465867196442559 3.0 12.0 1.0 7456024.277899363 730855.9199596997 1.4829545454545454
59178.90449994 2459179.4038875857 9.332531994441524 9.332531994441524 3.0 12.0 0.0 7462986.992255957 731467.4851918536 1.4829545454545454
59178.905796235 2459179.405183911 11.199196792440489 11.199196792440489 3.0 12.0 1.0 7467508.8588301735 731963.7605215035 1.4829545454545454
59178.907092535 2459179.4064802397 13.065868798876181 13.065868798876181 3.0 12.0 0.0 7471728.619475265 732311.4977845853 1.4829545454545454
59178.90838883 2459179.407776562 14.932533596875146 14.932533596875146 3.0 12.0 1.0 7475662.98846621 732748.1387104513 1.4829545454545454
59178.909685125 2459179.4090728834 16.79919839487411 16.79919839487411 3.0 12.0 0.0 7477515.915108997 732865.0149236879 1.4829545454545454
59178.910981425 2459179.410369208 18.665870390832424 18.665870390832424 3.0 12.0 1.0 7479093.814359091 733075.7248808563 1.4829545454545454
59178.912277719995 2459179.4116655253 20.53253518883139 20.53253518883139 3.0 12.0 0.0 7482920.3095307695 733382.3527283998 1.4829545454545454
59178.913574015 2459179.412961841 22.399199997307733 22.399199997307733 3.0 12.0 1.0 7482062.538691572 733335.445329206 1.4829545454545454
59178.91487031 2459179.4142581555 24.265864795306697 24.265864795306697 3.0 12.0 0.0 7486564.673237903 733728.8840546979 1.4829545454545454
59178.91616661 2459179.4155544727 26.13253679126501 26.13253679126501 3.0 12.0 1.0 7484091.921712296 733552.1063130125 1.4829545454545454
59178.917462904996 2459179.4168507834 27.999201589263976 27.999201589263976 3.0 12.0 0.0 7489542.292628322 734017.5685626401 1.4829545454545454
59178.918759199994 2459179.418147092 29.86586638726294 29.86586638726294 3.0 12.0 1.0 7486302.525790224 733766.9731532856 1.4829545454545454
59178.920055495 2459179.4194433996 31.732531195739284 31.732531195739284 3.0 12.0 0.0 7487869.6695735715 733856.9654688694 1.4829545454545454
59178.921351795 2459179.420739711 33.5992031916976 33.5992031916976 3.0 12.0 1.0 7487749.832137863 733908.9854775417 1.4829545454545454
59178.922648089996 2459179.422036015 35.46586798969656 35.46586798969656 3.0 12.0 0.0 7491529.245553967 734206.4891885794 1.4829545454545454
59178.923944385 2459179.423332318 37.332532798172906 37.332532798172906 3.0 12.0 1.0 7489486.589108612 734073.2035336011 1.4829545454545454
59178.925240685 2459179.4246286256 39.19920479413122 39.19920479413122 3.0 12.0 0.0 7491199.553370783 734177.2796895249 1.4829545454545454
59178.92653698 2459179.425924927 41.065869592130184 41.065869592130184 3.0 12.0 1.0 7490616.75928923 734184.7108566593 1.4829545454545454
59178.927833275 2459179.427221228 42.93253439012915 42.93253439012915 3.0 12.0 0.0 7493423.484179547 734396.5520606654 1.4829545454545454
59178.929129569995 2459179.428517528 44.799199188128114 44.799199188128114 3.0 12.0 1.0 7490548.448083026 734182.7426089317 1.4829545454545454
59178.96190735 2459179.4612957714 91.99920239509083 1.865872802445665 3.0 13.0 0.0 7478361.739584606 732939.3114257492 1.4829545454545454
59178.963203645 2459179.4625921003 93.8658671930898 3.73253760044463 3.0 13.0 1.0 7478235.814199075 732987.1843934994 1.4829545454545454
59178.964499940004 2459179.4638884296 95.73253200156614 5.5992024089209735 3.0 13.0 0.0 7483976.372201079 733477.9575434275 1.4829545454545454
59178.965796235 2459179.4651847584 97.5991967995651 7.465867206919938 3.0 13.0 1.0 7483216.93393728 733437.5111042806 1.4829545454545454
59178.967092535 2459179.466481092 99.46586879552342 9.332539202878252 3.0 13.0 0.0 7486075.518444291 733680.9271433894 1.4829545454545454
59178.96838883 2459179.46777742 101.33253359352238 11.199204000877216 3.0 13.0 1.0 7485687.385053395 733703.4494663938 1.4829545454545454
59178.969685125 2459179.4690737473 103.19919839152135 13.065868798876181 3.0 13.0 0.0 7487113.0636478085 733783.8402231281 1.4829545454545454
59178.970981425 2459179.4703700785 105.06587039795704 14.932540805311874 3.0 13.0 1.0 7486699.206253127 733805.6804391237 1.4829545454545454
59178.97227772 2459179.4716664036 106.932535195956 16.79920560331084 3.0 13.0 0.0 7491229.467051894 734180.5666309485 1.4829545454545454
59178.973574015 2459179.4729627273 108.79919999395497 18.665870401309803 3.0 13.0 1.0 7488792.759855413 734003.8444387951 1.4829545454545454
59178.974870310005 2459179.4742590496 110.66586480243132 20.532535209786147 3.0 13.0 0.0 7491707.528161558 734224.6685618986 1.4829545454545454
59178.976166609995 2459179.475555375 112.53253678791225 22.39920719526708 3.0 13.0 1.0 7488554.15986806 733986.1410705565 1.4829545454545454
59178.977462905 2459179.4768516943 114.3992015963886 24.265872003743425 3.0 13.0 0.0 7490699.433240489 734127.085833861 1.4829545454545454
59178.9787592 2459179.478148011 116.26586639438756 26.13253680174239 3.0 13.0 1.0 7489584.289708142 734081.5606734129 1.4829545454545454
59178.980055495 2459179.479444327 118.13253119238652 27.999201599741355 3.0 13.0 0.0 7492539.868044307 734306.4223668727 1.4829545454545454
59178.981351795 2459179.4807406454 119.99920319882222 29.865873606177047 3.0 13.0 1.0 7487898.905886151 733921.1263899175 1.4829545454545454
59178.98264809 2459179.4820369575 121.86586799682118 31.73253840417601 3.0 13.0 0.0 7491402.941688749 734193.5919013735 1.4829545454545454
59178.983944385 2459179.4833332673 123.73253279482014 33.59920320217498 3.0 13.0 1.0 7489791.2779466845 734101.6776556274 1.4829545454545454
59178.985240685 2459179.4846295808 125.59920479077846 35.46587519813329 3.0 13.0 0.0 7492713.125934721 734319.6334864849 1.4829545454545454
59178.986536979995 2459179.485925888 127.46586958877742 37.332539996132255 3.0 13.0 1.0 7489115.704138259 734036.8975453397 1.4829545454545454
59178.987833275 2459179.4872221933 129.33253439725377 39.1992048046086 3.0 13.0 0.0 7491918.509419163 734243.0457949471 1.4829545454545454
59178.98912957 2459179.4885184974 131.19919919525273 41.06586960260756 3.0 13.0 1.0 7489366.106610682 734060.3021078034 1.4829545454545454
59178.990425865 2459179.4898148007 133.0658639932517 42.93253440060653 3.0 13.0 0.0 7491376.065085908 734193.2380628431 1.4829545454545454
59178.991722164996 2459179.4911111076 134.93253598921 44.79920639656484 3.0 13.0 1.0 7489789.215091279 734106.1256533965 1.4829545454545454
59178.993018459994 2459179.4924074085 136.79920078720897 46.665871194563806 3.0 13.0 0.0 7491861.101114549 734240.3531395391 1.4829545454545454
59178.994314755 2459179.493703709 138.66586559568532 48.53253600304015 3.0 13.0 1.0 7488772.198835646 734008.3803087974 1.4829545454545454
59179.028087905 2459179.527477328 187.29920159094036 1.865872791968286 3.0 14.0 0.0 7470784.732803106 732210.4774481965 1.4829545454545454
59179.029384199996 2459179.528773657 189.16586638893932 3.732537589967251 3.0 14.0 1.0 7474865.344863566 732664.6354772092 1.4829545454545454
59179.030680494994 2459179.5300699864 191.0325311869383 5.599202387966216 3.0 14.0 0.0 7479080.253121345 733010.0899998114 1.4829545454545454
59179.031976795 2459179.5313663203 192.89920319337398 7.465874394401908 3.0 14.0 1.0 7477331.48179583 732900.3780486652 1.4829545454545454
59179.03327309 2459179.532662649 194.76586799137294 9.332539192400873 3.0 14.0 0.0 7480750.7326709125 733169.4702413292 1.4829545454545454
59179.034569384996 2459179.533958977 196.6325327893719 11.199203990399837 3.0 14.0 1.0 7479409.740340488 733099.9070921409 1.4829545454545454
59179.035865679994 2459179.5352553045 198.49919758737087 13.065868788398802 3.0 14.0 0.0 7481908.077547293 733280.3823611996 1.4829545454545454
59179.03716198 2459179.5365516357 200.36586959380656 14.932540794834495 3.0 14.0 1.0 7480683.338690253 733226.8480269026 1.4829545454545454
59179.038458275 2459179.537847961 202.23253439180553 16.79920559283346 3.0 14.0 0.0 7484612.72270976 733540.1944387777 1.4829545454545454
59179.039754569996 2459179.5391442846 204.0991991898045 18.665870390832424 3.0 14.0 1.0 7481963.52016925 733348.7521190036 1.4829545454545454
59179.04105087 2459179.5404406115 205.9658711962402 20.532542397268116 3.0 14.0 0.0 7482996.340846341 733387.8605917655 1.4829545454545454
59179.042347165 2459179.541736932 207.83253599423915 22.39920719526708 3.0 14.0 1.0 7481268.05916595 733282.970424978 1.4829545454545454
59179.04364346 2459179.5430332515 209.69920079223812 24.265871993266046 3.0 14.0 0.0 7483754.321735699 733460.7793910077 1.4829545454545454
59179.044939755 2459179.5443295687 211.56586559023708 26.13253679126501 3.0 14.0 1.0 7481410.298840098 733294.5459054904 1.4829545454545454
59179.046236049995 2459179.545625884 213.43253038823605 27.999201589263976 3.0 14.0 0.0 7483869.344222387 733469.9950733704 1.4829545454545454
59179.04753235 2459179.5469222027 215.29920239467174 29.865873595699668 3.0 14.0 1.0 7480201.918673343 733180.8670336432 1.4829545454545454
59179.048828645 2459179.548218515 217.1658671926707 31.732538393698633 3.0 14.0 0.0 7484054.814767391 733487.0719961086 1.4829545454545454
59179.05012494 2459179.5495148245 219.03253199066967 33.5992031916976 3.0 14.0 1.0 7481741.9890813455 733326.7334288947 1.4829545454545454
59179.05142124 2459179.550811138 220.89920399710536 35.46587519813329 3.0 14.0 0.0 7484248.142049305 733509.4013716407 1.4829545454545454
59179.052717535 2459179.5521074445 222.76586879510432 37.332539996132255 3.0 14.0 1.0 7481542.606034613 733309.5270809741 1.4829545454545454
59179.05401383 2459179.5534037505 224.6325335931033 39.19920479413122 3.0 14.0 0.0 7486062.788543994 733679.4862851854 1.4829545454545454
59179.055310125 2459179.554700054 226.49919839110225 41.065869592130184 3.0 14.0 1.0 7481793.138206439 733335.679019456 1.4829545454545454
59179.056606425 2459179.555996362 228.36587039753795 42.93254159856588 3.0 14.0 0.0 7484326.656591586 733512.9139928423 1.4829545454545454
59179.05790272 2459179.557292664 230.2325351955369 44.79920639656484 3.0 14.0 1.0 7481744.503570715 733332.9747016528 1.4829545454545454
59179.059199015 2459179.5585889653 232.09919999353588 46.665871194563806 3.0 14.0 0.0 7485106.114272188 733595.1893896699 1.4829545454545454
59179.06049531 2459179.559885266 233.96586479153484 48.53253599256277 3.0 14.0 1.0 7482093.536315888 733369.6701752435 1.4829545454545454
59179.09426846 2459179.5936588855 282.59920079726726 1.865872802445665 3.0 15.0 0.0 7473597.974214205 732481.6068225356 1.4829545454545454
59179.095564755 2459179.594955215 284.4658655952662 3.73253760044463 3.0 15.0 1.0 7476627.935109344 732833.1223119267 1.4829545454545454
59179.096861055004 2459179.5962515497 286.3325376017019 5.599209606880322 3.0 15.0 0.0 7480087.04326012 733103.6708465581 1.4829545454545454
59179.09815735 2459179.5975478785 288.1992023997009 7.465874404879287 3.0 15.0 1.0 7479370.77765391 733097.3060562771 1.4829545454545454
59179.099453645 2459179.5988442074 290.06586719769984 9.332539202878252 3.0 15.0 0.0 7482053.089297247 733294.6666371888 1.4829545454545454
59179.10074994 2459179.6001405357 291.9325319956988 11.199204000877216 3.0 15.0 1.0 7481788.376206824 733328.6244962605 1.4829545454545454
59179.102046235 2459179.6014368627 293.7991967936978 13.065868798876181 3.0 15.0 0.0 7485686.033758243 733639.475138578 1.4829545454545454
59179.103342535 2459179.6027331944 295.66586880013347 14.932540805311874 3.0 15.0 1.0 7483583.292901453 733503.4043285205 1.4829545454545454
59179.10463883 2459179.604029519 297.53253359813243 16.79920560331084 3.0 15.0 0.0 7485512.012456516 733653.5970651038 1.4829545454545454
59179.105935125 2459179.605325843 299.3991983961314 18.665870401309803 3.0 15.0 1.0 7483534.9406031445 733500.2156028119 1.4829545454545454
59179.107231425 2459179.6066221707 301.2658703920897 20.532542397268116 3.0 15.0 0.0 7485088.66602132 733585.1851759199 1.4829545454545454
59179.10852772 2459179.607918491 303.13253520056605 22.39920720574446 3.0 15.0 1.0 7483187.617794586 733461.7349020648 1.4829545454545454
59179.109824015 2459179.6092148097 304.999199998565 24.265872003743425 3.0 15.0 0.0 7486250.673284331 733695.3901505283 1.4829545454545454
59179.11112031 2459179.6105111274 306.865864796564 26.13253680174239 3.0 15.0 1.0 7483948.241670877 733540.0178612762 1.4829545454545454
59179.112416610005 2459179.611807448 308.7325368029997 27.999208808178082 3.0 15.0 0.0 7487587.209831876 733826.4453137392 1.4829545454545454
59179.113712905004 2459179.613103761 310.59920160099864 29.865873606177047 3.0 15.0 1.0 7484900.30143939 733633.5126778134 1.4829545454545454
59179.1150092 2459179.614400073 312.4658663989976 31.73253840417601 3.0 15.0 0.0 7486830.254641704 733751.8442573828 1.4829545454545454
59179.116305495 2459179.615696383 314.33253119699657 33.59920320217498 3.0 15.0 1.0 7484361.204786422 733580.7856914554 1.4829545454545454
59179.117601795 2459179.6169926967 316.1992031929549 35.46587519813329 3.0 15.0 0.0 7486894.646558618 733757.7497434283 1.4829545454545454
59179.118898090004 2459179.618289003 318.0658680014312 37.332540006609634 3.0 15.0 1.0 7483297.862079561 733480.4297512893 1.4829545454545454
59179.120194385 2459179.6195853082 319.9325327994302 39.1992048046086 3.0 15.0 0.0 7487822.388769957 733848.7869406873 1.4829545454545454
59179.121490685 2459179.620881617 321.7992047953885 41.06587680056691 3.0 15.0 1.0 7485565.166705152 733697.3097500819 1.4829545454545454
59179.12278698 2459179.6221779203 323.66586959338747 42.93254159856588 3.0 15.0 0.0 7486703.724704591 733744.290282985 1.4829545454545454
59179.124083275 2459179.623474222 325.53253439138643 44.79920639656484 3.0 15.0 1.0 7485192.730575756 733664.7837222521 1.4829545454545454
59179.12537957 2459179.624770523 327.3991991998628 46.665871205041185 3.0 15.0 0.0 7487089.353652885 733780.9576192925 1.4829545454545454
59179.126675865 2459179.6260668235 329.26586399786174 48.53253600304015 3.0 15.0 1.0 7486224.648539675 733766.7393167466 1.4829545454545454
59269.031274124995 2459269.53252416 1.8661391898058355 1.8661391898058355 4.0 16.0 0.0 7400478.25505632 725470.8972228408 1.4829545454545454
59269.03257042 2459269.5338204913 3.7328039982821792 3.7328039982821792 4.0 16.0 1.0 7431466.388883949 728492.500208079 1.4829545454545454
59269.033866715006 2459269.535116822 5.599468806758523 5.599468806758523 4.0 16.0 0.0 7442841.476915758 729537.3218856755 1.4829545454545454
59269.035163010005 2459269.536413152 7.466133604757488 7.466133604757488 4.0 16.0 1.0 7454871.853732967 730741.9124028696 1.4829545454545454
59269.036459309995 2459269.5377094857 9.332805590238422 9.332805590238422 4.0 16.0 0.0 7462742.550172044 731442.5266441982 1.4829545454545454
59269.03775560499 2459269.539005813 11.199470388237387 11.199470388237387 4.0 16.0 1.0 7466651.573611479 731869.7546867505 1.4829545454545454
59269.0390519 2459269.54030214 13.06613519671373 13.06613519671373 4.0 16.0 0.0 7471944.89743147 732327.837758605 1.4829545454545454
59269.040348195005 2459269.5415984653 14.932800005190074 14.932800005190074 4.0 16.0 1.0 7474872.689794585 732660.5009641225 1.4829545454545454
59269.041644494995 2459269.542894794 16.79947199067101 16.79947199067101 4.0 16.0 0.0 7479297.627997281 733032.2745767487 1.4829545454545454
59269.04294079 2459269.544191116 18.666136799147353 18.666136799147353 4.0 16.0 1.0 7481082.9455045145 733255.1244623462 1.4829545454545454
59269.04423708501 2459269.545487437 20.532801607623696 20.532801607623696 4.0 16.0 0.0 7484799.073025574 733558.082922747 1.4829545454545454
59269.045533380006 2459269.5467837555 22.39946640562266 22.39946640562266 4.0 16.0 1.0 7482417.139598878 733382.1680827485 1.4829545454545454
59269.046829679995 2459269.5480800774 24.266138391103595 24.266138391103595 4.0 16.0 0.0 7487034.896885809 733771.7732658823 1.4829545454545454
59269.048125789996 2459269.549376208 26.13253679126501 26.13253679126501 4.0 16.0 1.0 7485737.980335355 733698.9612149132 1.4829545454545454
59269.049422085 2459269.5506725213 27.999201599741355 27.999201599741355 4.0 16.0 0.0 7489454.625701627 733997.8990770445 1.4829545454545454
59269.050718385 2459269.551968838 29.865873595699668 29.865873595699668 4.0 16.0 1.0 7488027.382086384 733912.7463178505 1.4829545454545454
59269.05201468 2459269.5532651492 31.732538393698633 31.732538393698633 4.0 16.0 0.0 7491234.75083679 734169.0374611228 1.4829545454545454
59269.053310974996 2459269.5545614576 33.5992031916976 33.5992031916976 4.0 16.0 1.0 7488994.700207263 734005.4233563466 1.4829545454545454
59269.054607269994 2459269.555857765 35.46586798969656 35.46586798969656 4.0 16.0 0.0 7493356.648325054 734370.7225455486 1.4829545454545454
59269.055903565 2459269.557154072 37.332532798172906 37.332532798172906 4.0 16.0 1.0 7489089.741661682 734011.6415596261 1.4829545454545454
59269.057199865 2459269.558450382 39.19920479413122 39.19920479413122 4.0 16.0 0.0 7492899.694153769 734327.8510352601 1.4829545454545454
59269.058496159996 2459269.559746687 41.065869592130184 41.065869592130184 4.0 16.0 1.0 7488751.588997915 733980.0985187475 1.4829545454545454
59269.059792455 2459269.5610429905 42.93253440060653 42.93253440060653 4.0 16.0 0.0 7493576.417149978 734392.5524910325 1.4829545454545454
59269.061088755 2459269.562339299 44.79920639656484 44.79920639656484 4.0 16.0 1.0 7492546.74250789 734346.614362284 1.4829545454545454
59269.06238505 2459269.5636356026 46.665871194563806 46.665871194563806 4.0 16.0 0.0 7493396.991975141 734376.2724736481 1.4829545454545454
59269.063681345 2459269.5649319054 48.53253599256277 48.53253599256277 4.0 16.0 1.0 7492588.061067924 734349.1788585766 1.4829545454545454
59269.097373565004 2459269.5986247375 97.04933280358091 1.8658656044863164 4.0 17.0 0.0 7480019.230971398 733103.7845355243 1.4829545454545454
59269.098669865 2459269.5999210733 98.91600479953922 3.73253760044463 4.0 17.0 1.0 7482484.152605198 733370.4484944135 1.4829545454545454
59269.09996616 2459269.6012174035 100.78266959753819 5.599202398443595 4.0 17.0 0.0 7486589.047614974 733734.9312767133 1.4829545454545454
59269.101262455 2459269.6025137333 102.64933439553715 7.465867196442559 4.0 17.0 1.0 7485128.461262485 733647.7873160976 1.4829545454545454
59269.102558754996 2459269.6038100673 104.51600639149547 9.332539192400873 4.0 17.0 0.0 7488874.700095045 733950.591907429 1.4829545454545454
59269.103855049994 2459269.605106395 106.38267118949443 11.199203990399837 4.0 17.0 1.0 7486443.69523211 733770.744458234 1.4829545454545454
59269.105151345 2459269.6064027217 108.24933599797077 13.065868798876181 4.0 17.0 0.0 7492434.71677776 734288.2964329653 1.4829545454545454
59269.10644764 2459269.607699047 110.11600079596974 14.932533596875146 4.0 17.0 1.0 7489789.866470782 734089.7058235831 1.4829545454545454
59269.107743935 2459269.6089953706 111.9826655939687 16.79919839487411 4.0 17.0 0.0 7491154.811884037 734163.781685785 1.4829545454545454
59269.109040235 2459269.610291698 113.8493376004044 18.665870401309803 4.0 17.0 1.0 7490750.2487594625 734181.2587777947 1.4829545454545454
59269.11033653 2459269.611588018 115.71600239840336 20.532535199308768 4.0 17.0 0.0 7491174.318537894 734168.1829059904 1.4829545454545454
59269.111632825 2459269.612884337 117.58266719640233 22.399199997307733 4.0 17.0 1.0 7489075.312925331 734015.3412933244 1.4829545454545454
59269.112929124996 2459269.614180659 119.44933919236064 24.265871993266046 4.0 17.0 0.0 7493249.177723278 734366.9117671519 1.4829545454545454
59269.114225419995 2459269.6154769748 121.3160039903596 26.13253679126501 4.0 17.0 1.0 7490008.881473607 734105.5484554801 1.4829545454545454
59269.115521715 2459269.616773288 123.18266879883595 27.999201599741355 4.0 17.0 0.0 7491371.677206031 734181.8979558797 1.4829545454545454
59269.11681801 2459269.6180696 125.04933359683491 29.86586639774032 4.0 17.0 1.0 7490177.585139797 734123.505607774 1.4829545454545454
59269.11811431 2459269.619365915 126.91600559279323 31.732538393698633 4.0 17.0 0.0 7494665.904379781 734498.9955722566 1.4829545454545454
59269.119410605 2459269.6206622245 128.78267040126957 33.59920320217498 4.0 17.0 1.0 7490610.204564574 734162.9920347829 1.4829545454545454
59269.1207069 2459269.6219585324 130.64933519926853 35.46586800017394 4.0 17.0 0.0 7494623.223047737 734491.941384879 1.4829545454545454
59269.122003195 2459269.6232548384 132.5159999972675 37.332532798172906 4.0 17.0 1.0 7490508.937360275 734150.1380990432 1.4829545454545454
59269.123299495 2459269.624551149 134.3826719932258 39.19920479413122 4.0 17.0 0.0 7493958.59003301 734427.5823921238 1.4829545454545454
59269.124595789996 2459269.6258474537 136.24933679122478 41.065869592130184 4.0 17.0 1.0 7488832.436174995 733996.0091379948 1.4829545454545454
59269.125892085 2459269.627143758 138.11600159970112 42.93253440060653 4.0 17.0 0.0 7493358.935916861 734371.4109616365 1.4829545454545454
59269.127188385 2459269.6284400662 139.98267359565943 44.79920639656484 4.0 17.0 1.0 7489565.841026225 734060.6803731708 1.4829545454545454
59269.12848468 2459269.6297363695 141.8493383936584 46.665871194563806 4.0 17.0 0.0 7494235.366412029 734454.5859202401 1.4829545454545454
59269.129780974996 2459269.6310326727 143.71600319165736 48.53253599256277 4.0 17.0 1.0 7487848.915742575 733894.0090732601 1.4829545454545454
59269.163473010005 2459269.664725318 192.23253360483795 1.8658656044863164 4.0 18.0 0.0 7473604.046047339 732488.2782027139 1.4829545454545454
59269.164769309995 2459269.666021654 194.0992055903189 3.732537589967251 4.0 18.0 1.0 7473960.1937323725 732528.7372120728 1.4829545454545454
59269.16606560499 2459269.667317984 195.96587038831785 5.599202387966216 4.0 18.0 0.0 7478237.38239383 732930.8951096203 1.4829545454545454
59269.1673619 2459269.668614314 197.8325351967942 7.465867196442559 4.0 18.0 1.0 7477540.61050897 732897.079943621 1.4829545454545454
59269.168658195005 2459269.669910643 199.69920000527054 9.332532004918903 4.0 18.0 0.0 7482193.364434857 733310.204221353 1.4829545454545454
59269.169954494995 2459269.6712069754 201.56587199075148 11.199203990399837 4.0 18.0 1.0 7478320.679498258 732968.9435139825 1.4829545454545454
59269.17125079 2459269.672503302 203.43253679922782 13.065868798876181 4.0 18.0 0.0 7484293.429706395 733500.9262848811 1.4829545454545454
59269.17254708501 2459269.6737996275 205.29920160770416 14.932533607352525 4.0 18.0 1.0 7480834.964482582 733226.3630849683 1.4829545454545454
59269.173843380006 2459269.6750959507 207.16586640570313 16.79919840535149 4.0 18.0 0.0 7484280.181268198 733501.8336671634 1.4829545454545454
59269.175139679995 2459269.676392278 209.03253839118406 18.665870390832424 4.0 18.0 1.0 7480991.779324723 733222.6260075083 1.4829545454545454
59269.176435974994 2459269.677688598 210.89920318918303 20.53253518883139 4.0 18.0 0.0 7485565.682634507 733632.128238357 1.4829545454545454
59269.17773227 2459269.6789849172 212.76586799765937 22.399199997307733 4.0 18.0 1.0 7483056.053058757 733420.5420721341 1.4829545454545454
59269.17902857 2459269.6802812396 214.63253999361768 24.265871993266046 4.0 18.0 0.0 7486765.417619266 733740.7531341924 1.4829545454545454
59269.180324864996 2459269.681577555 216.49920479161665 26.13253679126501 4.0 18.0 1.0 7483579.752317939 733513.7717406119 1.4829545454545454
59269.181621159994 2459269.6828738684 218.3658695896156 27.999201589263976 4.0 18.0 0.0 7485583.570128813 733630.4675523058 1.4829545454545454
59269.18291745499 2459269.6841701805 220.23253438761458 29.86586638726294 4.0 18.0 1.0 7482483.820530482 733406.3906648163 1.4829545454545454
59269.18421375 2459269.685466491 222.09919919609092 31.732531195739284 4.0 18.0 0.0 7485961.801984198 733660.9832779918 1.4829545454545454
59269.185510049996 2459269.686762805 223.96587119204924 33.5992031916976 4.0 18.0 1.0 7482220.019528494 733312.1239396477 1.4829545454545454
59269.186806344995 2459269.6880591125 225.8325359900482 35.46586798969656 4.0 18.0 0.0 7487329.067671492 733790.8654578038 1.4829545454545454
59269.18810264 2459269.6893554195 227.69920079852454 37.332532798172906 4.0 18.0 1.0 7486219.774565606 733738.7436942864 1.4829545454545454
59269.18939894 2459269.6906517297 229.56587279448286 39.19920479413122 4.0 18.0 0.0 7489834.13261929 734033.4201922962 1.4829545454545454
59269.190695235 2459269.6919480343 231.43253759248182 41.065869592130184 4.0 18.0 1.0 7485681.3410691535 733685.7377834434 1.4829545454545454
59269.191991529995 2459269.6932443385 233.2992023904808 42.93253439012915 4.0 18.0 0.0 7491013.572992837 734148.5179814792 1.4829545454545454
59269.19328782499 2459269.694540642 235.16586718847975 44.799199188128114 4.0 18.0 1.0 7484577.6919575995 733578.571358108 1.4829545454545454
59269.194584125 2459269.6958369506 237.03253919491544 46.665871194563806 4.0 18.0 0.0 7489664.030983493 734015.810572937 1.4829545454545454
59269.19588042 2459269.697133254 238.8992039929144 48.53253599256277 4.0 18.0 1.0 7485795.539599487 733697.6780247837 1.4829545454545454
59269.229584125 2459269.7308375677 287.4325391999446 1.865872802445665 4.0 19.0 0.0 7475271.84008602 732644.8897333732 1.4829545454545454
59269.23088042 2459269.732133899 289.29920399794355 3.73253760044463 4.0 19.0 1.0 7477795.957381314 732920.7251410559 1.4829545454545454
59269.232176715 2459269.7334302287 291.1658687959425 5.599202398443595 4.0 19.0 0.0 7484173.833794268 733501.2376714875 1.4829545454545454
59269.23347301 2459269.7347265584 293.0325335939415 7.465867196442559 4.0 19.0 1.0 7482643.700526651 733387.6996215299 1.4829545454545454
59269.23476931 2459269.736022892 294.8992056003772 9.332539202878252 4.0 19.0 0.0 7486253.743392594 733695.9925262021 1.4829545454545454
59269.236065605 2459269.73731922 296.76587039837614 11.199204000877216 4.0 19.0 1.0 7482478.213639687 733392.1556066028 1.4829545454545454
59269.2373619 2459269.7386155464 298.6325351963751 13.065868798876181 4.0 19.0 0.0 7487360.6745536355 733804.1723679143 1.4829545454545454
59269.238658195 2459269.7399118715 300.49919999437407 14.932533596875146 4.0 19.0 1.0 7483680.9181461865 733457.3147314269 1.4829545454545454
59269.239954495 2459269.7412082 302.36587200080976 16.79920560331084 4.0 19.0 0.0 7486555.899855801 733723.7719788885 1.4829545454545454
59269.24125079 2459269.742504522 304.2325367988087 18.665870401309803 4.0 19.0 1.0 7485114.963175704 733621.3919517404 1.4829545454545454
59269.242547085 2459269.7438008427 306.0992015968077 20.532535199308768 4.0 19.0 0.0 7488053.805618168 733866.2417432207 1.4829545454545454
59269.24384338 2459269.7450971613 307.96586639480665 22.399199997307733 4.0 19.0 1.0 7482438.850694138 733359.4179202216 1.4829545454545454
59269.24513968 2459269.7463934836 309.83253840124235 24.265872003743425 4.0 19.0 0.0 7488163.047722527 733877.0949010528 1.4829545454545454
59269.246435975 2459269.747689799 311.6992031992413 26.13253680174239 4.0 19.0 1.0 7485939.363573996 733718.7863167735 1.4829545454545454
59269.24773227 2459269.748986113 313.5658679972403 27.999201599741355 4.0 19.0 0.0 7488662.076096827 733921.2336038589 1.4829545454545454
59269.249028570004 2459269.7502824296 315.43254000367597 29.865873606177047 4.0 19.0 1.0 7485017.6420772225 733604.267548032 1.4829545454545454
59269.250324865 2459269.7515787403 317.29920480167493 31.73253840417601 4.0 19.0 0.0 7487782.564986559 733836.5514735016 1.4829545454545454
59269.25162116 2459269.7528750496 319.1658695996739 33.59920320217498 4.0 19.0 1.0 7484841.240660588 733586.8848925821 1.4829545454545454
59269.252917455 2459269.754171357 321.03253439767286 35.46586800017394 4.0 19.0 0.0 7488974.669087242 733948.9374904552 1.4829545454545454
59269.25421375 2459269.7554676635 322.8991991956718 37.332532798172906 4.0 19.0 1.0 7485572.044238528 733654.2109280854 1.4829545454545454
59269.25551005 2459269.756763974 324.7658712021075 39.1992048046086 4.0 19.0 0.0 7488913.911463447 733942.9138015726 1.4829545454545454
59269.256806345 2459269.7580602793 326.6325360001065 41.06586960260756 4.0 19.0 1.0 7485146.473988633 733618.4873293679 1.4829545454545454
59269.25810264 2459269.759356583 328.49920079810545 42.93253440060653 4.0 19.0 0.0 7486985.143554254 733757.3168490947 1.4829545454545454
59269.259398940005 2459269.760652892 330.36587280454114 44.79920640704222 4.0 19.0 1.0 7484456.686289078 733548.5919705932 1.4829545454545454
59269.260695235 2459269.761949195 332.2325376025401 46.665871205041185 4.0 19.0 0.0 7487813.586127101 733838.0317665525 1.4829545454545454
59269.26199153 2459269.7632454988 334.09920240053907 48.53253600304015 4.0 19.0 1.0 7484141.9376803795 733516.5501935567 1.4829545454545454
