# %ECSV 0.9
# ---
# datatype:
# - {name: t_mjd, datatype: float64}
# - {name: t_bjd, datatype: float64}
# - {name: t_visit, datatype: float64}
# - {name: t_orbit, datatype: float64}
# - {name: ivisit, datatype: float64}
# - {name: iorbit, datatype: float64}
# - {name: scan, datatype: float64}
# - {name: spec_opt, datatype: float64}
# - {name: var_opt, datatype: float64}
# - {name: wave, datatype: float64}
# schema: astropy-2.0
t_mjd t_bjd t_visit t_orbit ivisit iorbit scan spec_opt var_opt wave
58888.252084215 2458888.753034453 1.8658655940089375 1.8658655940089375 0.0 0.0 0.0 7212603.340099243 707424.2635238565 1.5784090909090909
58888.253380509996 2458888.7543307883 3.7325303920079023 3.7325303920079023 0.0 0.0 1.0 7253847.778922 711410.6396798313 1.5784090909090909
58888.25467699 2458888.755627308 5.5994615983217955 5.5994615983217955 0.0 0.0 0.0 7268627.944836691 712800.4482486192 1.5784090909090909
58888.255973105 2458888.756923462 7.465867196442559 7.465867196442559 0.0 0.0 1.0 7285000.8975211345 714435.7490548992 1.5784090909090909
58888.2572694 2458888.7582197953 9.332531994441524 9.332531994441524 0.0 0.0 0.0 7291096.559922468 714964.2923090657 1.5784090909090909
58888.258565694996 2458888.7595161274 11.199196792440489 11.199196792440489 0.0 0.0 1.0 7299932.141589634 715865.7794411172 1.5784090909090909
58888.259861989995 2458888.7608124586 13.065861590439454 13.065861590439454 0.0 0.0 0.0 7304933.742828604 716290.0592353739 1.5784090909090909
58888.261158285 2458888.7621087884 14.932526398915797 14.932526398915797 0.0 0.0 1.0 7309055.592144883 716710.229762181 1.5784090909090909
58888.262454585 2458888.763405122 16.79919839487411 16.79919839487411 0.0 0.0 0.0 7313726.1478922395 717131.938504779 1.5784090909090909
58888.263750879996 2458888.7647014484 18.665863192873076 18.665863192873076 0.0 0.0 1.0 7316266.579341711 717400.826265627 1.5784090909090909
58888.265047175 2458888.765997773 20.53252800134942 20.53252800134942 0.0 0.0 0.0 7320150.781234369 717745.2411209696 1.5784090909090909
58888.266343475 2458888.7672941014 22.399199997307733 22.399199997307733 0.0 0.0 1.0 7318362.1175275855 717605.1183151335 1.5784090909090909
58888.26763977 2458888.7685904233 24.265864795306697 24.265864795306697 0.0 0.0 0.0 7325892.935640173 718294.3978915927 1.5784090909090909
58888.268936065 2458888.7698867433 26.132529593305662 26.132529593305662 0.0 0.0 1.0 7323766.98778996 718142.8997629029 1.5784090909090909
58888.270232359995 2458888.7711830614 27.999194391304627 27.999194391304627 0.0 0.0 0.0 7326502.433517665 718350.7817093353 1.5784090909090909
58888.27152866 2458888.772479383 29.86586639774032 29.86586639774032 0.0 0.0 1.0 7325765.942010258 718313.3104255936 1.5784090909090909
58888.272824955 2458888.773775698 31.732531195739284 31.732531195739284 0.0 0.0 0.0 7327742.60849421 718468.6938166799 1.5784090909090909
58888.274121434995 2458888.7750721965 33.5994623915758 33.5994623915758 0.0 0.0 1.0 7327900.518322348 718545.8819595476 1.5784090909090909
58888.275417545 2458888.776368324 35.46586080221459 35.46586080221459 0.0 0.0 0.0 7328920.910860123 718586.4920075673 1.5784090909090909
58888.276713845 2458888.77766464 37.332532798172906 37.332532798172906 0.0 0.0 1.0 7327749.387333028 718498.5167001319 1.5784090909090909
58888.27801014 2458888.7789609507 39.19919759617187 39.19919759617187 0.0 0.0 0.0 7330595.658259195 718748.129172511 1.5784090909090909
58888.279306435 2458888.78025726 41.065862394170836 41.065862394170836 0.0 0.0 1.0 7329616.738776593 718704.1160777012 1.5784090909090909
58888.280602735 2458888.7815535734 42.93253440060653 42.93253440060653 0.0 0.0 0.0 7331208.701488281 718803.7802306203 1.5784090909090909
58888.28189903 2458888.782849882 44.79919919860549 44.79919919860549 0.0 0.0 1.0 7329810.7981601255 718699.5764804531 1.5784090909090909
58888.283195325 2458888.78414619 46.66586399660446 46.66586399660446 0.0 0.0 0.0 7333741.451411194 719045.5417908491 1.5784090909090909
58888.28449162 2458888.7854424976 48.53252879460342 48.53252879460342 0.0 0.0 1.0 7331541.983702216 718890.8265147497 1.5784090909090909
58888.318183845 2458888.8191354494 97.04933279310353 1.866132002323866 0.0 1.0 0.0 7317819.254142062 717524.6282990321 1.5784090909090909
58888.319480139995 2458888.8204317843 98.9159975911025 3.7327968003228307 0.0 1.0 1.0 7319332.595558433 717729.7842424697 1.5784090909090909
58888.320776435 2458888.821728119 100.78266239957884 5.599461608799174 0.0 1.0 0.0 7324666.829378461 718189.7013269853 1.5784090909090909
58888.322072735 2458888.8230244583 102.64933439553715 7.466133604757488 0.0 1.0 1.0 7324431.527431333 718216.1644759566 1.5784090909090909
58888.32336903 2458888.8243207913 104.51599919353612 9.332798402756453 0.0 1.0 0.0 7325999.678627453 718302.9146838747 1.5784090909090909
58888.324665325 2458888.825617124 106.38266400201246 11.199463211232796 0.0 1.0 1.0 7325330.422934603 718301.6879108947 1.5784090909090909
58888.32596162 2458888.826913455 108.24932880001143 13.066128009231761 0.0 1.0 0.0 7327942.629612368 718501.568542247 1.5784090909090909
58888.32725773 2458888.8282095995 110.11572720017284 14.932526409393176 0.0 1.0 1.0 7328541.072191054 718610.1514554379 1.5784090909090909
58888.328554215 2458888.8295061174 111.9826655939687 16.79946480318904 0.0 1.0 0.0 7331017.749378452 718793.1294181744 1.5784090909090909
58888.329850509996 2458888.830802444 113.84933039196767 18.666129601188004 0.0 1.0 1.0 7326602.080927936 718423.4803060136 1.5784090909090909
58888.331146805 2458888.8320987695 115.71599520044401 20.532794409664348 0.0 1.0 0.0 7328144.555051257 718514.3183152288 1.5784090909090909
58888.332443105 2458888.833395098 117.58266719640233 22.39946640562266 0.0 1.0 1.0 7328806.207006693 718604.9309477741 1.5784090909090909
58888.3337394 2458888.8346914193 119.44933199440129 24.266131203621626 0.0 1.0 0.0 7329825.405332449 718673.6820670854 1.5784090909090909
58888.335035694996 2458888.8359877393 121.31599679240026 26.13279600162059 0.0 1.0 1.0 7328349.011812252 718581.5516441675 1.5784090909090909
58888.336331989995 2458888.837284058 123.18266159039922 27.999460799619555 0.0 1.0 0.0 7331141.459366895 718796.6510577598 1.5784090909090909
58888.337628099995 2458888.8385801897 125.04905999056064 29.86585919978097 0.0 1.0 1.0 7328501.15863795 718577.0110108474 1.5784090909090909
58888.338924585 2458888.8398766946 126.91599839483388 31.732797604054213 0.0 1.0 0.0 7330698.16520626 718753.5253059901 1.5784090909090909
58888.340220879996 2458888.841173008 128.78266319283284 33.59946240205318 0.0 1.0 1.0 7328493.645659308 718599.4179394103 1.5784090909090909
58888.341517175 2458888.842469321 130.6493280013092 35.46612721052952 0.0 1.0 0.0 7332397.222254653 718918.159728131 1.5784090909090909
58888.34281329 2458888.8437654525 132.51573359942995 37.332532808650285 0.0 1.0 1.0 7326958.756259669 718422.4251059656 1.5784090909090909
58888.34410977 2458888.845061947 134.38266479526646 39.1994640044868 0.0 1.0 0.0 7330323.448169868 718715.0555591013 1.5784090909090909
58888.345406065 2458888.8463582564 136.24932959326543 41.066128802485764 0.0 1.0 1.0 7327904.464687693 718512.9900309942 1.5784090909090909
58888.346702359995 2458888.8476545657 138.1159943912644 42.93279360048473 0.0 1.0 0.0 7332245.542809519 718899.256974642 1.5784090909090909
58888.34799866 2458888.8489508787 139.9826663977001 44.79946560692042 0.0 1.0 1.0 7328461.474505314 718594.2725200102 1.5784090909090909
58888.349294955 2458888.8502471866 141.84933119569905 46.666130404919386 0.0 1.0 0.0 7330715.7819840005 718755.7727570258 1.5784090909090909
58888.35059125 2458888.8515434945 143.71599599369802 48.53279520291835 0.0 1.0 1.0 7329146.392294828 718662.0364589245 1.5784090909090909
58888.384294955 2458888.8852479253 192.2493312007282 1.866132002323866 0.0 2.0 0.0 7311084.620782882 716870.7434562811 1.5784090909090909
58888.38559125 2458888.8865442607 194.11599599872716 3.7327968003228307 0.0 2.0 1.0 7314779.1093550045 717292.2111058519 1.5784090909090909
58888.38688736 2458888.88784041 195.98239439888857 5.599195200484246 0.0 2.0 0.0 7316483.948764332 717397.3916669702 1.5784090909090909
58888.388183845 2458888.8891369347 197.84933280316181 7.466133604757488 0.0 2.0 1.0 7316758.203447251 717478.9779665866 1.5784090909090909
58888.389479955 2458888.890433083 199.71573120332323 9.332532004918903 0.0 2.0 0.0 7320892.931475944 717818.3402676488 1.5784090909090909
58888.390776435 2458888.8917295993 201.58266239915974 11.199463200755417 0.0 2.0 1.0 7317977.899280319 717597.9416513406 1.5784090909090909
58888.392072735 2458888.8930259356 203.44933439511806 13.06613519671373 0.0 2.0 0.0 7321178.781832674 717845.7614619519 1.5784090909090909
58888.393369030004 2458888.8943222654 205.3159992035944 14.932800005190074 0.0 2.0 1.0 7320216.882330048 717809.094702444 1.5784090909090909
58888.394665325 2458888.8956185933 207.18266400159337 16.79946480318904 0.0 2.0 0.0 7320677.389515416 717797.8635989642 1.5784090909090909
58888.39596162 2458888.89691492 209.04932879959233 18.666129601188004 0.0 2.0 1.0 7320603.851492546 717848.6010078919 1.5784090909090909
58888.397257915 2458888.898211245 210.9159935975913 20.53279439918697 0.0 2.0 0.0 7323227.332975571 718044.3188606369 1.5784090909090909
58888.398554215004 2458888.899507574 212.782665604027 22.39946640562266 0.0 2.0 1.0 7319593.399065712 717748.3883811167 1.5784090909090909
58888.39985051 2458888.900803895 214.64933040202595 24.266131203621626 0.0 2.0 0.0 7321588.840586346 717879.0631131196 1.5784090909090909
58888.401146805 2458888.902100215 216.51599520002492 26.13279600162059 0.0 2.0 1.0 7320012.915221712 717786.4252999071 1.5784090909090909
58888.402443105 2458888.9033965385 218.38266719598323 27.999467997578904 0.0 2.0 0.0 7322592.298372636 717971.8902347204 1.5784090909090909
58888.403739400004 2458888.9046928557 220.24933200445957 29.866132806055248 0.0 2.0 1.0 7320582.3527486725 717843.3988550976 1.5784090909090909
58888.405035695 2458888.9059891705 222.11599680245854 31.732797604054213 0.0 2.0 0.0 7323771.217567036 718089.0665990686 1.5784090909090909
58888.40633199 2458888.9072854845 223.9826616004575 33.59946240205318 0.0 2.0 1.0 7321972.512490033 717972.4067217837 1.5784090909090909
58888.407628285 2458888.9085817966 225.84932639845647 35.46612720005214 0.0 2.0 0.0 7322707.36308269 717988.5016006294 1.5784090909090909
58888.408924585 2458888.9098781133 227.71599839441478 37.332799196010455 0.0 2.0 1.0 7322597.96212538 718032.8675813058 1.5784090909090909
58888.41022088 2458888.9111744235 229.58266320289113 39.1994640044868 0.0 2.0 0.0 7324270.973543517 718135.6935658245 1.5784090909090909
58888.411517175 2458888.912470733 231.4493280008901 41.066128802485764 0.0 2.0 1.0 7323220.288078141 718094.6939338099 1.5784090909090909
58888.412813475 2458888.9137670468 233.3159999968484 42.93280079844408 0.0 2.0 0.0 7328717.62553234 718555.8737736765 1.5784090909090909
58888.414109770005 2458888.9150633556 235.18266480532475 44.79946560692042 0.0 2.0 1.0 7325826.6609678315 718340.4131140586 1.5784090909090909
58888.415406065 2458888.9163596635 237.0493296033237 46.666130404919386 0.0 2.0 0.0 7327778.105217011 718468.3821106579 1.5784090909090909
58888.41670236 2458888.9176559714 238.91599440132268 48.53279520291835 0.0 2.0 1.0 7327487.980993427 718500.1991928939 1.5784090909090909
58888.450417545 2458888.951371881 287.46586079592817 1.8658656044863164 0.0 3.0 0.0 7314986.079224991 717277.1799812114 1.5784090909090909
58888.451713845 2458888.952668221 289.33253280236386 3.7325376109220088 0.0 3.0 1.0 7316374.500249289 717445.6409326047 1.5784090909090909
58888.45301014 2458888.9539645556 291.1991976003628 5.5992024089209735 0.0 3.0 0.0 7319985.280269838 717724.7671661904 1.5784090909090909
58888.454306435 2458888.9552608896 293.0658623983618 7.465867206919938 0.0 3.0 1.0 7318855.746231075 717680.6484001484 1.5784090909090909
58888.455602735 2458888.9565572278 294.9325343943201 9.332539202878252 0.0 3.0 0.0 7321120.563028958 717844.2547905864 1.5784090909090909
58888.45689903 2458888.95785356 296.79919920279644 11.199204011354595 0.0 3.0 1.0 7320551.176120583 717846.2415883677 1.5784090909090909
58888.458195325 2458888.959149891 298.6658640007954 13.06586880935356 0.0 3.0 0.0 7323155.496463498 718033.58314394 1.5784090909090909
58888.45949162 2458888.9604462204 300.5325287987944 14.932533607352525 0.0 3.0 1.0 7320346.303562193 717826.1835614657 1.5784090909090909
58888.460787915 2458888.9617425487 302.39919359679334 16.79919840535149 0.0 3.0 0.0 7323674.2850526245 718087.0928929837 1.5784090909090909
58888.462084215 2458888.9630388804 304.26586560322903 18.665870411787182 0.0 3.0 1.0 7322494.403593827 718027.1778384139 1.5784090909090909
58888.46338051 2458888.964335205 306.132530401228 20.532535209786147 0.0 3.0 0.0 7323161.873201467 718034.4252169344 1.5784090909090909
58888.464676805 2458888.9656315283 307.99919519922696 22.39920000778511 0.0 3.0 1.0 7323171.224496917 718087.8261931596 1.5784090909090909
58888.465973105 2458888.9669278553 309.8658671951853 24.265872003743425 0.0 3.0 0.0 7326110.290768766 718311.3232740229 1.5784090909090909
58888.467269400004 2458888.9682241757 311.7325320036616 26.13253681221977 0.0 3.0 1.0 7322384.319761731 717988.3492985052 1.5784090909090909
58888.46856588 2458888.9695206787 313.59946319949813 27.999468008056283 0.0 3.0 0.0 7324204.87029189 718128.9099544272 1.5784090909090909
58888.46986199 2458888.9708168106 315.46586159965955 29.8658664082177 0.0 3.0 1.0 7322746.68095964 718048.8984179801 1.5784090909090909
58888.471158285 2458888.972113126 317.3325263976585 31.732531206216663 0.0 3.0 0.0 7325327.296591858 718239.0565755746 1.5784090909090909
58888.472454585004 2458888.973409445 319.1991984040942 33.599203212652355 0.0 3.0 1.0 7323442.7325397665 718114.7905349091 1.5784090909090909
58888.47375088 2458888.974705757 321.06586320209317 35.46586801065132 0.0 3.0 0.0 7324103.824456511 718117.6987900556 1.5784090909090909
58888.475047175 2458888.9760020687 322.93252800009213 37.332532808650285 0.0 3.0 1.0 7324315.442293171 718198.1139625865 1.5784090909090909
58888.476343475 2458888.977298384 324.79919999605045 39.1992048046086 0.0 3.0 0.0 7325543.1616496 718254.5327239939 1.5784090909090909
58888.477639770004 2458888.978594694 326.6658648045268 41.06586961308494 0.0 3.0 1.0 7323474.527014783 718122.6090578085 1.5784090909090909
58888.478936065 2458888.9798910026 328.53252960252576 42.93253441108391 0.0 3.0 0.0 7325565.63629404 718256.9981947901 1.5784090909090909
58888.48023236 2458888.981187311 330.3991944005247 44.79919920908287 0.0 3.0 1.0 7323490.448410758 718118.1619190911 1.5784090909090909
58888.48152866 2458888.982483624 332.26586639648303 46.665871205041185 0.0 3.0 0.0 7325028.95874247 718208.3404753923 1.5784090909090909
58888.482824955 2458888.9837799324 334.132531194482 48.53253600304015 0.0 3.0 1.0 7323589.9933029665 718128.0886905029 1.5784090909090909
58946.83767614 2458947.3393639354 1.8658656044863164 1.8658656044863164 1.0 4.0 0.0 7272997.298302629 713241.3842117493 1.5784090909090909
58946.838972435 2458947.3406602414 3.7325304024852812 3.7325304024852812 1.0 4.0 1.0 7299320.761799569 715793.8198681978 1.5784090909090909
58946.84026873 2458947.3419565475 5.599195200484246 5.599195200484246 1.0 4.0 0.0 7311891.645954948 716968.9268242482 1.5784090909090909
58946.84156503 2458947.3432528577 7.465867206919938 7.465867206919938 1.0 4.0 1.0 7320029.917075661 717780.9031168153 1.5784090909090909
58946.842861325 2458947.3445491623 9.332532004918903 9.332532004918903 1.0 4.0 0.0 7325658.075037356 718292.1383030115 1.5784090909090909
58946.84415762 2458947.3458454665 11.199196802917868 11.199196802917868 1.0 4.0 1.0 7332053.496110713 718932.2876073197 1.5784090909090909
58946.84545392 2458947.3471417744 13.06586880935356 13.06586880935356 1.0 4.0 0.0 7333375.674782297 719032.126809463 1.5784090909090909
58946.846750215 2458947.348438077 14.932533607352525 14.932533607352525 1.0 4.0 1.0 7336708.33639681 719380.2508724795 1.5784090909090909
58946.84804651 2458947.3497343785 16.79919840535149 16.79919840535149 1.0 4.0 0.0 7340827.362622007 719740.2025079428 1.5784090909090909
58946.849342805 2458947.3510306785 18.665863203350455 18.665863203350455 1.0 4.0 1.0 7340030.473714683 719700.7988267839 1.5784090909090909
58946.8506391 2458947.3523269785 20.53252800134942 20.53252800134942 1.0 4.0 0.0 7343343.828410989 719979.746097847 1.5784090909090909
58946.8519354 2458947.3536232817 22.39920000778511 22.39920000778511 1.0 4.0 1.0 7342468.259201295 719932.8173647434 1.5784090909090909
58946.853231695 2458947.354919579 24.265864805784076 24.265864805784076 1.0 4.0 0.0 7344160.645680726 720058.0412378231 1.5784090909090909
58946.85452799 2458947.356215875 26.13252960378304 26.13252960378304 1.0 4.0 1.0 7343962.828721694 720071.9259792046 1.5784090909090909
58946.85582429 2458947.3575121756 27.999201610218734 27.999201610218734 1.0 4.0 0.0 7348092.328341909 720436.1337042422 1.5784090909090909
58946.857120585 2458947.35880847 29.8658664082177 29.8658664082177 1.0 4.0 1.0 7345906.835002046 720262.3956273424 1.5784090909090909
58946.85841688 2458947.3601047634 31.732531206216663 31.732531206216663 1.0 4.0 0.0 7349038.953417842 720535.0637693156 1.5784090909090909
58946.859713175 2458947.361401056 33.59919600421563 33.59919600421563 1.0 4.0 1.0 7347727.879729523 720439.6368769412 1.5784090909090909
58946.861009475004 2458947.3626973527 35.46586801065132 35.46586801065132 1.0 4.0 0.0 7351567.056814639 720769.6874346739 1.5784090909090909
58946.86230577 2458947.3639936442 37.332532808650285 37.332532808650285 1.0 4.0 1.0 7347127.822691315 720382.8758001446 1.5784090909090909
58946.863602065 2458947.3652899344 39.19919760664925 39.19919760664925 1.0 4.0 0.0 7348244.884354079 720449.5891463814 1.5784090909090909
58946.86489836 2458947.3665862246 41.065862404648215 41.065862404648215 1.0 4.0 1.0 7346719.693336936 720341.0368255886 1.5784090909090909
58946.866194660004 2458947.3678825195 42.93253441108391 42.93253441108391 1.0 4.0 0.0 7350778.5526013775 720693.214098592 1.5784090909090909
58946.867490955 2458947.3691788097 44.79919920908287 44.79919920908287 1.0 4.0 1.0 7348602.133829873 720515.0223270986 1.5784090909090909
58946.86878725 2458947.370475099 46.66586400708184 46.66586400708184 1.0 4.0 0.0 7350274.024357154 720641.4818967239 1.5784090909090909
58946.870083545 2458947.3717713887 48.5325288050808 48.5325288050808 1.0 4.0 1.0 7348193.306239038 720472.2049646561 1.5784090909090909
58946.900754845 2458947.4024427715 92.69920080900192 1.8658656044863164 1.0 5.0 0.0 7340706.205265449 719729.5969463136 1.5784090909090909
58946.90205114 2458947.4037390784 94.56586560700089 3.7325304024852812 1.0 5.0 1.0 7342009.96730722 719895.0563612325 1.5784090909090909
58946.903347435 2458947.4050353845 96.43253040499985 5.599195200484246 1.0 5.0 0.0 7347188.34339284 720356.8607431678 1.5784090909090909
58946.904643735004 2458947.4063316956 98.29920241143554 7.465867206919938 1.0 5.0 1.0 7344696.526303519 720155.2711589457 1.5784090909090909
58946.90594003 2458947.4076280016 100.16586720943451 9.332532004918903 1.0 5.0 0.0 7349676.223455196 720590.3017226898 1.5784090909090909
58946.907236325 2458947.408924307 102.03253200743347 11.199196802917868 1.0 5.0 1.0 7346995.003811115 720365.9226488486 1.5784090909090909
58946.90853262 2458947.410220612 103.89919680543244 13.065861600916833 1.0 5.0 0.0 7347406.839686303 720374.3944386941 1.5784090909090909
58946.909828915 2458947.411516916 105.7658616034314 14.932526398915797 1.0 5.0 1.0 7348116.01045507 720482.6088935701 1.5784090909090909
58946.911125215 2458947.4128132244 107.6325336098671 16.79919840535149 1.0 5.0 0.0 7349759.760687448 720603.896592517 1.5784090909090909
58946.91242151 2458947.414109527 109.49919840786606 18.665863203350455 1.0 5.0 1.0 7348115.714926074 720481.4660547533 1.5784090909090909
58946.913717805 2458947.415405829 111.36586320586503 20.53252800134942 1.0 5.0 0.0 7349635.190984394 720588.3653617916 1.5784090909090909
58946.915014105 2458947.4167021345 113.23253520182334 22.399199997307733 1.0 5.0 1.0 7349653.688474978 720626.9438834639 1.5784090909090909
58946.9163104 2458947.417998434 115.09920001029968 24.265864805784076 1.0 5.0 0.0 7351297.797680981 720745.7686265403 1.5784090909090909
58946.917606695 2458947.419294733 116.96586480829865 26.13252960378304 1.0 5.0 1.0 7348132.796102996 720475.3187407278 1.5784090909090909
58946.91890299 2458947.4205910307 118.83252960629761 27.999194401782006 1.0 5.0 0.0 7351764.790568337 720787.3313754436 1.5784090909090909
58946.920199285 2458947.421887327 120.69919440429658 29.86585919978097 1.0 5.0 1.0 7348466.873799463 720507.6502469653 1.5784090909090909
58946.921495585004 2458947.4231836274 122.56586641073227 31.732531206216663 1.0 5.0 0.0 7352338.139129621 720845.104542149 1.5784090909090909
58946.92279188 2458947.4244799227 124.43253120873123 33.59919600421563 1.0 5.0 1.0 7348926.096033559 720552.6662756719 1.5784090909090909
58946.924088175 2458947.425776216 126.2991960067302 35.46586080221459 1.0 5.0 0.0 7351548.4458172275 720770.4561503899 1.5784090909090909
58946.925384475 2458947.427072514 128.1658680026885 37.332532798172906 1.0 5.0 1.0 7347419.871044873 720404.037860336 1.5784090909090909
58946.926680770004 2458947.428368806 130.03253281116486 39.19919760664925 1.0 5.0 0.0 7350490.507622989 720671.4624677666 1.5784090909090909
58946.927977065 2458947.4296650975 131.89919760916382 41.065862404648215 1.0 5.0 1.0 7350190.423969714 720674.2543282581 1.5784090909090909
58946.92927336 2458947.4309613886 133.76586240716279 42.93252720264718 1.0 5.0 0.0 7350130.9017197685 720633.9675380881 1.5784090909090909
58946.930569660006 2458947.432257684 135.63253441359848 44.79919920908287 1.0 5.0 1.0 7348344.063386749 720501.044494555 1.5784090909090909
58946.931865955004 2458947.4335539737 137.49919921159744 46.66586400708184 1.0 5.0 0.0 7349520.489434029 720579.3034331225 1.5784090909090909
58946.93316225 2458947.434850264 139.3658640095964 48.5325288050808 1.0 5.0 1.0 7348065.488963113 720469.9162741198 1.5784090909090909
58946.966831325 2458947.4685194087 187.84933200571686 1.865872791968286 1.0 6.0 0.0 7330713.943615796 718777.2380653655 1.5784090909090909
58946.96812762 2458947.4698157148 189.71599680371583 3.732537589967251 1.0 6.0 1.0 7333410.636402843 719066.3983387097 1.5784090909090909
58946.96942392 2458947.471112026 191.58266881015152 5.599209596402943 1.0 6.0 0.0 7339874.721314098 719660.184792212 1.5784090909090909
58946.970720215 2458947.472408332 193.44933360815048 7.465874394401908 1.0 6.0 1.0 7337743.934749052 719487.5271487978 1.5784090909090909
58946.97201651 2458947.473704638 195.31599840614945 9.332539192400873 1.0 6.0 0.0 7341641.853477095 719822.7977236966 1.5784090909090909
58946.973312805 2458947.475000943 197.1826632041484 11.199203990399837 1.0 6.0 1.0 7338313.713257093 719538.0249910012 1.5784090909090909
58946.9746091 2458947.4762972477 199.04932800214738 13.065868788398802 1.0 6.0 0.0 7344206.834291438 720071.0676924716 1.5784090909090909
58946.9759054 2458947.477593557 200.91600000858307 14.932540794834495 1.0 6.0 1.0 7339113.160721724 719611.8497019769 1.5784090909090909
58946.977201695 2458947.4788898607 202.78266480658203 16.79920559283346 1.0 6.0 0.0 7344168.485185539 720060.7694371273 1.5784090909090909
58946.97849799 2458947.480186163 204.649329604581 18.665870390832424 1.0 6.0 1.0 7341173.44183361 719808.946920857 1.5784090909090909
58946.979794290004 2458947.4814824695 206.5160016110167 20.532542397268116 1.0 6.0 0.0 7345734.271960909 720210.8081131355 1.5784090909090909
58946.981090585 2458947.48277877 208.38266640901566 22.39920719526708 1.0 6.0 1.0 7340822.118883946 719780.1706611888 1.5784090909090909
58946.98238688 2458947.48407507 210.24933120701462 24.265871993266046 1.0 6.0 0.0 7344658.98945838 720108.4337393043 1.5784090909090909
58946.983683175 2458947.4853713685 212.11599600501359 26.13253679126501 1.0 6.0 1.0 7341966.046190533 719860.88866447 1.5784090909090909
58946.984979475004 2458947.4866676712 213.98266801144928 27.999208797700703 1.0 6.0 0.0 7343048.315757486 719951.410330195 1.5784090909090909
58946.98627577 2458947.4879639675 215.84933280944824 29.865873595699668 1.0 6.0 1.0 7342584.72215902 719941.0702249063 1.5784090909090909
58946.987572065 2458947.4892602633 217.7159976074472 31.732538393698633 1.0 6.0 0.0 7345448.69353854 720180.1242292287 1.5784090909090909
58946.98886836 2458947.490556558 219.58266240544617 33.5992031916976 1.0 6.0 1.0 7341837.835908266 719871.6234023395 1.5784090909090909
58946.990164660005 2458947.4918528567 221.44933441188186 35.46587519813329 1.0 6.0 0.0 7344550.494762816 720094.2787544554 1.5784090909090909
58946.991460955 2458947.4931491497 223.31599920988083 37.332539996132255 1.0 6.0 1.0 7343297.495215391 720010.2778184117 1.5784090909090909
58946.99275725 2458947.4944454418 225.1826640078798 39.19920479413122 1.0 6.0 0.0 7349846.277881136 720605.2861562314 1.5784090909090909
58946.994053545 2458947.4957417333 227.04932880587876 41.065869592130184 1.0 6.0 1.0 7346691.982066598 720334.1471257966 1.5784090909090909
58946.995349845005 2458947.497038029 228.91600081231445 42.93254159856588 1.0 6.0 0.0 7350003.644529972 720621.7529651364 1.5784090909090909
58946.99664614 2458947.4983343193 230.78266561031342 44.79920639656484 1.0 6.0 1.0 7346613.556778954 720332.8141043717 1.5784090909090909
58946.997942435 2458947.49963061 232.64933040831238 46.665871194563806 1.0 6.0 0.0 7346191.945200163 720251.2138594062 1.5784090909090909
58946.99923873 2458947.5009268997 234.51599520631135 48.53253599256277 1.0 6.0 1.0 7346969.672792242 720367.4461356219 1.5784090909090909
58947.03290762 2458947.5345958583 282.99919680459425 1.8658656044863164 1.0 7.0 0.0 7334966.294903155 719184.1796258831 1.5784090909090909
58947.034203920004 2458947.5358921695 284.86586881102994 3.7325376109220088 1.0 7.0 1.0 7337593.482879829 719473.4784309663 1.5784090909090909
58947.035500215 2458947.5371884755 286.7325336090289 5.5992024089209735 1.0 7.0 0.0 7341149.582584855 719779.4643016328 1.5784090909090909
58947.03679651 2458947.538484782 288.59919840702787 7.465867206919938 1.0 7.0 1.0 7341128.208993363 719815.7650450189 1.5784090909090909
58947.038092805 2458947.5397810875 290.46586320502684 9.332532004918903 1.0 7.0 0.0 7343735.950896373 720024.0297868364 1.5784090909090909
58947.0393891 2458947.5410773926 292.3325280030258 11.199196802917868 1.0 7.0 1.0 7343086.105295898 719999.9617864932 1.5784090909090909
58947.0406854 2458947.542373702 294.1992000094615 13.06586880935356 1.0 7.0 0.0 7343077.737141414 719961.3201128216 1.5784090909090909
58947.041981695 2458947.5436700066 296.06586480746046 14.932533607352525 1.0 7.0 1.0 7343208.897425312 720009.3269566844 1.5784090909090909
58947.04327799 2458947.5449663093 297.9325296054594 16.79919840535149 1.0 7.0 0.0 7344961.297760618 720141.0016485836 1.5784090909090909
58947.044574290005 2458947.5462626168 299.7992016118951 18.665870411787182 1.0 7.0 1.0 7344039.981142776 720084.2129579158 1.5784090909090909
58947.045870585 2458947.5475589186 301.6658664098941 20.532535209786147 1.0 7.0 0.0 7345762.180801129 720219.953046369 1.5784090909090909
58947.04716688 2458947.5488552195 303.53253120789304 22.39920000778511 1.0 7.0 1.0 7345406.504533843 720216.283594462 1.5784090909090909
58947.048463175 2458947.550151519 305.399196005892 24.265864805784076 1.0 7.0 0.0 7346787.953129463 720314.6466377806 1.5784090909090909
58947.049759475005 2458947.5514478222 307.2658680123277 26.13253681221977 1.0 7.0 1.0 7343672.97873526 720052.7610350227 1.5784090909090909
58947.05105577 2458947.55274412 309.13253281032667 27.999201610218734 1.0 7.0 0.0 7347906.413107363 720420.728788259 1.5784090909090909
58947.052352065 2458947.5540404166 310.99919760832563 29.8658664082177 1.0 7.0 1.0 7343593.315439729 720044.3367275246 1.5784090909090909
58947.05364836 2458947.5553367124 312.8658624063246 31.732531206216663 1.0 7.0 0.0 7344971.641802055 720143.7544844529 1.5784090909090909
58947.054944660005 2458947.556633012 314.7325344127603 33.599203212652355 1.0 7.0 1.0 7344107.006398552 720087.2213978608 1.5784090909090909
58947.056240955004 2458947.5579293054 316.59919921075925 35.46586801065132 1.0 7.0 0.0 7348394.595837736 720460.8158772478 1.5784090909090909
58947.05753725 2458947.559225599 318.4658640087582 37.332532808650285 1.0 7.0 1.0 7343830.533331907 720062.4695260203 1.5784090909090909
58947.058833545 2458947.560521891 320.3325288067572 39.19919760664925 1.0 7.0 0.0 7346245.387641672 720262.398256102 1.5784090909090909
58947.060129845006 2458947.5618181876 322.1992008131929 41.06586961308494 1.0 7.0 1.0 7345602.237409509 720235.54397904 1.5784090909090909
58947.061426140004 2458947.5631144783 324.06586561119184 42.93253441108391 1.0 7.0 0.0 7346867.643177158 720322.6813976796 1.5784090909090909
58947.062722435 2458947.564410769 325.9325304091908 44.79919920908287 1.0 7.0 1.0 7343528.543547246 720034.9048104555 1.5784090909090909
58947.06401873 2458947.565707059 327.79919520718977 46.66586400708184 1.0 7.0 0.0 7346143.987211734 720251.8451322478 1.5784090909090909
58947.065315030006 2458947.567003354 329.66586721362546 48.53253601351753 1.0 7.0 1.0 7345480.138745241 720226.582260463 1.5784090909090909
59120.318630155 2459120.8177504004 1.8658656044863164 1.8658656044863164 2.0 8.0 0.0 7297200.160364577 715566.6264250919 1.5784090909090909
59120.319926455 2459120.819046701 3.73253760044463 3.73253760044463 2.0 8.0 1.0 7312935.4668792365 717109.2435836868 1.5784090909090909
59120.321222750004 2459120.8203429957 5.5992024089209735 5.5992024089209735 2.0 8.0 0.0 7321927.611874371 717940.1940354778 1.5784090909090909
59120.322519045 2459120.82163929 7.465867206919938 7.465867206919938 2.0 8.0 1.0 7327865.670839677 718536.3443767222 1.5784090909090909
59120.32381534 2459120.822935584 9.332532004918903 9.332532004918903 2.0 8.0 0.0 7331795.079591163 718885.602349769 1.5784090909090909
59120.32511164 2459120.824231882 11.199204000877216 11.199204000877216 2.0 8.0 1.0 7337612.5915483665 719471.7346035205 1.5784090909090909
59120.326407935 2459120.8255281746 13.065868798876181 13.065868798876181 2.0 8.0 0.0 7341880.476343854 719850.8336302045 1.5784090909090909
59120.32770423 2459120.8268244658 14.932533607352525 14.932533607352525 2.0 8.0 1.0 7342982.416854031 719989.1047303396 1.5784090909090909
59120.329000525 2459120.8281207564 16.79919840535149 16.79919840535149 2.0 8.0 0.0 7346473.134158467 720294.8582728152 1.5784090909090909
59120.330296825 2459120.829417051 18.665870401309803 18.665870401309803 2.0 8.0 1.0 7348320.873544447 720496.125571732 1.5784090909090909
59120.331593120005 2459120.830713339 20.532535209786147 20.532535209786147 2.0 8.0 0.0 7349765.585150353 720609.2647262884 1.5784090909090909
59120.332889415 2459120.832009626 22.39920000778511 22.39920000778511 2.0 8.0 1.0 7349574.693896749 720625.242190857 1.5784090909090909
59120.334185715 2459120.833305917 24.265872003743425 24.265872003743425 2.0 8.0 0.0 7352311.449552998 720858.3953296224 1.5784090909090909
59120.33548201 2459120.8346022028 26.13253680174239 26.13253680174239 2.0 8.0 1.0 7352563.027235142 720911.756696534 1.5784090909090909
59120.336778305 2459120.8358984864 27.999201599741355 27.999201599741355 2.0 8.0 0.0 7354842.32510077 721095.9381855344 1.5784090909090909
59120.338074600004 2459120.837194769 29.8658664082177 29.8658664082177 2.0 8.0 1.0 7353685.043667063 721015.8838635321 1.5784090909090909
59120.339370895 2459120.838491051 31.732531206216663 31.732531206216663 2.0 8.0 0.0 7356669.937724041 721277.3265508931 1.5784090909090909
59120.340667195 2459120.839787337 33.59920320217498 33.59920320217498 2.0 8.0 1.0 7355411.070595977 721184.3841400449 1.5784090909090909
59120.341963490006 2459120.841083617 35.46586801065132 35.46586801065132 2.0 8.0 0.0 7357046.00366082 721310.5846253412 1.5784090909090909
59120.343259785004 2459120.842379896 37.332532808650285 37.332532808650285 2.0 8.0 1.0 7354697.299915675 721116.3321209515 1.5784090909090909
59120.344556085 2459120.8436761796 39.1992048046086 39.1992048046086 2.0 8.0 0.0 7358466.917987219 721441.3611690742 1.5784090909090909
59120.34585238 2459120.844972458 41.06586960260756 41.06586960260756 2.0 8.0 1.0 7355019.202929282 721142.3510195031 1.5784090909090909
59120.347148675 2459120.846268736 42.93253440060653 42.93253440060653 2.0 8.0 0.0 7358340.482652285 721429.9013357743 1.5784090909090909
59120.348444970004 2459120.847565013 44.79919920908287 44.79919920908287 2.0 8.0 1.0 7355231.558683123 721160.1727583281 1.5784090909090909
59120.349741265 2459120.8488612906 46.66586400708184 46.66586400708184 2.0 8.0 0.0 7358089.569003164 721404.6897311716 1.5784090909090909
59120.351037565 2459120.850157573 48.53253600304015 48.53253600304015 2.0 8.0 1.0 7356199.375191981 721260.2873149429 1.5784090909090909
59120.382449785 2459120.8815695937 93.76613280270249 1.866132002323866 2.0 9.0 0.0 7343241.337231248 719990.8995449343 1.5784090909090909
59120.383746085 2459120.8828658946 95.6328047986608 3.7328039982821792 2.0 9.0 1.0 7346646.214654945 720349.9506097942 1.5784090909090909
59120.38504238 2459120.8841621904 97.49946960713714 5.599468806758523 2.0 9.0 0.0 7350799.637922065 720714.4194670717 1.5784090909090909
59120.38633849 2459120.8854583004 99.36586800729856 7.465867206919938 2.0 9.0 1.0 7348473.448684502 720519.9892798573 1.5784090909090909
59120.38763497 2459120.88675478 101.23279920313507 9.332798402756453 2.0 9.0 0.0 7352831.780165317 720910.3490848097 1.5784090909090909
59120.38893108 2459120.8880508896 103.09919760329649 11.199196802917868 2.0 9.0 1.0 7350314.69572892 720696.001780276 1.5784090909090909
59120.390227565 2459120.8893473735 104.96613600756973 13.06613520719111 2.0 9.0 0.0 7352022.342048878 720832.1819284115 1.5784090909090909
59120.39152386 2459120.8906436665 106.8328008055687 14.932800005190074 2.0 9.0 1.0 7351956.120248069 720855.1745474954 1.5784090909090909
59120.392820155 2459120.8919399586 108.69946560356766 16.79946480318904 2.0 9.0 0.0 7353488.564655469 720973.4957042722 1.5784090909090909
59120.39411627 2459120.89323607 110.56587120168842 18.665870401309803 2.0 9.0 1.0 7352441.640147239 720900.4469412145 1.5784090909090909
59120.395412750004 2459120.8945325455 112.43280240800232 20.532801607623696 2.0 9.0 0.0 7353828.028176365 721001.5814453015 1.5784090909090909
59120.396709045 2459120.8958288347 114.29946720600128 22.39946640562266 2.0 9.0 1.0 7352892.787279422 720941.1652540672 1.5784090909090909
59120.39800534 2459120.8971251226 116.16613200400025 24.266131203621626 2.0 9.0 0.0 7356073.418518959 721215.3344842555 1.5784090909090909
59120.399301640005 2459120.898421415 118.03280401043594 26.132803210057318 2.0 9.0 1.0 7351520.622882663 720808.7568648848 1.5784090909090909
59120.400597935004 2459120.8997177007 119.8994688084349 27.999468008056283 2.0 9.0 0.0 7356689.80649985 721276.0690188273 1.5784090909090909
59120.40189423 2459120.9010139853 121.76613360643387 29.866132806055248 2.0 9.0 1.0 7352930.546816629 720947.34722135 1.5784090909090909
59120.403190525 2459120.902310269 123.63279840443283 31.732797604054213 2.0 9.0 0.0 7356692.590760592 721279.8192655297 1.5784090909090909
59120.404486825 2459120.903606557 125.49947040039115 33.599469600012526 2.0 9.0 1.0 7351926.273426814 720853.2619678762 1.5784090909090909
59120.405783120004 2459120.9049028386 127.36613520886749 35.46613440848887 2.0 9.0 0.0 7354673.934365382 721090.0357552065 1.5784090909090909
59120.407079415 2459120.906199119 129.23280000686646 37.332799206487834 2.0 9.0 1.0 7353507.57563465 721002.1693121805 1.5784090909090909
59120.408375715 2459120.9074954037 131.09947200282477 39.19947120244615 2.0 9.0 0.0 7355741.420589099 721184.7353201716 1.5784090909090909
59120.40967201 2459120.908791683 132.96613680082373 41.06613600044511 2.0 9.0 1.0 7354497.641761102 721097.0566959569 1.5784090909090909
59120.410968305 2459120.9100879612 134.8328015988227 42.93280079844408 2.0 9.0 0.0 7354244.219558955 721040.579329335 1.5784090909090909
59120.4122646 2459120.9113842393 136.69946640729904 44.79946560692042 2.0 9.0 1.0 7352885.170805447 720935.337379265 1.5784090909090909
59120.413560895 2459120.9126805165 138.566131205298 46.666130404919386 2.0 9.0 0.0 7357245.940142069 721323.6839939924 1.5784090909090909
59120.414857195 2459120.9139767997 140.43280320125632 48.5328024008777 2.0 9.0 1.0 7353377.600574495 720985.0496473463 1.5784090909090909
59120.44857238 2459120.947691755 188.9826696063392 1.865872802445665 2.0 10.0 0.0 7338661.194413838 719549.5047099512 1.5784090909090909
59120.449868675 2459120.9489880507 190.84933440433815 3.73253760044463 2.0 10.0 1.0 7340710.939404038 719777.4587626382 1.5784090909090909
59120.45116497 2459120.9502843465 192.71599920233712 5.599202398443595 2.0 10.0 0.0 7344855.303298929 720147.1534096503 1.5784090909090909
59120.452461265 2459120.951580642 194.58266400033608 7.465867196442559 2.0 10.0 1.0 7343659.636905316 720061.6684214174 1.5784090909090909
59120.453757565 2459120.9528769418 196.44933600677177 9.332539202878252 2.0 10.0 0.0 7346401.323002504 720290.6409475999 1.5784090909090909
59120.45505386 2459120.954173236 198.31600080477074 11.199204000877216 2.0 10.0 1.0 7343954.300511177 720082.5588970667 1.5784090909090909
59120.456350155 2459120.9554695305 200.1826656027697 13.065868798876181 2.0 10.0 0.0 7347738.195754546 720414.0126051762 1.5784090909090909
59120.457646455 2459120.9567658287 202.04933759872802 14.932540794834495 2.0 10.0 1.0 7346379.719425078 720315.4354922717 1.5784090909090909
59120.45894275 2459120.9580621207 203.91600240720436 16.79920560331084 2.0 10.0 0.0 7346667.5308575155 720307.944863837 1.5784090909090909
59120.460239045 2459120.959358412 205.78266720520332 18.665870401309803 2.0 10.0 1.0 7345541.146740984 720241.7903776604 1.5784090909090909
59120.46153534 2459120.9606547025 207.6493320032023 20.532535199308768 2.0 10.0 0.0 7349952.694726983 720629.2384266664 1.5784090909090909
59120.462831640005 2459120.961950997 209.51600400963798 22.39920720574446 2.0 10.0 1.0 7346948.630707698 720371.2129000392 1.5784090909090909
59120.464127935 2459120.9632472848 211.38266880763695 24.265872003743425 2.0 10.0 0.0 7349984.950097075 720631.9446566027 1.5784090909090909
59120.46542423 2459120.9645435717 213.2493336056359 26.13253680174239 2.0 10.0 1.0 7345307.522421831 720220.3008522305 1.5784090909090909
59120.466720525 2459120.965839858 215.11599840363488 27.999201599741355 2.0 10.0 0.0 7349073.485278479 720537.7644748815 1.5784090909090909
59120.468016825 2459120.967136148 216.9826703995932 29.865873595699668 2.0 10.0 1.0 7346646.462491859 720344.9001573632 1.5784090909090909
59120.469313120004 2459120.968432431 218.84933520806953 31.73253840417601 2.0 10.0 0.0 7348638.706098195 720503.0267445935 1.5784090909090909
59120.470609415 2459120.969728714 220.7160000060685 33.59920320217498 2.0 10.0 1.0 7345980.888648481 720279.5551011309 1.5784090909090909
59120.471905715 2459120.9710250003 222.5826720020268 35.46587519813329 2.0 10.0 0.0 7349524.257732601 720591.5149317175 1.5784090909090909
59120.473202010005 2459120.972321281 224.44933681050315 37.332540006609634 2.0 10.0 1.0 7346929.486139818 720374.1033939472 1.5784090909090909
59120.474498305004 2459120.9736175607 226.31600160850212 39.1992048046086 2.0 10.0 0.0 7348742.922574172 720512.6762034729 1.5784090909090909
59120.4757946 2459120.9749138397 228.18266640650108 41.06586960260756 2.0 10.0 1.0 7348049.241401313 720483.7449519633 1.5784090909090909
59120.477090895 2459120.9762101183 230.04933120450005 42.93253440060653 2.0 10.0 0.0 7349197.562504617 720556.0867226049 1.5784090909090909
59120.478387195 2459120.9775064015 231.91600320045836 44.79920639656484 2.0 10.0 1.0 7347149.556184161 720390.8028820138 1.5784090909090909
59120.479683490004 2459120.9788026786 233.7826680089347 46.665871205041185 2.0 10.0 0.0 7350461.553892448 720676.1273644567 1.5784090909090909
59120.480979785 2459120.980098956 235.64933280693367 48.53253600304015 2.0 10.0 1.0 7347315.134577267 720409.1739186294 1.5784090909090909
59120.51469497 2459121.0138139124 284.19919920153916 1.865858396049589 2.0 11.0 0.0 7339824.546550422 719665.3909976137 1.5784090909090909
59120.515991265 2459121.015110208 286.0658639995381 3.7325231940485537 2.0 11.0 1.0 7342067.101319948 719908.9220468916 1.5784090909090909
59120.517287565 2459121.016406509 287.9325360059738 5.599195200484246 2.0 11.0 0.0 7345877.239404108 720240.513585453 1.5784090909090909
59120.51858386 2459121.0177028044 289.7992008039728 7.465859998483211 2.0 11.0 1.0 7345343.244444008 720220.3429215857 1.5784090909090909
59120.519880155 2459121.0189991 291.66586560197175 9.332524796482176 2.0 11.0 0.0 7348318.816185739 720474.201205351 1.5784090909090909
59120.521176455004 2459121.0202953997 293.53253760840744 11.199196802917868 2.0 11.0 1.0 7346554.319288093 720335.6203345847 1.5784090909090909
59120.52247275 2459121.0215916936 295.3992024064064 13.065861600916833 2.0 11.0 0.0 7350219.900450087 720648.4246622085 1.5784090909090909
59120.523769045 2459121.0228879866 297.26586720440537 14.932526398915797 2.0 11.0 1.0 7350238.347140262 720715.183947272 1.5784090909090909
59120.52506534 2459121.024184279 299.13253200240433 16.799191196914762 2.0 11.0 0.0 7351278.540721498 720754.4011507465 1.5784090909090909
59120.526361640004 2459121.025480576 300.99920400884 18.665863203350455 2.0 11.0 1.0 7350632.697453429 720758.2471314728 1.5784090909090909
59120.527657935 2459121.026776866 302.865868806839 20.53252800134942 2.0 11.0 0.0 7352324.914317761 720853.5617909369 1.5784090909090909
59120.52895423 2459121.0280731553 304.73253360483795 22.399192799348384 2.0 11.0 1.0 7349539.882929027 720621.4824470667 1.5784090909090909
59120.530250525 2459121.0293694437 306.5991984028369 24.26585759734735 2.0 11.0 0.0 7352149.583428533 720841.4271390585 1.5784090909090909
59120.531546825 2459121.0306657357 308.46587039879523 26.132529593305662 2.0 11.0 1.0 7348642.421855638 720539.6043763867 1.5784090909090909
59120.53284312 2459121.0319620213 310.3325352072716 27.999194401782006 2.0 11.0 0.0 7353257.241902522 720946.2155863491 1.5784090909090909
59120.534139415 2459121.033258306 312.19920000527054 29.86585919978097 2.0 11.0 1.0 7349150.957649676 720585.4862439121 1.5784090909090909
59120.535435715 2459121.034554595 314.06587200122885 31.732531195739284 2.0 11.0 0.0 7352765.129303525 720901.8866655788 1.5784090909090909
59120.536732010005 2459121.0358508774 315.9325368097052 33.59919600421563 2.0 11.0 1.0 7349682.236304978 720638.23247214 1.5784090909090909
59120.538028305 2459121.0371471588 317.79920160770416 35.46586080221459 2.0 11.0 0.0 7352154.345377348 720837.6024594912 1.5784090909090909
59120.5393246 2459121.038443439 319.6658664057031 37.33252560021356 2.0 11.0 1.0 7347726.617186106 720449.9920074997 1.5784090909090909
59120.540620895 2459121.0397397196 321.5325312037021 39.19919039821252 2.0 11.0 0.0 7351026.449639471 720732.7618644269 1.5784090909090909
59120.541917195 2459121.0410360033 323.3992031996604 41.065862394170836 2.0 11.0 1.0 7348911.089378744 720561.0714192581 1.5784090909090909
59120.543213490004 2459121.042332282 325.26586800813675 42.93252720264718 2.0 11.0 0.0 7353212.48409918 720937.9843003592 1.5784090909090909
59120.544509785 2459121.0436285594 327.1325328061357 44.799192000646144 2.0 11.0 1.0 7349811.133049759 720645.302636985 1.5784090909090909
59120.545806085 2459121.044924842 328.999204802094 46.66586399660446 2.0 11.0 0.0 7353678.225616219 720983.7232038352 1.5784090909090909
59120.547102380006 2459121.0462211194 330.86586961057037 48.5325288050808 2.0 11.0 1.0 7349602.23775568 720624.8271021863 1.5784090909090909
59178.899314755 2459179.3987022704 1.8658655940089375 1.8658655940089375 3.0 12.0 0.0 7279281.544067521 713830.3671800045 1.5784090909090909
59178.900611054996 2459179.399998604 3.732537589967251 3.732537589967251 3.0 12.0 1.0 7302388.778286982 716105.4009021797 1.5784090909090909
59178.901907349995 2459179.401294932 5.599202387966216 5.599202387966216 3.0 12.0 0.0 7310537.111412553 716832.161146368 1.5784090909090909
59178.903203645 2459179.4025912588 7.465867196442559 7.465867196442559 3.0 12.0 1.0 7321983.15247402 717985.9918258453 1.5784090909090909
59178.90449994 2459179.4038875857 9.332531994441524 9.332531994441524 3.0 12.0 0.0 7325821.660356807 718298.1365845845 1.5784090909090909
59178.905796235 2459179.405183911 11.199196792440489 11.199196792440489 3.0 12.0 1.0 7333623.527326322 719107.7208913198 1.5784090909090909
59178.907092535 2459179.4064802397 13.065868798876181 13.065868798876181 3.0 12.0 0.0 7337021.732037773 719377.8428789522 1.5784090909090909
59178.90838883 2459179.407776562 14.932533596875146 14.932533596875146 3.0 12.0 1.0 7339206.59685375 719643.9516839733 1.5784090909090909
59178.909685125 2459179.4090728834 16.79919839487411 16.79919839487411 3.0 12.0 0.0 7342654.650619613 719916.1197137577 1.5784090909090909
59178.910981425 2459179.410369208 18.665870390832424 18.665870390832424 3.0 12.0 1.0 7345172.319365609 720217.6157498007 1.5784090909090909
59178.912277719995 2459179.4116655253 20.53253518883139 20.53253518883139 3.0 12.0 0.0 7345400.488527798 720176.3517917957 1.5784090909090909
59178.913574015 2459179.412961841 22.399199997307733 22.399199997307733 3.0 12.0 1.0 7346169.827137588 720284.7089500058 1.5784090909090909
59178.91487031 2459179.4142581555 24.265864795306697 24.265864795306697 3.0 12.0 0.0 7349095.0427158475 720532.1106480588 1.5784090909090909
59178.91616661 2459179.4155544727 26.13253679126501 26.13253679126501 3.0 12.0 1.0 7349430.170713365 720625.6218417464 1.5784090909090909
59178.917462904996 2459179.4168507834 27.999201589263976 27.999201589263976 3.0 12.0 0.0 7352657.579478691 720875.4362242481 1.5784090909090909
59178.918759199994 2459179.418147092 29.86586638726294 29.86586638726294 3.0 12.0 1.0 7352514.482190268 720920.664073123 1.5784090909090909
59178.920055495 2459179.4194433996 31.732531195739284 31.732531195739284 3.0 12.0 0.0 7354073.400644469 721003.5794591366 1.5784090909090909
59178.921351795 2459179.420739711 33.5992031916976 33.5992031916976 3.0 12.0 1.0 7352342.860144327 720909.5245957935 1.5784090909090909
59178.922648089996 2459179.422036015 35.46586798969656 35.46586798969656 3.0 12.0 0.0 7354556.499587654 721055.6716670819 1.5784090909090909
59178.923944385 2459179.423332318 37.332532798172906 37.332532798172906 3.0 12.0 1.0 7353904.34360202 721057.8648443897 1.5784090909090909
59178.925240685 2459179.4246286256 39.19920479413122 39.19920479413122 3.0 12.0 0.0 7354642.351973472 721065.1473701746 1.5784090909090909
59178.92653698 2459179.425924927 41.065869592130184 41.065869592130184 3.0 12.0 1.0 7354170.960997429 721086.9615080591 1.5784090909090909
59178.927833275 2459179.427221228 42.93253439012915 42.93253439012915 3.0 12.0 0.0 7356072.4473143155 721205.6637704286 1.5784090909090909
59178.929129569995 2459179.428517528 44.799199188128114 44.799199188128114 3.0 12.0 1.0 7352865.746167639 720964.4789698207 1.5784090909090909
59178.96190735 2459179.4612957714 91.99920239509083 1.865872802445665 3.0 13.0 0.0 7340801.655126226 719730.4244942949 1.5784090909090909
59178.963203645 2459179.4625921003 93.8658671930898 3.73253760044463 3.0 13.0 1.0 7342989.604715542 720004.549134318 1.5784090909090909
59178.964499940004 2459179.4638884296 95.73253200156614 5.5992024089209735 3.0 13.0 0.0 7350680.826185721 720682.5272150562 1.5784090909090909
59178.965796235 2459179.4651847584 97.5991967995651 7.465867206919938 3.0 13.0 1.0 7346961.467970326 720354.3886064874 1.5784090909090909
59178.967092535 2459179.466481092 99.46586879552342 9.332539202878252 3.0 13.0 0.0 7350010.9880524 720616.9327086466 1.5784090909090909
59178.96838883 2459179.46777742 101.33253359352238 11.199204000877216 3.0 13.0 1.0 7348957.628861166 720574.7574939167 1.5784090909090909
59178.969685125 2459179.4690737473 103.19919839152135 13.065868798876181 3.0 13.0 0.0 7353287.603852099 720932.9606517578 1.5784090909090909
59178.970981425 2459179.4703700785 105.06587039795704 14.932540805311874 3.0 13.0 1.0 7351852.381187011 720853.0577752715 1.5784090909090909
59178.97227772 2459179.4716664036 106.932535195956 16.79920560331084 3.0 13.0 0.0 7354038.809772829 721004.5436065774 1.5784090909090909
59178.973574015 2459179.4729627273 108.79919999395497 18.665870401309803 3.0 13.0 1.0 7353318.093512323 720997.432139228 1.5784090909090909
59178.974870310005 2459179.4742590496 110.66586480243132 20.532535209786147 3.0 13.0 0.0 7355930.207230046 721186.1721983302 1.5784090909090909
59178.976166609995 2459179.475555375 112.53253678791225 22.39920719526708 3.0 13.0 1.0 7352106.790776225 720883.2573830748 1.5784090909090909
59178.977462905 2459179.4768516943 114.3992015963886 24.265872003743425 3.0 13.0 0.0 7354732.823525213 721069.9296046745 1.5784090909090909
59178.9787592 2459179.478148011 116.26586639438756 26.13253680174239 3.0 13.0 1.0 7352116.068327439 720884.2954345136 1.5784090909090909
59178.980055495 2459179.479444327 118.13253119238652 27.999201599741355 3.0 13.0 0.0 7353399.551244691 720942.6559044892 1.5784090909090909
59178.981351795 2459179.4807406454 119.99920319882222 29.865873606177047 3.0 13.0 1.0 7353192.649004434 720989.360548067 1.5784090909090909
59178.98264809 2459179.4820369575 121.86586799682118 31.73253840417601 3.0 13.0 0.0 7354345.056777262 721034.5758278397 1.5784090909090909
59178.983944385 2459179.4833332673 123.73253279482014 33.59920320217498 3.0 13.0 1.0 7354294.871353877 721090.0773007912 1.5784090909090909
59178.985240685 2459179.4846295808 125.59920479077846 35.46587519813329 3.0 13.0 0.0 7355267.743719655 721118.6711005052 1.5784090909090909
59178.986536979995 2459179.485925888 127.46586958877742 37.332539996132255 3.0 13.0 1.0 7352698.551647369 720937.6436797793 1.5784090909090909
59178.987833275 2459179.4872221933 129.33253439725377 39.1992048046086 3.0 13.0 0.0 7355554.658333481 721147.6078543034 1.5784090909090909
59178.98912957 2459179.4885184974 131.19919919525273 41.06586960260756 3.0 13.0 1.0 7353009.950482634 720970.6151542928 1.5784090909090909
59178.990425865 2459179.4898148007 133.0658639932517 42.93253440060653 3.0 13.0 0.0 7356623.288191149 721251.9306353825 1.5784090909090909
59178.991722164996 2459179.4911111076 134.93253598921 44.79920639656484 3.0 13.0 1.0 7353233.5237961 720990.2068162042 1.5784090909090909
59178.993018459994 2459179.4924074085 136.79920078720897 46.665871194563806 3.0 13.0 0.0 7356135.175354946 721205.6046851459 1.5784090909090909
59178.994314755 2459179.493703709 138.66586559568532 48.53253600304015 3.0 13.0 1.0 7352730.767584186 720947.7922913495 1.5784090909090909
59179.028087905 2459179.527477328 187.29920159094036 1.865872791968286 3.0 14.0 0.0 7336389.185740567 719307.9348306886 1.5784090909090909
59179.029384199996 2459179.528773657 189.16586638893932 3.732537589967251 3.0 14.0 1.0 7338068.589847306 719529.0247241879 1.5784090909090909
59179.030680494994 2459179.5300699864 191.0325311869383 5.599202387966216 3.0 14.0 0.0 7341083.814756552 719756.5583856077 1.5784090909090909
59179.031976795 2459179.5313663203 192.89920319337398 7.465874394401908 3.0 14.0 1.0 7342429.198353616 719947.1907306619 1.5784090909090909
59179.03327309 2459179.532662649 194.76586799137294 9.332539192400873 3.0 14.0 0.0 7345209.632693769 720150.9449178939 1.5784090909090909
59179.034569384996 2459179.533958977 196.6325327893719 11.199203990399837 3.0 14.0 1.0 7342241.125178554 719926.9605490834 1.5784090909090909
59179.035865679994 2459179.5352553045 198.49919758737087 13.065868788398802 3.0 14.0 0.0 7345799.037286094 720209.8546997753 1.5784090909090909
59179.03716198 2459179.5365516357 200.36586959380656 14.932540794834495 3.0 14.0 1.0 7344335.1438517 720131.8148771164 1.5784090909090909
59179.038458275 2459179.537847961 202.23253439180553 16.79920559283346 3.0 14.0 0.0 7348363.492110437 720454.0221466848 1.5784090909090909
59179.039754569996 2459179.5391442846 204.0991991898045 18.665870390832424 3.0 14.0 1.0 7344532.679146235 720152.2412762577 1.5784090909090909
59179.04105087 2459179.5404406115 205.9658711962402 20.532542397268116 3.0 14.0 0.0 7347159.49561266 720345.9679526546 1.5784090909090909
59179.042347165 2459179.541736932 207.83253599423915 22.39920719526708 3.0 14.0 1.0 7344453.951797702 720147.6183159034 1.5784090909090909
59179.04364346 2459179.5430332515 209.69920079223812 24.265871993266046 3.0 14.0 0.0 7346394.47144324 720267.2702677649 1.5784090909090909
59179.044939755 2459179.5443295687 211.56586559023708 26.13253679126501 3.0 14.0 1.0 7345587.560006181 720253.9796167637 1.5784090909090909
59179.046236049995 2459179.545625884 213.43253038823605 27.999201589263976 3.0 14.0 0.0 7346275.963219571 720262.4892239567 1.5784090909090909
59179.04753235 2459179.5469222027 215.29920239467174 29.865873595699668 3.0 14.0 1.0 7347124.004750732 720406.3638387377 1.5784090909090909
59179.048828645 2459179.548218515 217.1658671926707 31.732538393698633 3.0 14.0 0.0 7349107.657960351 720533.7671977673 1.5784090909090909
59179.05012494 2459179.5495148245 219.03253199066967 33.5992031916976 3.0 14.0 1.0 7344899.6247134665 720188.8146614807 1.5784090909090909
59179.05142124 2459179.550811138 220.89920399710536 35.46587519813329 3.0 14.0 0.0 7348443.132625568 720464.3258074601 1.5784090909090909
59179.052717535 2459179.5521074445 222.76586879510432 37.332539996132255 3.0 14.0 1.0 7344830.30451362 720183.0155052509 1.5784090909090909
59179.05401383 2459179.5534037505 224.6325335931033 39.19920479413122 3.0 14.0 0.0 7346859.863696709 720317.9968011231 1.5784090909090909
59179.055310125 2459179.554700054 226.49919839110225 41.065869592130184 3.0 14.0 1.0 7346350.371413326 720330.8135198609 1.5784090909090909
59179.056606425 2459179.555996362 228.36587039753795 42.93254159856588 3.0 14.0 0.0 7347489.7546126405 720374.2712642777 1.5784090909090909
59179.05790272 2459179.557292664 230.2325351955369 44.79920639656484 3.0 14.0 1.0 7344236.201554847 720131.8398738552 1.5784090909090909
59179.059199015 2459179.5585889653 232.09919999353588 46.665871194563806 3.0 14.0 0.0 7346389.9807096515 720272.9902916761 1.5784090909090909
59179.06049531 2459179.559885266 233.96586479153484 48.53253599256277 3.0 14.0 1.0 7345775.713130458 720278.5772392013 1.5784090909090909
59179.09426846 2459179.5936588855 282.59920079726726 1.865872802445665 3.0 15.0 0.0 7337837.939636914 719444.6993099982 1.5784090909090909
59179.095564755 2459179.594955215 284.4658655952662 3.73253760044463 3.0 15.0 1.0 7340846.180967764 719797.2537050548 1.5784090909090909
59179.096861055004 2459179.5962515497 286.3325376017019 5.599209606880322 3.0 15.0 0.0 7344965.650264741 720126.3247976698 1.5784090909090909
59179.09815735 2459179.5975478785 288.1992023997009 7.465874404879287 3.0 15.0 1.0 7344851.674134276 720181.9410084634 1.5784090909090909
59179.099453645 2459179.5988442074 290.06586719769984 9.332539202878252 3.0 15.0 0.0 7347974.94350025 720417.7201776238 1.5784090909090909
59179.10074994 2459179.6001405357 291.9325319956988 11.199204000877216 3.0 15.0 1.0 7347396.900865259 720424.751446731 1.5784090909090909
59179.102046235 2459179.6014368627 293.7991967936978 13.065868798876181 3.0 15.0 0.0 7348692.364379946 720488.4917179346 1.5784090909090909
59179.103342535 2459179.6027331944 295.66586880013347 14.932540805311874 3.0 15.0 1.0 7345700.003933868 720265.8522116897 1.5784090909090909
59179.10463883 2459179.604029519 297.53253359813243 16.79920560331084 3.0 15.0 0.0 7350360.566791214 720674.8669697279 1.5784090909090909
59179.105935125 2459179.605325843 299.3991983961314 18.665870401309803 3.0 15.0 1.0 7348640.909289342 720550.2825304258 1.5784090909090909
59179.107231425 2459179.6066221707 301.2658703920897 20.532542397268116 3.0 15.0 0.0 7351108.672057044 720716.7005395514 1.5784090909090909
59179.10852772 2459179.607918491 303.13253520056605 22.39920720574446 3.0 15.0 1.0 7346719.665371624 720362.2129764264 1.5784090909090909
59179.109824015 2459179.6092148097 304.999199998565 24.265872003743425 3.0 15.0 0.0 7349672.411740268 720584.2916690266 1.5784090909090909
59179.11112031 2459179.6105111274 306.865864796564 26.13253680174239 3.0 15.0 1.0 7346999.984079606 720391.8994248863 1.5784090909090909
59179.112416610005 2459179.611807448 308.7325368029997 27.999208808178082 3.0 15.0 0.0 7348081.612505022 720427.8773108617 1.5784090909090909
59179.113712905004 2459179.613103761 310.59920160099864 29.865873606177047 3.0 15.0 1.0 7349320.696896259 720610.3543672179 1.5784090909090909
59179.1150092 2459179.614400073 312.4658663989976 31.73253840417601 3.0 15.0 0.0 7350683.834824362 720677.6273542473 1.5784090909090909
59179.116305495 2459179.615696383 314.33253119699657 33.59920320217498 3.0 15.0 1.0 7347551.12056398 720443.7981572619 1.5784090909090909
59179.117601795 2459179.6169926967 316.1992031929549 35.46587519813329 3.0 15.0 0.0 7350401.84619238 720648.943123425 1.5784090909090909
59179.118898090004 2459179.618289003 318.0658680014312 37.332540006609634 3.0 15.0 1.0 7348135.858464672 720499.7433753785 1.5784090909090909
59179.120194385 2459179.6195853082 319.9325327994302 39.1992048046086 3.0 15.0 0.0 7350213.9701932855 720636.2865052572 1.5784090909090909
59179.121490685 2459179.620881617 321.7992047953885 41.06587680056691 3.0 15.0 1.0 7348307.190648395 720520.0262119289 1.5784090909090909
59179.12278698 2459179.6221779203 323.66586959338747 42.93254159856588 3.0 15.0 0.0 7348980.60339172 720511.8066704866 1.5784090909090909
59179.124083275 2459179.623474222 325.53253439138643 44.79920639656484 3.0 15.0 1.0 7347381.73085089 720431.9003834822 1.5784090909090909
59179.12537957 2459179.624770523 327.3991991998628 46.665871205041185 3.0 15.0 0.0 7349592.080061352 720577.5834466795 1.5784090909090909
59179.126675865 2459179.6260668235 329.26586399786174 48.53253600304015 3.0 15.0 1.0 7348265.226528455 720521.091827231 1.5784090909090909
59269.031274124995 2459269.53252416 1.8661391898058355 1.8661391898058355 4.0 16.0 0.0 7267942.149788987 712748.3029484901 1.5784090909090909
59269.03257042 2459269.5338204913 3.7328039982821792 3.7328039982821792 4.0 16.0 1.0 7297754.889418931 715655.8238240909 1.5784090909090909
59269.033866715006 2459269.535116822 5.599468806758523 5.599468806758523 4.0 16.0 0.0 7308256.279665884 716615.8082129251 1.5784090909090909
59269.035163010005 2459269.536413152 7.466133604757488 7.466133604757488 4.0 16.0 1.0 7318436.706995771 717643.8323792587 1.5784090909090909
59269.036459309995 2459269.5377094857 9.332805590238422 9.332805590238422 4.0 16.0 0.0 7326216.009664745 718336.9428678456 1.5784090909090909
59269.03775560499 2459269.539005813 11.199470388237387 11.199470388237387 4.0 16.0 1.0 7332030.075078458 718946.1469938834 1.5784090909090909
59269.0390519 2459269.54030214 13.06613519671373 13.06613519671373 4.0 16.0 0.0 7335886.912001593 719263.142841544 1.5784090909090909
59269.040348195005 2459269.5415984653 14.932800005190074 14.932800005190074 4.0 16.0 1.0 7339905.810761869 719702.7242156107 1.5784090909090909
59269.041644494995 2459269.542894794 16.79947199067101 16.79947199067101 4.0 16.0 0.0 7343370.219683244 719983.1945270442 1.5784090909090909
59269.04294079 2459269.544191116 18.666136799147353 18.666136799147353 4.0 16.0 1.0 7343406.53190472 720036.7372208334 1.5784090909090909
59269.04423708501 2459269.545487437 20.532801607623696 20.532801607623696 4.0 16.0 0.0 7348180.385135952 720439.3985835996 1.5784090909090909
59269.045533380006 2459269.5467837555 22.39946640562266 22.39946640562266 4.0 16.0 1.0 7346554.55098887 720337.3851996044 1.5784090909090909
59269.046829679995 2459269.5480800774 24.266138391103595 24.266138391103595 4.0 16.0 0.0 7349379.036236206 720554.9507313418 1.5784090909090909
59269.048125789996 2459269.549376208 26.13253679126501 26.13253679126501 4.0 16.0 1.0 7349400.581411001 720608.5562357723 1.5784090909090909
59269.049422085 2459269.5506725213 27.999201599741355 27.999201599741355 4.0 16.0 0.0 7353134.320608887 720909.2762768534 1.5784090909090909
59269.050718385 2459269.551968838 29.865873595699668 29.865873595699668 4.0 16.0 1.0 7353802.203606272 721027.5159694075 1.5784090909090909
59269.05201468 2459269.5532651492 31.732538393698633 31.732538393698633 4.0 16.0 0.0 7354744.377727058 721058.087885224 1.5784090909090909
59269.053310974996 2459269.5545614576 33.5992031916976 33.5992031916976 4.0 16.0 1.0 7350379.892766272 720696.7139130835 1.5784090909090909
59269.054607269994 2459269.555857765 35.46586798969656 35.46586798969656 4.0 16.0 0.0 7354094.1215081625 721002.3329988923 1.5784090909090909
59269.055903565 2459269.557154072 37.332532798172906 37.332532798172906 4.0 16.0 1.0 7354014.458698638 721045.5107657488 1.5784090909090909
59269.057199865 2459269.558450382 39.19920479413122 39.19920479413122 4.0 16.0 0.0 7356668.060163606 721244.7721391472 1.5784090909090909
59269.058496159996 2459269.559746687 41.065869592130184 41.065869592130184 4.0 16.0 1.0 7354902.94449472 721127.9344289434 1.5784090909090909
59269.059792455 2459269.5610429905 42.93253440060653 42.93253440060653 4.0 16.0 0.0 7357914.375841981 721368.6932736724 1.5784090909090909
59269.061088755 2459269.562339299 44.79920639656484 44.79920639656484 4.0 16.0 1.0 7356216.005121248 721259.7684520587 1.5784090909090909
59269.06238505 2459269.5636356026 46.665871194563806 46.665871194563806 4.0 16.0 0.0 7358822.321834799 721457.060288238 1.5784090909090909
59269.063681345 2459269.5649319054 48.53253599256277 48.53253599256277 4.0 16.0 1.0 7356114.335753963 721242.8339217829 1.5784090909090909
59269.097373565004 2459269.5986247375 97.04933280358091 1.8658656044863164 4.0 17.0 0.0 7340622.046959868 719720.7374450963 1.5784090909090909
59269.098669865 2459269.5999210733 98.91600479953922 3.73253760044463 4.0 17.0 1.0 7343751.109335633 720059.0898655121 1.5784090909090909
59269.09996616 2459269.6012174035 100.78266959753819 5.599202398443595 4.0 17.0 0.0 7349219.1840538485 720544.0410898182 1.5784090909090909
59269.101262455 2459269.6025137333 102.64933439553715 7.465867196442559 4.0 17.0 1.0 7349444.004943767 720618.8638308343 1.5784090909090909
59269.102558754996 2459269.6038100673 104.51600639149547 9.332539192400873 4.0 17.0 0.0 7350822.417394775 720699.473768742 1.5784090909090909
59269.103855049994 2459269.605106395 106.38267118949443 11.199203990399837 4.0 17.0 1.0 7348005.463784888 720478.6454904531 1.5784090909090909
59269.105151345 2459269.6064027217 108.24933599797077 13.065868798876181 4.0 17.0 0.0 7352811.984255587 720884.1713622608 1.5784090909090909
59269.10644764 2459269.607699047 110.11600079596974 14.932533596875146 4.0 17.0 1.0 7351295.503544919 720791.3627597194 1.5784090909090909
59269.107743935 2459269.6089953706 111.9826655939687 16.79919839487411 4.0 17.0 0.0 7356308.541707787 721217.1854225445 1.5784090909090909
59269.109040235 2459269.610291698 113.8493376004044 18.665870401309803 4.0 17.0 1.0 7351454.887312697 720807.5836498293 1.5784090909090909
59269.11033653 2459269.611588018 115.71600239840336 20.532535199308768 4.0 17.0 0.0 7356214.449100659 721208.0927028343 1.5784090909090909
59269.111632825 2459269.612884337 117.58266719640233 22.399199997307733 4.0 17.0 1.0 7354368.334096964 721087.2692394857 1.5784090909090909
59269.112929124996 2459269.614180659 119.44933919236064 24.265871993266046 4.0 17.0 0.0 7355137.66648405 721106.0549452471 1.5784090909090909
59269.114225419995 2459269.6154769748 121.3160039903596 26.13253679126501 4.0 17.0 1.0 7353879.007728079 721037.9020281531 1.5784090909090909
59269.115521715 2459269.616773288 123.18266879883595 27.999201599741355 4.0 17.0 0.0 7355251.3216151595 721114.7450514549 1.5784090909090909
59269.11681801 2459269.6180696 125.04933359683491 29.86586639774032 4.0 17.0 1.0 7354455.138702023 721092.7234852597 1.5784090909090909
59269.11811431 2459269.619365915 126.91600559279323 31.732538393698633 4.0 17.0 0.0 7357365.059824976 721313.4205957245 1.5784090909090909
59269.119410605 2459269.6206622245 128.78267040126957 33.59920320217498 4.0 17.0 1.0 7353953.90676387 721041.8502156906 1.5784090909090909
59269.1207069 2459269.6219585324 130.64933519926853 35.46586800017394 4.0 17.0 0.0 7357093.213653655 721289.3743218253 1.5784090909090909
59269.122003195 2459269.6232548384 132.5159999972675 37.332532798172906 4.0 17.0 1.0 7353804.511657194 721023.6786802104 1.5784090909090909
59269.123299495 2459269.624551149 134.3826719932258 39.19920479413122 4.0 17.0 0.0 7356218.9247028725 721207.3266018089 1.5784090909090909
59269.124595789996 2459269.6258474537 136.24933679122478 41.065869592130184 4.0 17.0 1.0 7352846.539142761 720937.2237592931 1.5784090909090909
59269.125892085 2459269.627143758 138.11600159970112 42.93253440060653 4.0 17.0 0.0 7354248.35768809 721015.7902516046 1.5784090909090909
59269.127188385 2459269.6284400662 139.98267359565943 44.79920639656484 4.0 17.0 1.0 7354141.431120022 721054.7252010677 1.5784090909090909
59269.12848468 2459269.6297363695 141.8493383936584 46.665871194563806 4.0 17.0 0.0 7354735.456904452 721064.5223988661 1.5784090909090909
59269.129780974996 2459269.6310326727 143.71600319165736 48.53253599256277 4.0 17.0 1.0 7352791.249018476 720928.5288578041 1.5784090909090909
59269.163473010005 2459269.664725318 192.23253360483795 1.8658656044863164 4.0 18.0 0.0 7334995.27883617 719178.130908117 1.5784090909090909
59269.164769309995 2459269.666021654 194.0992055903189 3.732537589967251 4.0 18.0 1.0 7338799.720672609 719553.8555080346 1.5784090909090909
59269.16606560499 2459269.667317984 195.96587038831785 5.599202387966216 4.0 18.0 0.0 7341626.402560242 719815.8304520602 1.5784090909090909
59269.1673619 2459269.668614314 197.8325351967942 7.465867196442559 4.0 18.0 1.0 7342245.680395293 719912.8510914565 1.5784090909090909
59269.168658195005 2459269.669910643 199.69920000527054 9.332532004918903 4.0 18.0 0.0 7345610.639802531 720197.3115875152 1.5784090909090909
59269.169954494995 2459269.6712069754 201.56587199075148 11.199203990399837 4.0 18.0 1.0 7342949.413153796 719971.597029476 1.5784090909090909
59269.17125079 2459269.672503302 203.43253679922782 13.065868798876181 4.0 18.0 0.0 7346249.227336097 720254.1013856722 1.5784090909090909
59269.17254708501 2459269.6737996275 205.29920160770416 14.932533607352525 4.0 18.0 1.0 7344005.380432222 720089.5811808988 1.5784090909090909
59269.173843380006 2459269.6750959507 207.16586640570313 16.79919840535149 4.0 18.0 0.0 7345479.429082753 720183.0506779541 1.5784090909090909
59269.175139679995 2459269.676392278 209.03253839118406 18.665870390832424 4.0 18.0 1.0 7343758.642978591 720048.4986244874 1.5784090909090909
59269.176435974994 2459269.677688598 210.89920318918303 20.53253518883139 4.0 18.0 0.0 7349423.721169393 720560.093678367 1.5784090909090909
59269.17773227 2459269.6789849172 212.76586799765937 22.399199997307733 4.0 18.0 1.0 7344469.275701937 720113.6463785024 1.5784090909090909
59269.17902857 2459269.6802812396 214.63253999361768 24.265871993266046 4.0 18.0 0.0 7346736.571762696 720304.1080706047 1.5784090909090909
59269.180324864996 2459269.681577555 216.49920479161665 26.13253679126501 4.0 18.0 1.0 7345974.628381135 720302.5248948543 1.5784090909090909
59269.181621159994 2459269.6828738684 218.3658695896156 27.999201589263976 4.0 18.0 0.0 7348534.532300966 720472.4588832749 1.5784090909090909
59269.18291745499 2459269.6841701805 220.23253438761458 29.86586638726294 4.0 18.0 1.0 7346739.093425391 720374.1343786725 1.5784090909090909
59269.18421375 2459269.685466491 222.09919919609092 31.732531195739284 4.0 18.0 0.0 7348197.003234572 720433.2356404895 1.5784090909090909
59269.185510049996 2459269.686762805 223.96587119204924 33.5992031916976 4.0 18.0 1.0 7345259.649319279 720161.8699227239 1.5784090909090909
59269.186806344995 2459269.6880591125 225.8325359900482 35.46586798969656 4.0 18.0 0.0 7348654.099379927 720477.8356544265 1.5784090909090909
59269.18810264 2459269.6893554195 227.69920079852454 37.332532798172906 4.0 18.0 1.0 7348277.870370948 720495.5316971731 1.5784090909090909
59269.18939894 2459269.6906517297 229.56587279448286 39.19920479413122 4.0 18.0 0.0 7353069.819871819 720904.9335187571 1.5784090909090909
59269.190695235 2459269.6919480343 231.43253759248182 41.065869592130184 4.0 18.0 1.0 7350737.470546627 720729.3563770374 1.5784090909090909
59269.191991529995 2459269.6932443385 233.2992023904808 42.93253439012915 4.0 18.0 0.0 7351839.539262886 720785.4116141537 1.5784090909090909
59269.19328782499 2459269.694540642 235.16586718847975 44.799199188128114 4.0 18.0 1.0 7351174.408941024 720774.7001116462 1.5784090909090909
59269.194584125 2459269.6958369506 237.03253919491544 46.665871194563806 4.0 18.0 0.0 7352442.727054152 720842.5665012221 1.5784090909090909
59269.19588042 2459269.697133254 238.8992039929144 48.53253599256277 4.0 18.0 1.0 7349662.836006093 720628.2929158364 1.5784090909090909
59269.229584125 2459269.7308375677 287.4325391999446 1.865872802445665 4.0 19.0 0.0 7337002.222301425 719369.3072374001 1.5784090909090909
59269.23088042 2459269.732133899 289.29920399794355 3.73253760044463 4.0 19.0 1.0 7341006.527682678 719788.4040995317 1.5784090909090909
59269.232176715 2459269.7334302287 291.1658687959425 5.599202398443595 4.0 19.0 0.0 7344133.253391969 720056.6605557451 1.5784090909090909
59269.23347301 2459269.7347265584 293.0325335939415 7.465867196442559 4.0 19.0 1.0 7344836.526510653 720155.7022553117 1.5784090909090909
59269.23476931 2459269.736022892 294.8992056003772 9.332539202878252 4.0 19.0 0.0 7347041.918450992 720330.5314121596 1.5784090909090909
59269.236065605 2459269.73731922 296.76587039837614 11.199204000877216 4.0 19.0 1.0 7345356.29774045 720226.9944548703 1.5784090909090909
59269.2373619 2459269.7386155464 298.6325351963751 13.065868798876181 4.0 19.0 0.0 7348331.68731928 720456.0556937918 1.5784090909090909
59269.238658195 2459269.7399118715 300.49919999437407 14.932533596875146 4.0 19.0 1.0 7344846.273884812 720133.8574198192 1.5784090909090909
59269.239954495 2459269.7412082 302.36587200080976 16.79920560331084 4.0 19.0 0.0 7349455.79975851 720557.4083956027 1.5784090909090909
59269.24125079 2459269.742504522 304.2325367988087 18.665870401309803 4.0 19.0 1.0 7346655.216192512 720327.8986152132 1.5784090909090909
59269.242547085 2459269.7438008427 306.0992015968077 20.532535199308768 4.0 19.0 0.0 7349236.809930919 720541.9837056812 1.5784090909090909
59269.24384338 2459269.7450971613 307.96586639480665 22.399199997307733 4.0 19.0 1.0 7346902.026897613 720352.0812566384 1.5784090909090909
59269.24513968 2459269.7463934836 309.83253840124235 24.265872003743425 4.0 19.0 0.0 7350779.742550329 720686.0226562499 1.5784090909090909
59269.246435975 2459269.747689799 311.6992031992413 26.13253680174239 4.0 19.0 1.0 7348118.712372027 720488.6855590435 1.5784090909090909
59269.24773227 2459269.748986113 313.5658679972403 27.999201599741355 4.0 19.0 0.0 7351612.104994055 720761.6369201416 1.5784090909090909
59269.249028570004 2459269.7502824296 315.43254000367597 29.865873606177047 4.0 19.0 1.0 7345769.197705139 720240.2860160584 1.5784090909090909
59269.250324865 2459269.7515787403 317.29920480167493 31.73253840417601 4.0 19.0 0.0 7350492.663954778 720656.837780881 1.5784090909090909
59269.25162116 2459269.7528750496 319.1658695996739 33.59920320217498 4.0 19.0 1.0 7347974.766911676 720449.4511173612 1.5784090909090909
59269.252917455 2459269.754171357 321.03253439767286 35.46586800017394 4.0 19.0 0.0 7350988.895146998 720700.2521425539 1.5784090909090909
59269.25421375 2459269.7554676635 322.8991991956718 37.332532798172906 4.0 19.0 1.0 7347224.456907121 720371.6817834219 1.5784090909090909
59269.25551005 2459269.756763974 324.7658712021075 39.1992048046086 4.0 19.0 0.0 7351544.334854189 720751.8924834236 1.5784090909090909
59269.256806345 2459269.7580602793 326.6325360001065 41.06586960260756 4.0 19.0 1.0 7348004.4335788665 720454.3874876577 1.5784090909090909
59269.25810264 2459269.759356583 328.49920079810545 42.93253440060653 4.0 19.0 0.0 7351124.902494149 720714.3408328826 1.5784090909090909
59269.259398940005 2459269.760652892 330.36587280454114 44.79920640704222 4.0 19.0 1.0 7348361.86403347 720486.9920488073 1.5784090909090909
59269.260695235 2459269.761949195 332.2325376025401 46.665871205041185 4.0 19.0 0.0 7349313.772583573 720537.9970301382 1.5784090909090909
59269.26199153 2459269.7632454988 334.09920240053907 48.53253600304015 4.0 19.0 1.0 7347244.247810691 720378.7546245033 1.5784090909090909
