# %ECSV 0.9
# ---
# datatype:
# - {name: t_mjd, datatype: float64}
# - {name: t_bjd, datatype: float64}
# - {name: t_visit, datatype: float64}
# - {name: t_orbit, datatype: float64}
# - {name: ivisit, datatype: float64}
# - {name: iorbit, datatype: float64}
# - {name: scan, datatype: float64}
# - {name: spec_opt, datatype: float64}
# - {name: var_opt, datatype: float64}
# - {name: wave, datatype: float64}
# schema: astropy-2.0
t_mjd t_bjd t_visit t_orbit ivisit iorbit scan spec_opt var_opt wave
58888.252084215 2458888.753034453 1.8658655940089375 1.8658655940089375 0.0 0.0 0.0 7854847.9525323715 770331.9022128053 1.2920454545454545
58888.253380509996 2458888.7543307883 3.7325303920079023 3.7325303920079023 0.0 0.0 1.0 7902427.662574866 774923.6539164446 1.2920454545454545
58888.25467699 2458888.755627308 5.5994615983217955 5.5994615983217955 0.0 0.0 0.0 7913121.409221599 775936.5102764455 1.2920454545454545
58888.255973105 2458888.756923462 7.465867196442559 7.465867196442559 0.0 0.0 1.0 7934428.847477659 778028.4149992015 1.2920454545454545
58888.2572694 2458888.7582197953 9.332531994441524 9.332531994441524 0.0 0.0 0.0 7937987.465911923 778322.8587210916 1.2920454545454545
58888.258565694996 2458888.7595161274 11.199196792440489 11.199196792440489 0.0 0.0 1.0 7949520.209229 779480.9111721943 1.2920454545454545
58888.259861989995 2458888.7608124586 13.065861590439454 13.065861590439454 0.0 0.0 0.0 7950408.673240001 779522.3321972196 1.2920454545454545
58888.261158285 2458888.7621087884 14.932526398915797 14.932526398915797 0.0 0.0 1.0 7958633.813803824 780324.4353864042 1.2920454545454545
58888.262454585 2458888.763405122 16.79919839487411 16.79919839487411 0.0 0.0 0.0 7958520.248109168 780297.8952300233 1.2920454545454545
58888.263750879996 2458888.7647014484 18.665863192873076 18.665863192873076 0.0 0.0 1.0 7965101.193820002 780943.6404546906 1.2920454545454545
58888.265047175 2458888.765997773 20.53252800134942 20.53252800134942 0.0 0.0 0.0 7964025.486402137 780823.1959907926 1.2920454545454545
58888.266343475 2458888.7672941014 22.399199997307733 22.399199997307733 0.0 0.0 1.0 7970559.811768262 781470.3064234479 1.2920454545454545
58888.26763977 2458888.7685904233 24.265864795306697 24.265864795306697 0.0 0.0 0.0 7967709.302952563 781178.3877452691 1.2920454545454545
58888.268936065 2458888.7698867433 26.132529593305662 26.132529593305662 0.0 0.0 1.0 7973491.763726811 781776.4065677534 1.2920454545454545
58888.270232359995 2458888.7711830614 27.999194391304627 27.999194391304627 0.0 0.0 0.0 7972152.35313963 781602.57251693 1.2920454545454545
58888.27152866 2458888.772479383 29.86586639774032 29.86586639774032 0.0 0.0 1.0 7973792.458055041 781780.4727046059 1.2920454545454545
58888.272824955 2458888.773775698 31.732531195739284 31.732531195739284 0.0 0.0 0.0 7973356.81495773 781715.0996556041 1.2920454545454545
58888.274121434995 2458888.7750721965 33.5994623915758 33.5994623915758 0.0 0.0 1.0 7975195.765159921 781940.8007400626 1.2920454545454545
58888.275417545 2458888.776368324 35.46586080221459 35.46586080221459 0.0 0.0 0.0 7972959.531218125 781680.5961165325 1.2920454545454545
58888.276713845 2458888.77766464 37.332532798172906 37.332532798172906 0.0 0.0 1.0 7975338.420156151 781928.1828692501 1.2920454545454545
58888.27801014 2458888.7789609507 39.19919759617187 39.19919759617187 0.0 0.0 0.0 7974856.856357343 781866.3589539378 1.2920454545454545
58888.279306435 2458888.78025726 41.065862394170836 41.065862394170836 0.0 0.0 1.0 7979049.050031207 782308.2617249412 1.2920454545454545
58888.280602735 2458888.7815535734 42.93253440060653 42.93253440060653 0.0 0.0 0.0 7976615.491461447 782030.031063861 1.2920454545454545
58888.28189903 2458888.782849882 44.79919919860549 44.79919919860549 0.0 0.0 1.0 7979596.131469962 782338.0629722236 1.2920454545454545
58888.283195325 2458888.78414619 46.66586399660446 46.66586399660446 0.0 0.0 0.0 7976685.10001186 782039.3034390126 1.2920454545454545
58888.28449162 2458888.7854424976 48.53252879460342 48.53252879460342 0.0 0.0 1.0 7978459.398267204 782248.608346572 1.2920454545454545
58888.318183845 2458888.8191354494 97.04933279310353 1.866132002323866 0.0 1.0 0.0 7960085.00708519 780448.9063222281 1.2920454545454545
58888.319480139995 2458888.8204317843 98.9159975911025 3.7327968003228307 0.0 1.0 1.0 7967935.49678244 781251.7502636816 1.2920454545454545
58888.320776435 2458888.821728119 100.78266239957884 5.599461608799174 0.0 1.0 0.0 7968223.894645835 781231.2276783559 1.2920454545454545
58888.322072735 2458888.8230244583 102.64933439553715 7.466133604757488 0.0 1.0 1.0 7971964.380971282 781635.6003804343 1.2920454545454545
58888.32336903 2458888.8243207913 104.51599919353612 9.332798402756453 0.0 1.0 0.0 7969796.592650475 781376.9705921251 1.2920454545454545
58888.324665325 2458888.825617124 106.38266400201246 11.199463211232796 0.0 1.0 1.0 7972130.473683077 781648.7268882841 1.2920454545454545
58888.32596162 2458888.826913455 108.24932880001143 13.066128009231761 0.0 1.0 0.0 7972497.953112249 781644.6378777302 1.2920454545454545
58888.32725773 2458888.8282095995 110.11572720017284 14.932526409393176 0.0 1.0 1.0 7973836.443509802 781814.9236639674 1.2920454545454545
58888.328554215 2458888.8295061174 111.9826655939687 16.79946480318904 0.0 1.0 0.0 7972820.7094110325 781672.8464488173 1.2920454545454545
58888.329850509996 2458888.830802444 113.84933039196767 18.666129601188004 0.0 1.0 1.0 7974692.589280167 781897.0081006138 1.2920454545454545
58888.331146805 2458888.8320987695 115.71599520044401 20.532794409664348 0.0 1.0 0.0 7974753.859128477 781856.8073262603 1.2920454545454545
58888.332443105 2458888.833395098 117.58266719640233 22.39946640562266 0.0 1.0 1.0 7976740.2014460135 782066.9731394538 1.2920454545454545
58888.3337394 2458888.8346914193 119.44933199440129 24.266131203621626 0.0 1.0 0.0 7976989.281844417 782070.8126067299 1.2920454545454545
58888.335035694996 2458888.8359877393 121.31599679240026 26.13279600162059 0.0 1.0 1.0 7977244.116841098 782136.4933696712 1.2920454545454545
58888.336331989995 2458888.837284058 123.18266159039922 27.999460799619555 0.0 1.0 0.0 7973216.469496404 781705.2285883419 1.2920454545454545
58888.337628099995 2458888.8385801897 125.04905999056064 29.86585919978097 0.0 1.0 1.0 7975317.960444309 781930.3094639215 1.2920454545454545
58888.338924585 2458888.8398766946 126.91599839483388 31.732797604054213 0.0 1.0 0.0 7976685.966082671 782038.0568700857 1.2920454545454545
58888.340220879996 2458888.841173008 128.78266319283284 33.59946240205318 0.0 1.0 1.0 7977788.842809677 782192.8073503072 1.2920454545454545
58888.341517175 2458888.842469321 130.6493280013092 35.46612721052952 0.0 1.0 0.0 7973848.658402489 781766.4382177991 1.2920454545454545
58888.34281329 2458888.8437654525 132.51573359942995 37.332532808650285 0.0 1.0 1.0 7976009.088301065 781994.9970389787 1.2920454545454545
58888.34410977 2458888.845061947 134.38266479526646 39.1994640044868 0.0 1.0 0.0 7973374.744833619 781718.9237674739 1.2920454545454545
58888.345406065 2458888.8463582564 136.24932959326543 41.066128802485764 0.0 1.0 1.0 7976489.426184617 782039.0483642634 1.2920454545454545
58888.346702359995 2458888.8476545657 138.1159943912644 42.93279360048473 0.0 1.0 0.0 7975683.683749966 781938.9178471577 1.2920454545454545
58888.34799866 2458888.8489508787 139.9826663977001 44.79946560692042 0.0 1.0 1.0 7976279.062874812 782044.6299396203 1.2920454545454545
58888.349294955 2458888.8502471866 141.84933119569905 46.666130404919386 0.0 1.0 0.0 7973640.106494672 781744.9493818833 1.2920454545454545
58888.35059125 2458888.8515434945 143.71599599369802 48.53279520291835 0.0 1.0 1.0 7977071.265969663 782121.3875824512 1.2920454545454545
58888.384294955 2458888.8852479253 192.2493312007282 1.866132002323866 0.0 2.0 0.0 7954175.800560532 779875.8178203995 1.2920454545454545
58888.38559125 2458888.8865442607 194.11599599872716 3.7327968003228307 0.0 2.0 1.0 7961023.204024946 780584.0025803035 1.2920454545454545
58888.38688736 2458888.88784041 195.98239439888857 5.599195200484246 0.0 2.0 0.0 7959474.238907011 780391.4458905809 1.2920454545454545
58888.388183845 2458888.8891369347 197.84933280316181 7.466133604757488 0.0 2.0 1.0 7965383.841277194 781004.1047897397 1.2920454545454545
58888.389479955 2458888.890433083 199.71573120332323 9.332532004918903 0.0 2.0 0.0 7963001.875950789 780729.3838866013 1.2920454545454545
58888.390776435 2458888.8917295993 201.58266239915974 11.199463200755417 0.0 2.0 1.0 7967505.187873038 781207.7094050538 1.2920454545454545
58888.392072735 2458888.8930259356 203.44933439511806 13.06613519671373 0.0 2.0 0.0 7963607.819975981 780783.5269842029 1.2920454545454545
58888.393369030004 2458888.8943222654 205.3159992035944 14.932800005190074 0.0 2.0 1.0 7966532.992703579 781112.8547772716 1.2920454545454545
58888.394665325 2458888.8956185933 207.18266400159337 16.79946480318904 0.0 2.0 0.0 7963788.32210745 780803.3687322262 1.2920454545454545
58888.39596162 2458888.89691492 209.04932879959233 18.666129601188004 0.0 2.0 1.0 7968828.84379646 781330.6911471202 1.2920454545454545
58888.397257915 2458888.898211245 210.9159935975913 20.53279439918697 0.0 2.0 0.0 7965622.683574508 780976.9508155799 1.2920454545454545
58888.398554215004 2458888.899507574 212.782665604027 22.39946640562266 0.0 2.0 1.0 7967861.612164229 781237.3551291432 1.2920454545454545
58888.39985051 2458888.900803895 214.64933040202595 24.266131203621626 0.0 2.0 0.0 7965922.906295653 781001.7794899101 1.2920454545454545
58888.401146805 2458888.902100215 216.51599520002492 26.13279600162059 0.0 2.0 1.0 7969404.640962053 781388.3947978688 1.2920454545454545
58888.402443105 2458888.9033965385 218.38266719598323 27.999467997578904 0.0 2.0 0.0 7966341.222305988 781042.1589659104 1.2920454545454545
58888.403739400004 2458888.9046928557 220.24933200445957 29.866132806055248 0.0 2.0 1.0 7967167.820984384 781169.7959566993 1.2920454545454545
58888.405035695 2458888.9059891705 222.11599680245854 31.732797604054213 0.0 2.0 0.0 7967096.664537055 781116.4535110951 1.2920454545454545
58888.40633199 2458888.9072854845 223.9826616004575 33.59946240205318 0.0 2.0 1.0 7967535.35707454 781202.6842824832 1.2920454545454545
58888.407628285 2458888.9085817966 225.84932639845647 35.46612720005214 0.0 2.0 0.0 7967602.611336382 781163.9056878267 1.2920454545454545
58888.408924585 2458888.9098781133 227.71599839441478 37.332799196010455 0.0 2.0 1.0 7967837.86465535 781231.2920626281 1.2920454545454545
58888.41022088 2458888.9111744235 229.58266320289113 39.1994640044868 0.0 2.0 0.0 7967732.076407621 781177.0421191981 1.2920454545454545
58888.411517175 2458888.912470733 231.4493280008901 41.066128802485764 0.0 2.0 1.0 7970892.770772229 781525.805871929 1.2920454545454545
58888.412813475 2458888.9137670468 233.3159999968484 42.93280079844408 0.0 2.0 0.0 7971642.870050695 781547.8344148087 1.2920454545454545
58888.414109770005 2458888.9150633556 235.18266480532475 44.79946560692042 0.0 2.0 1.0 7972791.337617514 781709.634112708 1.2920454545454545
58888.415406065 2458888.9163596635 237.0493296033237 46.666130404919386 0.0 2.0 0.0 7970938.131392819 781485.4395537131 1.2920454545454545
58888.41670236 2458888.9176559714 238.91599440132268 48.53279520291835 0.0 2.0 1.0 7973030.092345331 781729.2429709665 1.2920454545454545
58888.450417545 2458888.951371881 287.46586079592817 1.8658656044863164 0.0 3.0 0.0 7958053.267031031 780275.6716481176 1.2920454545454545
58888.451713845 2458888.952668221 289.33253280236386 3.7325376109220088 0.0 3.0 1.0 7964087.546759647 780880.993805509 1.2920454545454545
58888.45301014 2458888.9539645556 291.1991976003628 5.5992024089209735 0.0 3.0 0.0 7963432.226438716 780765.8046634434 1.2920454545454545
58888.454306435 2458888.9552608896 293.0658623983618 7.465867206919938 0.0 3.0 1.0 7967087.6042051185 781168.0054407001 1.2920454545454545
58888.455602735 2458888.9565572278 294.9325343943201 9.332539202878252 0.0 3.0 0.0 7965635.408567446 780979.6173931673 1.2920454545454545
58888.45689903 2458888.95785356 296.79919920279644 11.199204011354595 0.0 3.0 1.0 7968908.051645357 781338.6435762289 1.2920454545454545
58888.458195325 2458888.959149891 298.6658640007954 13.06586880935356 0.0 3.0 0.0 7969296.627682198 781333.1431432081 1.2920454545454545
58888.45949162 2458888.9604462204 300.5325287987944 14.932533607352525 0.0 3.0 1.0 7969310.201523347 781384.6867883479 1.2920454545454545
58888.460787915 2458888.9617425487 302.39919359679334 16.79919840535149 0.0 3.0 0.0 7967647.820635107 781173.6272714925 1.2920454545454545
58888.462084215 2458888.9630388804 304.26586560322903 18.665870411787182 0.0 3.0 1.0 7970576.160521484 781497.7124949432 1.2920454545454545
58888.46338051 2458888.964335205 306.132530401228 20.532535209786147 0.0 3.0 0.0 7970014.557820888 781395.4997555724 1.2920454545454545
58888.464676805 2458888.9656315283 307.99919519922696 22.39920000778511 0.0 3.0 1.0 7969864.63070674 781429.5205813741 1.2920454545454545
58888.465973105 2458888.9669278553 309.8658671951853 24.265872003743425 0.0 3.0 0.0 7969865.392594281 781382.02931447 1.2920454545454545
58888.467269400004 2458888.9682241757 311.7325320036616 26.13253681221977 0.0 3.0 1.0 7970464.561567888 781461.0247319159 1.2920454545454545
58888.46856588 2458888.9695206787 313.59946319949813 27.999468008056283 0.0 3.0 0.0 7969201.914655131 781317.4179329636 1.2920454545454545
58888.46986199 2458888.9708168106 315.46586159965955 29.8658664082177 0.0 3.0 1.0 7972583.870699325 781688.5802210915 1.2920454545454545
58888.471158285 2458888.972113126 317.3325263976585 31.732531206216663 0.0 3.0 0.0 7970335.194660477 781427.7695799939 1.2920454545454545
58888.472454585004 2458888.973409445 319.1991984040942 33.599203212652355 0.0 3.0 1.0 7971843.786431823 781619.5576877187 1.2920454545454545
58888.47375088 2458888.974705757 321.06586320209317 35.46586801065132 0.0 3.0 0.0 7969401.771783558 781337.8905877355 1.2920454545454545
58888.475047175 2458888.9760020687 322.93252800009213 37.332532808650285 0.0 3.0 1.0 7971395.730993116 781575.8864467519 1.2920454545454545
58888.476343475 2458888.977298384 324.79919999605045 39.1992048046086 0.0 3.0 0.0 7970130.933253098 781404.7634952312 1.2920454545454545
58888.477639770004 2458888.978594694 326.6658648045268 41.06586961308494 0.0 3.0 1.0 7969552.107501245 781396.5554819279 1.2920454545454545
58888.478936065 2458888.9798910026 328.53252960252576 42.93253441108391 0.0 3.0 0.0 7970573.107064575 781447.968296328 1.2920454545454545
58888.48023236 2458888.981187311 330.3991944005247 44.79919920908287 0.0 3.0 1.0 7971804.998276481 781613.9963456265 1.2920454545454545
58888.48152866 2458888.982483624 332.26586639648303 46.665871205041185 0.0 3.0 0.0 7969735.727718675 781368.1721201774 1.2920454545454545
58888.482824955 2458888.9837799324 334.132531194482 48.53253600304015 0.0 3.0 1.0 7970486.563252894 781487.5242779286 1.2920454545454545
58946.83767614 2458947.3393639354 1.8658656044863164 1.8658656044863164 1.0 4.0 0.0 7915951.837169792 776221.8185979745 1.2920454545454545
58946.838972435 2458947.3406602414 3.7325304024852812 3.7325304024852812 1.0 4.0 1.0 7947795.303602568 779305.0439528195 1.2920454545454545
58946.84026873 2458947.3419565475 5.599195200484246 5.599195200484246 1.0 4.0 0.0 7954717.230728369 779946.6716544183 1.2920454545454545
58946.84156503 2458947.3432528577 7.465867206919938 7.465867206919938 1.0 4.0 1.0 7967309.996779865 781180.5393740921 1.2920454545454545
58946.842861325 2458947.3445491623 9.332532004918903 9.332532004918903 1.0 4.0 0.0 7967904.147974465 781213.929427829 1.2920454545454545
58946.84415762 2458947.3458454665 11.199196802917868 11.199196802917868 1.0 4.0 1.0 7977848.642423747 782192.2882811617 1.2920454545454545
58946.84545392 2458947.3471417744 13.06586880935356 13.06586880935356 1.0 4.0 0.0 7975611.22778889 781953.2144069094 1.2920454545454545
58946.846750215 2458947.348438077 14.932533607352525 14.932533607352525 1.0 4.0 1.0 7984649.162049486 782845.83088787 1.2920454545454545
58946.84804651 2458947.3497343785 16.79919840535149 16.79919840535149 1.0 4.0 0.0 7982198.452101753 782586.3147240871 1.2920454545454545
58946.849342805 2458947.3510306785 18.665863203350455 18.665863203350455 1.0 4.0 1.0 7988468.347906309 783217.1816491168 1.2920454545454545
58946.8506391 2458947.3523269785 20.53252800134942 20.53252800134942 1.0 4.0 0.0 7986979.299246916 783040.659447071 1.2920454545454545
58946.8519354 2458947.3536232817 22.39920000778511 22.39920000778511 1.0 4.0 1.0 7990261.97327254 783385.3841765289 1.2920454545454545
58946.853231695 2458947.354919579 24.265864805784076 24.265864805784076 1.0 4.0 0.0 7987080.127220609 783048.4737106184 1.2920454545454545
58946.85452799 2458947.356215875 26.13252960378304 26.13252960378304 1.0 4.0 1.0 7993274.7043723725 783672.0641099435 1.2920454545454545
58946.85582429 2458947.3575121756 27.999201610218734 27.999201610218734 1.0 4.0 0.0 7990180.665459604 783351.2235253698 1.2920454545454545
58946.857120585 2458947.35880847 29.8658664082177 29.8658664082177 1.0 4.0 1.0 7993076.697223287 783652.8518258615 1.2920454545454545
58946.85841688 2458947.3601047634 31.732531206216663 31.732531206216663 1.0 4.0 0.0 7992418.983158023 783569.025606543 1.2920454545454545
58946.859713175 2458947.361401056 33.59919600421563 33.59919600421563 1.0 4.0 1.0 7994773.819405786 783821.9452167707 1.2920454545454545
58946.861009475004 2458947.3626973527 35.46586801065132 35.46586801065132 1.0 4.0 0.0 7991697.81281455 783501.8284113677 1.2920454545454545
58946.86230577 2458947.3639936442 37.332532808650285 37.332532808650285 1.0 4.0 1.0 7996307.270918298 783968.687448903 1.2920454545454545
58946.863602065 2458947.3652899344 39.19919760664925 39.19919760664925 1.0 4.0 0.0 7991217.145868272 783451.3901073186 1.2920454545454545
58946.86489836 2458947.3665862246 41.065862404648215 41.065862404648215 1.0 4.0 1.0 7995447.205972624 783882.2144928573 1.2920454545454545
58946.866194660004 2458947.3678825195 42.93253441108391 42.93253441108391 1.0 4.0 0.0 7991592.692042733 783484.2577166912 1.2920454545454545
58946.867490955 2458947.3691788097 44.79919920908287 44.79919920908287 1.0 4.0 1.0 7997184.763054595 784045.6493493157 1.2920454545454545
58946.86878725 2458947.370475099 46.66586400708184 46.66586400708184 1.0 4.0 0.0 7994399.432879502 783753.7477378639 1.2920454545454545
58946.870083545 2458947.3717713887 48.5325288050808 48.5325288050808 1.0 4.0 1.0 7995529.025018894 783881.1753227307 1.2920454545454545
58946.900754845 2458947.4024427715 92.69920080900192 1.8658656044863164 1.0 5.0 0.0 7978807.5550431525 782260.03713119 1.2920454545454545
58946.90205114 2458947.4037390784 94.56586560700089 3.7325304024852812 1.0 5.0 1.0 7986554.861366999 783034.7281492583 1.2920454545454545
58946.903347435 2458947.4050353845 96.43253040499985 5.599195200484246 1.0 5.0 0.0 7985159.089531359 782875.4580555061 1.2920454545454545
58946.904643735004 2458947.4063316956 98.29920241143554 7.465867206919938 1.0 5.0 1.0 7990324.742356337 783397.3039580366 1.2920454545454545
58946.90594003 2458947.4076280016 100.16586720943451 9.332532004918903 1.0 5.0 0.0 7987445.41394157 783092.2976732017 1.2920454545454545
58946.907236325 2458947.408924307 102.03253200743347 11.199196802917868 1.0 5.0 1.0 7991708.377687412 783527.2029793729 1.2920454545454545
58946.90853262 2458947.410220612 103.89919680543244 13.065861600916833 1.0 5.0 0.0 7988846.963870144 783230.7249718948 1.2920454545454545
58946.909828915 2458947.411516916 105.7658616034314 14.932526398915797 1.0 5.0 1.0 7991414.10562249 783504.4362758888 1.2920454545454545
58946.911125215 2458947.4128132244 107.6325336098671 16.79919840535149 1.0 5.0 0.0 7990352.192386634 783369.5811893156 1.2920454545454545
58946.91242151 2458947.414109527 109.49919840786606 18.665863203350455 1.0 5.0 1.0 7992432.166771115 783598.5004741441 1.2920454545454545
58946.913717805 2458947.415405829 111.36586320586503 20.53252800134942 1.0 5.0 0.0 7991602.772128843 783491.849528979 1.2920454545454545
58946.915014105 2458947.4167021345 113.23253520182334 22.399199997307733 1.0 5.0 1.0 7992401.286553681 783597.2934893817 1.2920454545454545
58946.9163104 2458947.417998434 115.09920001029968 24.265864805784076 1.0 5.0 0.0 7992209.611343866 783548.0284771972 1.2920454545454545
58946.917606695 2458947.419294733 116.96586480829865 26.13252960378304 1.0 5.0 1.0 7992946.585824752 783641.7764610898 1.2920454545454545
58946.91890299 2458947.4205910307 118.83252960629761 27.999194401782006 1.0 5.0 0.0 7991123.750995924 783439.8194775141 1.2920454545454545
58946.920199285 2458947.421887327 120.69919440429658 29.86585919978097 1.0 5.0 1.0 7994720.488973376 783812.7499307315 1.2920454545454545
58946.921495585004 2458947.4231836274 122.56586641073227 31.732531206216663 1.0 5.0 0.0 7991258.77498914 783452.2151862186 1.2920454545454545
58946.92279188 2458947.4244799227 124.43253120873123 33.59919600421563 1.0 5.0 1.0 7993748.030110784 783721.3415869018 1.2920454545454545
58946.924088175 2458947.425776216 126.2991960067302 35.46586080221459 1.0 5.0 0.0 7990141.926196599 783345.7897455978 1.2920454545454545
58946.925384475 2458947.427072514 128.1658680026885 37.332532798172906 1.0 5.0 1.0 7992633.0026556635 783611.7650656762 1.2920454545454545
58946.926680770004 2458947.428368806 130.03253281116486 39.19919760664925 1.0 5.0 0.0 7992500.973493972 783572.2003358871 1.2920454545454545
58946.927977065 2458947.4296650975 131.89919760916382 41.065862404648215 1.0 5.0 1.0 7994105.9606355075 783753.6798139412 1.2920454545454545
58946.92927336 2458947.4309613886 133.76586240716279 42.93252720264718 1.0 5.0 0.0 7991015.962309671 783430.6583866146 1.2920454545454545
58946.930569660006 2458947.432257684 135.63253441359848 44.79919920908287 1.0 5.0 1.0 7992957.6795314 783646.860076944 1.2920454545454545
58946.931865955004 2458947.4335539737 137.49919921159744 46.66586400708184 1.0 5.0 0.0 7990115.038512034 783349.0597750007 1.2920454545454545
58946.93316225 2458947.434850264 139.3658640095964 48.5325288050808 1.0 5.0 1.0 7993140.460925453 783660.7583570674 1.2920454545454545
58946.966831325 2458947.4685194087 187.84933200571686 1.865872791968286 1.0 6.0 0.0 7971997.768520819 781609.5573945037 1.2920454545454545
58946.96812762 2458947.4698157148 189.71599680371583 3.732537589967251 1.0 6.0 1.0 7979557.945015733 782364.1765885631 1.2920454545454545
58946.96942392 2458947.471112026 191.58266881015152 5.599209596402943 1.0 6.0 0.0 7978164.029264965 782205.3527335475 1.2920454545454545
58946.970720215 2458947.472408332 193.44933360815048 7.465874394401908 1.0 6.0 1.0 7983301.876770798 782717.9633116514 1.2920454545454545
58946.97201651 2458947.473704638 195.31599840614945 9.332539192400873 1.0 6.0 0.0 7980323.255165827 782409.826312375 1.2920454545454545
58946.973312805 2458947.475000943 197.1826632041484 11.199203990399837 1.0 6.0 1.0 7983134.57580827 782706.2699119286 1.2920454545454545
58946.9746091 2458947.4762972477 199.04932800214738 13.065868788398802 1.0 6.0 0.0 7983801.175611987 782740.5946212658 1.2920454545454545
58946.9759054 2458947.477593557 200.91600000858307 14.932540794834495 1.0 6.0 1.0 7984176.764885443 782801.3935194624 1.2920454545454545
58946.977201695 2458947.4788898607 202.78266480658203 16.79920559283346 1.0 6.0 0.0 7984765.269891789 782834.2626639915 1.2920454545454545
58946.97849799 2458947.480186163 204.649329604581 18.665870390832424 1.0 6.0 1.0 7984573.497844564 782838.8987108306 1.2920454545454545
58946.979794290004 2458947.4814824695 206.5160016110167 20.532542397268116 1.0 6.0 0.0 7983488.609485372 782709.9545187642 1.2920454545454545
58946.981090585 2458947.48277877 208.38266640901566 22.39920719526708 1.0 6.0 1.0 7985738.060459986 782957.2262748274 1.2920454545454545
58946.98238688 2458947.48407507 210.24933120701462 24.265871993266046 1.0 6.0 0.0 7984373.486738531 782793.3450188555 1.2920454545454545
58946.983683175 2458947.4853713685 212.11599600501359 26.13253679126501 1.0 6.0 1.0 7986659.529915282 783020.748276133 1.2920454545454545
58946.984979475004 2458947.4866676712 213.98266801144928 27.999208797700703 1.0 6.0 0.0 7983792.256784284 782734.1242093054 1.2920454545454545
58946.98627577 2458947.4879639675 215.84933280944824 29.865873595699668 1.0 6.0 1.0 7987654.538672611 783136.906516853 1.2920454545454545
58946.987572065 2458947.4892602633 217.7159976074472 31.732538393698633 1.0 6.0 0.0 7983775.465209441 782732.6666975385 1.2920454545454545
58946.98886836 2458947.490556558 219.58266240544617 33.5992031916976 1.0 6.0 1.0 7987010.562840885 783071.311212788 1.2920454545454545
58946.990164660005 2458947.4918528567 221.44933441188186 35.46587519813329 1.0 6.0 0.0 7985934.1774532655 782935.8024227374 1.2920454545454545
58946.991460955 2458947.4931491497 223.31599920988083 37.332539996132255 1.0 6.0 1.0 7989579.4104446005 783317.2733127122 1.2920454545454545
58946.99275725 2458947.4944454418 225.1826640078798 39.19920479413122 1.0 6.0 0.0 7989925.362155601 783324.8913814701 1.2920454545454545
58946.994053545 2458947.4957417333 227.04932880587876 41.065869592130184 1.0 6.0 1.0 7991107.7681332845 783465.0716177623 1.2920454545454545
58946.995349845005 2458947.497038029 228.91600081231445 42.93254159856588 1.0 6.0 0.0 7989395.440542343 783274.5903588331 1.2920454545454545
58946.99664614 2458947.4983343193 230.78266561031342 44.79920639656484 1.0 6.0 1.0 7989581.847577049 783322.7211871239 1.2920454545454545
58946.997942435 2458947.49963061 232.64933040831238 46.665871194563806 1.0 6.0 0.0 7988987.992449824 783237.2301191356 1.2920454545454545
58946.99923873 2458947.5009268997 234.51599520631135 48.53253599256277 1.0 6.0 1.0 7991600.234002329 783514.4625462794 1.2920454545454545
58947.03290762 2458947.5345958583 282.99919680459425 1.8658656044863164 1.0 7.0 0.0 7977831.516081724 782169.5184767727 1.2920454545454545
58947.034203920004 2458947.5358921695 284.86586881102994 3.7325376109220088 1.0 7.0 1.0 7983378.544641312 782733.4274853049 1.2920454545454545
58947.035500215 2458947.5371884755 286.7325336090289 5.5992024089209735 1.0 7.0 0.0 7984234.49291614 782789.2352181337 1.2920454545454545
58947.03679651 2458947.538484782 288.59919840702787 7.465867206919938 1.0 7.0 1.0 7986889.05568188 783066.4867726617 1.2920454545454545
58947.038092805 2458947.5397810875 290.46586320502684 9.332532004918903 1.0 7.0 0.0 7985721.914046147 782927.6997588339 1.2920454545454545
58947.0393891 2458947.5410773926 292.3325280030258 11.199196802917868 1.0 7.0 1.0 7987461.2521049 783120.1994013416 1.2920454545454545
58947.0406854 2458947.542373702 294.1992000094615 13.06586880935356 1.0 7.0 0.0 7986943.618492938 783047.3201800789 1.2920454545454545
58947.041981695 2458947.5436700066 296.06586480746046 14.932533607352525 1.0 7.0 1.0 7989370.283731413 783305.9731392193 1.2920454545454545
58947.04327799 2458947.5449663093 297.9325296054594 16.79919840535149 1.0 7.0 0.0 7987633.48716218 783109.9556153254 1.2920454545454545
58947.044574290005 2458947.5462626168 299.7992016118951 18.665870411787182 1.0 7.0 1.0 7992324.785559205 783589.9240424674 1.2920454545454545
58947.045870585 2458947.5475589186 301.6658664098941 20.532535209786147 1.0 7.0 0.0 7987577.807335341 783101.8052003981 1.2920454545454545
58947.04716688 2458947.5488552195 303.53253120789304 22.39920000778511 1.0 7.0 1.0 7992380.519884516 783592.5027669551 1.2920454545454545
58947.048463175 2458947.550151519 305.399196005892 24.265864805784076 1.0 7.0 0.0 7987109.78654983 783059.7705977935 1.2920454545454545
58947.049759475005 2458947.5514478222 307.2658680123277 26.13253681221977 1.0 7.0 1.0 7991128.031719739 783475.8910348632 1.2920454545454545
58947.05105577 2458947.55274412 309.13253281032667 27.999201610218734 1.0 7.0 0.0 7987327.475972905 783083.8492372015 1.2920454545454545
58947.052352065 2458947.5540404166 310.99919760832563 29.8658664082177 1.0 7.0 1.0 7991562.308014847 783513.6479653986 1.2920454545454545
58947.05364836 2458947.5553367124 312.8658624063246 31.732531206216663 1.0 7.0 0.0 7989400.046713867 783280.8290631353 1.2920454545454545
58947.054944660005 2458947.556633012 314.7325344127603 33.599203212652355 1.0 7.0 1.0 7992660.274631598 783613.5169903921 1.2920454545454545
58947.056240955004 2458947.5579293054 316.59919921075925 35.46586801065132 1.0 7.0 0.0 7989264.555831438 783260.2628590873 1.2920454545454545
58947.05753725 2458947.559225599 318.4658640087582 37.332532808650285 1.0 7.0 1.0 7991005.602134771 783452.4637110734 1.2920454545454545
58947.058833545 2458947.560521891 320.3325288067572 39.19919760664925 1.0 7.0 0.0 7990381.48701698 783372.0282852415 1.2920454545454545
58947.060129845006 2458947.5618181876 322.1992008131929 41.06586961308494 1.0 7.0 1.0 7989919.529805544 783353.2339215613 1.2920454545454545
58947.061426140004 2458947.5631144783 324.06586561119184 42.93253441108391 1.0 7.0 0.0 7989388.122836257 783279.7299738277 1.2920454545454545
58947.062722435 2458947.564410769 325.9325304091908 44.79919920908287 1.0 7.0 1.0 7989692.578996851 783327.9461594593 1.2920454545454545
58947.06401873 2458947.565707059 327.79919520718977 46.66586400708184 1.0 7.0 0.0 7988358.838568321 783176.1530101374 1.2920454545454545
58947.065315030006 2458947.567003354 329.66586721362546 48.53253601351753 1.0 7.0 1.0 7991444.973090411 783499.9740785655 1.2920454545454545
59120.318630155 2459120.8177504004 1.8658656044863164 1.8658656044863164 2.0 8.0 0.0 7925341.945505068 777134.0233394153 1.2920454545454545
59120.319926455 2459120.819046701 3.73253760044463 3.73253760044463 2.0 8.0 1.0 7947478.322825351 779284.3250008661 1.2920454545454545
59120.321222750004 2459120.8203429957 5.5992024089209735 5.5992024089209735 2.0 8.0 0.0 7948956.036042109 779400.9092089226 1.2920454545454545
59120.322519045 2459120.82163929 7.465867206919938 7.465867206919938 2.0 8.0 1.0 7962538.726964419 780732.6214757477 1.2920454545454545
59120.32381534 2459120.822935584 9.332532004918903 9.332532004918903 2.0 8.0 0.0 7960910.828353929 780547.9533764241 1.2920454545454545
59120.32511164 2459120.824231882 11.199204000877216 11.199204000877216 2.0 8.0 1.0 7971906.003064783 781625.1551991968 1.2920454545454545
59120.326407935 2459120.8255281746 13.065868798876181 13.065868798876181 2.0 8.0 0.0 7968796.523413397 781304.4642261709 1.2920454545454545
59120.32770423 2459120.8268244658 14.932533607352525 14.932533607352525 2.0 8.0 1.0 7976263.696340057 782047.2969917089 1.2920454545454545
59120.329000525 2459120.8281207564 16.79919840535149 16.79919840535149 2.0 8.0 0.0 7974136.915781042 781816.8932504574 1.2920454545454545
59120.330296825 2459120.829417051 18.665870401309803 18.665870401309803 2.0 8.0 1.0 7981516.158397799 782555.3837710196 1.2920454545454545
59120.331593120005 2459120.830713339 20.532535209786147 20.532535209786147 2.0 8.0 0.0 7979016.449378948 782290.4427636996 1.2920454545454545
59120.332889415 2459120.832009626 22.39920000778511 22.39920000778511 2.0 8.0 1.0 7984620.953126607 782854.0775754672 1.2920454545454545
59120.334185715 2459120.833305917 24.265872003743425 24.265872003743425 2.0 8.0 0.0 7980312.243925539 782415.2955747349 1.2920454545454545
59120.33548201 2459120.8346022028 26.13253680174239 26.13253680174239 2.0 8.0 1.0 7985286.847276689 782920.4016772046 1.2920454545454545
59120.336778305 2459120.8358984864 27.999201599741355 27.999201599741355 2.0 8.0 0.0 7981755.033006863 782551.3881971426 1.2920454545454545
59120.338074600004 2459120.837194769 29.8658664082177 29.8658664082177 2.0 8.0 1.0 7987119.589106975 783093.2952089484 1.2920454545454545
59120.339370895 2459120.838491051 31.732531206216663 31.732531206216663 2.0 8.0 0.0 7984229.109103121 782791.2379611897 1.2920454545454545
59120.340667195 2459120.839787337 33.59920320217498 33.59920320217498 2.0 8.0 1.0 7988272.76928039 783208.4574359715 1.2920454545454545
59120.341963490006 2459120.841083617 35.46586801065132 35.46586801065132 2.0 8.0 0.0 7986421.3675510185 783001.7722088259 1.2920454545454545
59120.343259785004 2459120.842379896 37.332532808650285 37.332532808650285 2.0 8.0 1.0 7987842.575394965 783162.4723852274 1.2920454545454545
59120.344556085 2459120.8436761796 39.1992048046086 39.1992048046086 2.0 8.0 0.0 7984749.897340637 782840.6092103438 1.2920454545454545
59120.34585238 2459120.844972458 41.06586960260756 41.06586960260756 2.0 8.0 1.0 7989188.449447511 783283.2713923936 1.2920454545454545
59120.347148675 2459120.846268736 42.93253440060653 42.93253440060653 2.0 8.0 0.0 7986024.305840168 782960.8979968508 1.2920454545454545
59120.348444970004 2459120.847565013 44.79919920908287 44.79919920908287 2.0 8.0 1.0 7990115.065332912 783372.3525090559 1.2920454545454545
59120.349741265 2459120.8488612906 46.66586400708184 46.66586400708184 2.0 8.0 0.0 7986344.240978958 782990.7342531316 1.2920454545454545
59120.351037565 2459120.850157573 48.53253600304015 48.53253600304015 2.0 8.0 1.0 7988045.002829208 783177.4513399681 1.2920454545454545
59120.382449785 2459120.8815695937 93.76613280270249 1.866132002323866 2.0 9.0 0.0 7972536.576034247 781673.8792314801 1.2920454545454545
59120.383746085 2459120.8828658946 95.6328047986608 3.7328039982821792 2.0 9.0 1.0 7980481.212748537 782463.7819377079 1.2920454545454545
59120.38504238 2459120.8841621904 97.49946960713714 5.599468806758523 2.0 9.0 0.0 7979583.182185839 782348.4716760323 1.2920454545454545
59120.38633849 2459120.8854583004 99.36586800729856 7.465867206919938 2.0 9.0 1.0 7986790.545289598 783066.0706254628 1.2920454545454545
59120.38763497 2459120.88675478 101.23279920313507 9.332798402756453 2.0 9.0 0.0 7981005.91697308 782485.1805826742 1.2920454545454545
59120.38893108 2459120.8880508896 103.09919760329649 11.199196802917868 2.0 9.0 1.0 7984070.018155057 782801.3593135388 1.2920454545454545
59120.390227565 2459120.8893473735 104.96613600756973 13.06613520719111 2.0 9.0 0.0 7984367.222197554 782806.7780537901 1.2920454545454545
59120.39152386 2459120.8906436665 106.8328008055687 14.932800005190074 2.0 9.0 1.0 7987453.984997604 783130.1951214683 1.2920454545454545
59120.392820155 2459120.8919399586 108.69946560356766 16.79946480318904 2.0 9.0 0.0 7983441.502695251 782714.7907190686 1.2920454545454545
59120.39411627 2459120.89323607 110.56587120168842 18.665870401309803 2.0 9.0 1.0 7987877.5037636515 783169.9858956322 1.2920454545454545
59120.395412750004 2459120.8945325455 112.43280240800232 20.532801607623696 2.0 9.0 0.0 7985911.335105695 782951.1353161625 1.2920454545454545
59120.396709045 2459120.8958288347 114.29946720600128 22.39946640562266 2.0 9.0 1.0 7989721.8206085 783344.366284873 1.2920454545454545
59120.39800534 2459120.8971251226 116.16613200400025 24.266131203621626 2.0 9.0 0.0 7986443.192671833 783002.010390617 1.2920454545454545
59120.399301640005 2459120.898421415 118.03280401043594 26.132803210057318 2.0 9.0 1.0 7987207.047672275 783095.3682201107 1.2920454545454545
59120.400597935004 2459120.8997177007 119.8994688084349 27.999468008056283 2.0 9.0 0.0 7987130.227155401 783069.9996538473 1.2920454545454545
59120.40189423 2459120.9010139853 121.76613360643387 29.866132806055248 2.0 9.0 1.0 7989286.332470556 783302.9366212114 1.2920454545454545
59120.403190525 2459120.902310269 123.63279840443283 31.732797604054213 2.0 9.0 0.0 7986067.898593049 782967.0992416899 1.2920454545454545
59120.404486825 2459120.903606557 125.49947040039115 33.599469600012526 2.0 9.0 1.0 7988833.836031171 783261.2166773591 1.2920454545454545
59120.405783120004 2459120.9049028386 127.36613520886749 35.46613440848887 2.0 9.0 0.0 7984976.892438032 782866.9924383668 1.2920454545454545
59120.407079415 2459120.906199119 129.23280000686646 37.332799206487834 2.0 9.0 1.0 7988278.317942783 783206.9273427775 1.2920454545454545
59120.408375715 2459120.9074954037 131.09947200282477 39.19947120244615 2.0 9.0 0.0 7986943.86465863 783049.8947869798 1.2920454545454545
59120.40967201 2459120.908791683 132.96613680082373 41.06613600044511 2.0 9.0 1.0 7988384.007861879 783212.6704732599 1.2920454545454545
59120.410968305 2459120.9100879612 134.8328015988227 42.93280079844408 2.0 9.0 0.0 7985439.777170729 782904.0913371604 1.2920454545454545
59120.4122646 2459120.9113842393 136.69946640729904 44.79946560692042 2.0 9.0 1.0 7986478.634418812 783026.9851193919 1.2920454545454545
59120.413560895 2459120.9126805165 138.566131205298 46.666130404919386 2.0 9.0 0.0 7986112.414067662 782965.4737400315 1.2920454545454545
59120.414857195 2459120.9139767997 140.43280320125632 48.5328024008777 2.0 9.0 1.0 7988313.760126997 783203.2313344611 1.2920454545454545
59120.44857238 2459120.947691755 188.9826696063392 1.865872802445665 2.0 10.0 0.0 7964550.950274905 780898.450823139 1.2920454545454545
59120.449868675 2459120.9489880507 190.84933440433815 3.73253760044463 2.0 10.0 1.0 7973456.944984453 781787.6634128758 1.2920454545454545
59120.45116497 2459120.9502843465 192.71599920233712 5.599202398443595 2.0 10.0 0.0 7971472.880522597 781565.4433073606 1.2920454545454545
59120.452461265 2459120.951580642 194.58266400033608 7.465867196442559 2.0 10.0 1.0 7975349.760353674 781965.1877331482 1.2920454545454545
59120.453757565 2459120.9528769418 196.44933600677177 9.332539202878252 2.0 10.0 0.0 7973972.875175137 781806.0413313594 1.2920454545454545
59120.45505386 2459120.954173236 198.31600080477074 11.199204000877216 2.0 10.0 1.0 7977344.442874903 782153.1632677289 1.2920454545454545
59120.456350155 2459120.9554695305 200.1826656027697 13.065868798876181 2.0 10.0 0.0 7974120.793238048 781818.7102985301 1.2920454545454545
59120.457646455 2459120.9567658287 202.04933759872802 14.932540794834495 2.0 10.0 1.0 7978287.858776864 782242.7209558558 1.2920454545454545
59120.45894275 2459120.9580621207 203.91600240720436 16.79920560331084 2.0 10.0 0.0 7974270.731356069 781830.1528877644 1.2920454545454545
59120.460239045 2459120.959358412 205.78266720520332 18.665870401309803 2.0 10.0 1.0 7979278.150210934 782344.3007560635 1.2920454545454545
59120.46153534 2459120.9606547025 207.6493320032023 20.532535199308768 2.0 10.0 0.0 7976492.717602922 782046.5432577449 1.2920454545454545
59120.462831640005 2459120.961950997 209.51600400963798 22.39920720574446 2.0 10.0 1.0 7980372.154342039 782447.5371748414 1.2920454545454545
59120.464127935 2459120.9632472848 211.38266880763695 24.265872003743425 2.0 10.0 0.0 7977405.197588012 782132.21134042 1.2920454545454545
59120.46542423 2459120.9645435717 213.2493336056359 26.13253680174239 2.0 10.0 1.0 7978863.350790413 782302.7887368766 1.2920454545454545
59120.466720525 2459120.965839858 215.11599840363488 27.999201599741355 2.0 10.0 0.0 7976551.712751234 782051.4896894947 1.2920454545454545
59120.468016825 2459120.967136148 216.9826703995932 29.865873595699668 2.0 10.0 1.0 7978214.731595681 782238.3513121752 1.2920454545454545
59120.469313120004 2459120.968432431 218.84933520806953 31.73253840417601 2.0 10.0 0.0 7976997.136694789 782095.8008711552 1.2920454545454545
59120.470609415 2459120.969728714 220.7160000060685 33.59920320217498 2.0 10.0 1.0 7979301.520255618 782342.1119220015 1.2920454545454545
59120.471905715 2459120.9710250003 222.5826720020268 35.46587519813329 2.0 10.0 0.0 7977537.732634212 782150.1681855503 1.2920454545454545
59120.473202010005 2459120.972321281 224.44933681050315 37.332540006609634 2.0 10.0 1.0 7980136.87006562 782418.9198643861 1.2920454545454545
59120.474498305004 2459120.9736175607 226.31600160850212 39.1992048046086 2.0 10.0 0.0 7976552.829253054 782052.2285059759 1.2920454545454545
59120.4757946 2459120.9749138397 228.18266640650108 41.06586960260756 2.0 10.0 1.0 7979009.873886667 782314.2341486625 1.2920454545454545
59120.477090895 2459120.9762101183 230.04933120450005 42.93253440060653 2.0 10.0 0.0 7977312.52371185 782124.8761486405 1.2920454545454545
59120.478387195 2459120.9775064015 231.91600320045836 44.79920639656484 2.0 10.0 1.0 7980135.514322696 782422.0703484857 1.2920454545454545
59120.479683490004 2459120.9788026786 233.7826680089347 46.665871205041185 2.0 10.0 0.0 7977945.7323805075 782182.4206411762 1.2920454545454545
59120.480979785 2459120.980098956 235.64933280693367 48.53253600304015 2.0 10.0 1.0 7977734.2310085315 782188.1851045795 1.2920454545454545
59120.51469497 2459121.0138139124 284.19919920153916 1.865858396049589 2.0 11.0 0.0 7967381.675499471 781178.4193286088 1.2920454545454545
59120.515991265 2459121.015110208 286.0658639995381 3.7325231940485537 2.0 11.0 1.0 7974047.026569896 781828.2059719185 1.2920454545454545
59120.517287565 2459121.016406509 287.9325360059738 5.599195200484246 2.0 11.0 0.0 7973896.564724117 781800.3162496721 1.2920454545454545
59120.51858386 2459121.0177028044 289.7992008039728 7.465859998483211 2.0 11.0 1.0 7977379.751930698 782160.8942339969 1.2920454545454545
59120.519880155 2459121.0189991 291.66586560197175 9.332524796482176 2.0 11.0 0.0 7975487.298302827 781951.9608084882 1.2920454545454545
59120.521176455004 2459121.0202953997 293.53253760840744 11.199196802917868 2.0 11.0 1.0 7982491.958989376 782651.3000879106 1.2920454545454545
59120.52247275 2459121.0215916936 295.3992024064064 13.065861600916833 2.0 11.0 0.0 7976229.25306829 782017.476887932 1.2920454545454545
59120.523769045 2459121.0228879866 297.26586720440537 14.932526398915797 2.0 11.0 1.0 7981889.149371114 782614.1621458477 1.2920454545454545
59120.52506534 2459121.024184279 299.13253200240433 16.799191196914762 2.0 11.0 0.0 7978633.25692369 782250.0280506541 1.2920454545454545
59120.526361640004 2459121.025480576 300.99920400884 18.665863203350455 2.0 11.0 1.0 7983791.744866367 782801.0041655928 1.2920454545454545
59120.527657935 2459121.026776866 302.865868806839 20.53252800134942 2.0 11.0 0.0 7979137.423590554 782301.8780527236 1.2920454545454545
59120.52895423 2459121.0280731553 304.73253360483795 22.399192799348384 2.0 11.0 1.0 7982085.437235703 782609.442857753 1.2920454545454545
59120.530250525 2459121.0293694437 306.5991984028369 24.26585759734735 2.0 11.0 0.0 7978526.157787675 782240.6538601987 1.2920454545454545
59120.531546825 2459121.0306657357 308.46587039879523 26.132529593305662 2.0 11.0 1.0 7980087.766040259 782421.2196605195 1.2920454545454545
59120.53284312 2459121.0319620213 310.3325352072716 27.999194401782006 2.0 11.0 0.0 7979309.279776419 782320.7189548655 1.2920454545454545
59120.534139415 2459121.033258306 312.19920000527054 29.86585919978097 2.0 11.0 1.0 7981993.351873634 782602.1080752452 1.2920454545454545
59120.535435715 2459121.034554595 314.06587200122885 31.732531195739284 2.0 11.0 0.0 7978424.95895322 782234.1375645003 1.2920454545454545
59120.536732010005 2459121.0358508774 315.9325368097052 33.59919600421563 2.0 11.0 1.0 7983832.4704619255 782778.9032857078 1.2920454545454545
59120.538028305 2459121.0371471588 317.79920160770416 35.46586080221459 2.0 11.0 0.0 7980750.444888718 782454.0237431674 1.2920454545454545
59120.5393246 2459121.038443439 319.6658664057031 37.33252560021356 2.0 11.0 1.0 7982149.836614222 782617.7975208437 1.2920454545454545
59120.540620895 2459121.0397397196 321.5325312037021 39.19919039821252 2.0 11.0 0.0 7979762.934335828 782363.9419855991 1.2920454545454545
59120.541917195 2459121.0410360033 323.3992031996604 41.065862394170836 2.0 11.0 1.0 7983499.654790533 782745.3277699467 1.2920454545454545
59120.543213490004 2459121.042332282 325.26586800813675 42.93252720264718 2.0 11.0 0.0 7979127.349626087 782297.4547640783 1.2920454545454545
59120.544509785 2459121.0436285594 327.1325328061357 44.799192000646144 2.0 11.0 1.0 7983099.632014849 782699.1894100062 1.2920454545454545
59120.545806085 2459121.044924842 328.999204802094 46.66586399660446 2.0 11.0 0.0 7980579.0606447095 782433.0345188418 1.2920454545454545
59120.547102380006 2459121.0462211194 330.86586961057037 48.5325288050808 2.0 11.0 1.0 7983523.254914656 782745.38920105 1.2920454545454545
59178.899314755 2459179.3987022704 1.8658655940089375 1.8658655940089375 3.0 12.0 0.0 7902860.05990065 774948.0581726754 1.2920454545454545
59178.900611054996 2459179.399998604 3.732537589967251 3.732537589967251 3.0 12.0 1.0 7931553.711962472 777761.3539829762 1.2920454545454545
59178.901907349995 2459179.401294932 5.599202387966216 5.599202387966216 3.0 12.0 0.0 7936524.583010375 778189.5830135227 1.2920454545454545
59178.903203645 2459179.4025912588 7.465867196442559 7.465867196442559 3.0 12.0 1.0 7951404.290140207 779665.5225430356 1.2920454545454545
59178.90449994 2459179.4038875857 9.332531994441524 9.332531994441524 3.0 12.0 0.0 7951337.6877391 779614.389814545 1.2920454545454545
59178.905796235 2459179.405183911 11.199196792440489 11.199196792440489 3.0 12.0 1.0 7962640.727977148 780751.3447121041 1.2920454545454545
59178.907092535 2459179.4064802397 13.065868798876181 13.065868798876181 3.0 12.0 0.0 7961703.144292761 780615.9459698824 1.2920454545454545
59178.90838883 2459179.407776562 14.932533596875146 14.932533596875146 3.0 12.0 1.0 7970501.287326035 781508.8603415311 1.2920454545454545
59178.909685125 2459179.4090728834 16.79919839487411 16.79919839487411 3.0 12.0 0.0 7968577.639075318 781275.1145183082 1.2920454545454545
59178.910981425 2459179.410369208 18.665870390832424 18.665870390832424 3.0 12.0 1.0 7973676.799641767 781815.2209913095 1.2920454545454545
59178.912277719995 2459179.4116655253 20.53253518883139 20.53253518883139 3.0 12.0 0.0 7971558.303205281 781561.7212196949 1.2920454545454545
59178.913574015 2459179.412961841 22.399199997307733 22.399199997307733 3.0 12.0 1.0 7978137.736002214 782212.8348285937 1.2920454545454545
59178.91487031 2459179.4142581555 24.265864795306697 24.265864795306697 3.0 12.0 0.0 7975812.7120684795 781965.2839099023 1.2920454545454545
59178.91616661 2459179.4155544727 26.13253679126501 26.13253679126501 3.0 12.0 1.0 7981427.81778204 782559.3589466955 1.2920454545454545
59178.917462904996 2459179.4168507834 27.999201589263976 27.999201589263976 3.0 12.0 0.0 7977385.098760624 782116.3553328771 1.2920454545454545
59178.918759199994 2459179.418147092 29.86586638726294 29.86586638726294 3.0 12.0 1.0 7982979.304837914 782708.958003501 1.2920454545454545
59178.920055495 2459179.4194433996 31.732531195739284 31.732531195739284 3.0 12.0 0.0 7979704.001588155 782336.8025282415 1.2920454545454545
59178.921351795 2459179.420739711 33.5992031916976 33.5992031916976 3.0 12.0 1.0 7982556.278663124 782669.2846207886 1.2920454545454545
59178.922648089996 2459179.422036015 35.46586798969656 35.46586798969656 3.0 12.0 0.0 7979885.468448482 782357.7483625232 1.2920454545454545
59178.923944385 2459179.423332318 37.332532798172906 37.332532798172906 3.0 12.0 1.0 7985846.481347726 782981.8804854467 1.2920454545454545
59178.925240685 2459179.4246286256 39.19920479413122 39.19920479413122 3.0 12.0 0.0 7980438.5310287755 782410.0157136115 1.2920454545454545
59178.92653698 2459179.425924927 41.065869592130184 41.065869592130184 3.0 12.0 1.0 7983794.575743551 782789.7087300571 1.2920454545454545
59178.927833275 2459179.427221228 42.93253439012915 42.93253439012915 3.0 12.0 0.0 7980465.054835872 782419.1323534657 1.2920454545454545
59178.929129569995 2459179.428517528 44.799199188128114 44.799199188128114 3.0 12.0 1.0 7985472.521146976 782954.8379284741 1.2920454545454545
59178.96190735 2459179.4612957714 91.99920239509083 1.865872802445665 3.0 13.0 0.0 7965224.897558074 780947.1936147631 1.2920454545454545
59178.963203645 2459179.4625921003 93.8658671930898 3.73253760044463 3.0 13.0 1.0 7975626.608205167 781995.4363856814 1.2920454545454545
59178.964499940004 2459179.4638884296 95.73253200156614 5.5992024089209735 3.0 13.0 0.0 7973758.898317068 781763.4349460173 1.2920454545454545
59178.965796235 2459179.4651847584 97.5991967995651 7.465867206919938 3.0 13.0 1.0 7980100.675278019 782396.0026664638 1.2920454545454545
59178.967092535 2459179.466481092 99.46586879552342 9.332539202878252 3.0 13.0 0.0 7975714.302622969 781945.6618406264 1.2920454545454545
59178.96838883 2459179.46777742 101.33253359352238 11.199204000877216 3.0 13.0 1.0 7981334.84179505 782546.9868119085 1.2920454545454545
59178.969685125 2459179.4690737473 103.19919839152135 13.065868798876181 3.0 13.0 0.0 7976167.169402451 782002.70699623 1.2920454545454545
59178.970981425 2459179.4703700785 105.06587039795704 14.932540805311874 3.0 13.0 1.0 7983590.757163671 782761.9151915542 1.2920454545454545
59178.97227772 2459179.4716664036 106.932535195956 16.79920560331084 3.0 13.0 0.0 7980195.6835839115 782393.2527852963 1.2920454545454545
59178.973574015 2459179.4729627273 108.79919999395497 18.665870401309803 3.0 13.0 1.0 7984817.200765359 782885.017635534 1.2920454545454545
59178.974870310005 2459179.4742590496 110.66586480243132 20.532535209786147 3.0 13.0 0.0 7979836.452819871 782353.4808889071 1.2920454545454545
59178.976166609995 2459179.475555375 112.53253678791225 22.39920719526708 3.0 13.0 1.0 7987208.285029415 783118.2497519035 1.2920454545454545
59178.977462905 2459179.4768516943 114.3992015963886 24.265872003743425 3.0 13.0 0.0 7981209.708662546 782485.8691642244 1.2920454545454545
59178.9787592 2459179.478148011 116.26586639438756 26.13253680174239 3.0 13.0 1.0 7985632.060626458 782964.4997343943 1.2920454545454545
59178.980055495 2459179.479444327 118.13253119238652 27.999201599741355 3.0 13.0 0.0 7978627.19085625 782238.0368842541 1.2920454545454545
59178.981351795 2459179.4807406454 119.99920319882222 29.865873606177047 3.0 13.0 1.0 7984190.2611970315 782824.1018491351 1.2920454545454545
59178.98264809 2459179.4820369575 121.86586799682118 31.73253840417601 3.0 13.0 0.0 7980890.4458290255 782452.9705314073 1.2920454545454545
59178.983944385 2459179.4833332673 123.73253279482014 33.59920320217498 3.0 13.0 1.0 7985023.888679004 782900.8562938246 1.2920454545454545
59178.985240685 2459179.4846295808 125.59920479077846 35.46587519813329 3.0 13.0 0.0 7981570.743214481 782518.9330571166 1.2920454545454545
59178.986536979995 2459179.485925888 127.46586958877742 37.332539996132255 3.0 13.0 1.0 7984721.510005214 782879.3787832792 1.2920454545454545
59178.987833275 2459179.4872221933 129.33253439725377 39.1992048046086 3.0 13.0 0.0 7980804.635575923 782445.1949937665 1.2920454545454545
59178.98912957 2459179.4885184974 131.19919919525273 41.06586960260756 3.0 13.0 1.0 7983733.4835522305 782779.8120436381 1.2920454545454545
59178.990425865 2459179.4898148007 133.0658639932517 42.93253440060653 3.0 13.0 0.0 7981371.71990803 782498.0683280282 1.2920454545454545
59178.991722164996 2459179.4911111076 134.93253598921 44.79920639656484 3.0 13.0 1.0 7983156.017040186 782726.4218979824 1.2920454545454545
59178.993018459994 2459179.4924074085 136.79920078720897 46.665871194563806 3.0 13.0 0.0 7981880.887737176 782550.3534803923 1.2920454545454545
59178.994314755 2459179.493703709 138.66586559568532 48.53253600304015 3.0 13.0 1.0 7985039.444263636 782913.73090255 1.2920454545454545
59179.028087905 2459179.527477328 187.29920159094036 1.865872791968286 3.0 14.0 0.0 7960690.459483603 780505.3351853628 1.2920454545454545
59179.029384199996 2459179.528773657 189.16586638893932 3.732537589967251 3.0 14.0 1.0 7971349.169546112 781586.4466623398 1.2920454545454545
59179.030680494994 2459179.5300699864 191.0325311869383 5.599202387966216 3.0 14.0 0.0 7968196.139103359 781229.5766370333 1.2920454545454545
59179.031976795 2459179.5313663203 192.89920319337398 7.465874394401908 3.0 14.0 1.0 7973919.79236937 781828.8280379536 1.2920454545454545
59179.03327309 2459179.532662649 194.76586799137294 9.332539192400873 3.0 14.0 0.0 7969379.824115679 781345.4412048178 1.2920454545454545
59179.034569384996 2459179.533958977 196.6325327893719 11.199203990399837 3.0 14.0 1.0 7973922.629327364 781827.9379463478 1.2920454545454545
59179.035865679994 2459179.5352553045 198.49919758737087 13.065868788398802 3.0 14.0 0.0 7970205.017116551 781423.3201576954 1.2920454545454545
59179.03716198 2459179.5365516357 200.36586959380656 14.932540794834495 3.0 14.0 1.0 7973910.460712512 781835.5549210397 1.2920454545454545
59179.038458275 2459179.537847961 202.23253439180553 16.79920559283346 3.0 14.0 0.0 7972028.3626864115 781597.9484432457 1.2920454545454545
59179.039754569996 2459179.5391442846 204.0991991898045 18.665870390832424 3.0 14.0 1.0 7975017.184410449 781939.0942009569 1.2920454545454545
59179.04105087 2459179.5404406115 205.9658711962402 20.532542397268116 3.0 14.0 0.0 7972903.127142436 781687.902019645 1.2920454545454545
59179.042347165 2459179.541736932 207.83253599423915 22.39920719526708 3.0 14.0 1.0 7976160.183777971 782052.1929948844 1.2920454545454545
59179.04364346 2459179.5430332515 209.69920079223812 24.265871993266046 3.0 14.0 0.0 7972604.79514817 781657.9585731855 1.2920454545454545
59179.044939755 2459179.5443295687 211.56586559023708 26.13253679126501 3.0 14.0 1.0 7976356.657468187 782069.1745353895 1.2920454545454545
59179.046236049995 2459179.545625884 213.43253038823605 27.999201589263976 3.0 14.0 0.0 7972110.68512438 781608.2278800819 1.2920454545454545
59179.04753235 2459179.5469222027 215.29920239467174 29.865873595699668 3.0 14.0 1.0 7974404.768566509 781886.012354084 1.2920454545454545
59179.048828645 2459179.548218515 217.1658671926707 31.732538393698633 3.0 14.0 0.0 7971265.006403361 781523.7809045179 1.2920454545454545
59179.05012494 2459179.5495148245 219.03253199066967 33.5992031916976 3.0 14.0 1.0 7975791.619359116 782016.6415204777 1.2920454545454545
59179.05142124 2459179.550811138 220.89920399710536 35.46587519813329 3.0 14.0 0.0 7972779.779092168 781672.0039653856 1.2920454545454545
59179.052717535 2459179.5521074445 222.76586879510432 37.332539996132255 3.0 14.0 1.0 7976464.700899197 782082.7009514451 1.2920454545454545
59179.05401383 2459179.5534037505 224.6325335931033 39.19920479413122 3.0 14.0 0.0 7972787.784896549 781673.973070014 1.2920454545454545
59179.055310125 2459179.554700054 226.49919839110225 41.065869592130184 3.0 14.0 1.0 7978766.512541473 782301.6164991102 1.2920454545454545
59179.056606425 2459179.555996362 228.36587039753795 42.93254159856588 3.0 14.0 0.0 7973674.23118783 781758.8113415809 1.2920454545454545
59179.05790272 2459179.557292664 230.2325351955369 44.79920639656484 3.0 14.0 1.0 7976987.928368954 782138.1065421088 1.2920454545454545
59179.059199015 2459179.5585889653 232.09919999353588 46.665871194563806 3.0 14.0 0.0 7974465.77383491 781838.6171462695 1.2920454545454545
59179.06049531 2459179.559885266 233.96586479153484 48.53253599256277 3.0 14.0 1.0 7976942.997629488 782136.0437968518 1.2920454545454545
59179.09426846 2459179.5936588855 282.59920079726726 1.865872802445665 3.0 15.0 0.0 7962980.112330313 780724.9667077269 1.2920454545454545
59179.095564755 2459179.594955215 284.4658655952662 3.73253760044463 3.0 15.0 1.0 7973337.237625117 781774.3371949318 1.2920454545454545
59179.096861055004 2459179.5962515497 286.3325376017019 5.599209606880322 3.0 15.0 0.0 7970299.0481553525 781433.0171139719 1.2920454545454545
59179.09815735 2459179.5975478785 288.1992023997009 7.465874404879287 3.0 15.0 1.0 7974908.474420786 781926.5141148571 1.2920454545454545
59179.099453645 2459179.5988442074 290.06586719769984 9.332539202878252 3.0 15.0 0.0 7973402.224835145 781731.9532756679 1.2920454545454545
59179.10074994 2459179.6001405357 291.9325319956988 11.199204000877216 3.0 15.0 1.0 7977254.64937519 782148.1162768557 1.2920454545454545
59179.102046235 2459179.6014368627 293.7991967936978 13.065868798876181 3.0 15.0 0.0 7972393.92872885 781633.8813910268 1.2920454545454545
59179.103342535 2459179.6027331944 295.66586880013347 14.932540805311874 3.0 15.0 1.0 7977425.365208176 782169.8605083517 1.2920454545454545
59179.10463883 2459179.604029519 297.53253359813243 16.79920560331084 3.0 15.0 0.0 7976239.880730495 782031.238802541 1.2920454545454545
59179.105935125 2459179.605325843 299.3991983961314 18.665870401309803 3.0 15.0 1.0 7977818.291327385 782209.236011587 1.2920454545454545
59179.107231425 2459179.6066221707 301.2658703920897 20.532542397268116 3.0 15.0 0.0 7977228.228522966 782098.571239569 1.2920454545454545
59179.10852772 2459179.607918491 303.13253520056605 22.39920720574446 3.0 15.0 1.0 7978516.921246402 782272.4694753395 1.2920454545454545
59179.109824015 2459179.6092148097 304.999199998565 24.265872003743425 3.0 15.0 0.0 7976747.527462536 782053.5723883137 1.2920454545454545
59179.11112031 2459179.6105111274 306.865864796564 26.13253680174239 3.0 15.0 1.0 7978954.834387438 782319.2744913497 1.2920454545454545
59179.112416610005 2459179.611807448 308.7325368029997 27.999208808178082 3.0 15.0 0.0 7976371.228722556 782015.9921080148 1.2920454545454545
59179.113712905004 2459179.613103761 310.59920160099864 29.865873606177047 3.0 15.0 1.0 7979265.253597716 782348.7559989421 1.2920454545454545
59179.1150092 2459179.614400073 312.4658663989976 31.73253840417601 3.0 15.0 0.0 7977254.752529647 782103.3459474954 1.2920454545454545
59179.116305495 2459179.615696383 314.33253119699657 33.59920320217498 3.0 15.0 1.0 7979381.556268686 782360.5331287564 1.2920454545454545
59179.117601795 2459179.6169926967 316.1992031929549 35.46587519813329 3.0 15.0 0.0 7978029.606549714 782175.9600231174 1.2920454545454545
59179.118898090004 2459179.618289003 318.0658680014312 37.332540006609634 3.0 15.0 1.0 7980631.2263463475 782481.0830121746 1.2920454545454545
59179.120194385 2459179.6195853082 319.9325327994302 39.1992048046086 3.0 15.0 0.0 7975327.305133732 781922.056898316 1.2920454545454545
59179.121490685 2459179.620881617 321.7992047953885 41.06587680056691 3.0 15.0 1.0 7979442.201292498 782367.4204816666 1.2920454545454545
59179.12278698 2459179.6221779203 323.66586959338747 42.93254159856588 3.0 15.0 0.0 7975167.260205509 781901.2794518291 1.2920454545454545
59179.124083275 2459179.623474222 325.53253439138643 44.79920639656484 3.0 15.0 1.0 7980836.495012092 782501.9505548379 1.2920454545454545
59179.12537957 2459179.624770523 327.3991991998628 46.665871205041185 3.0 15.0 0.0 7975274.634247582 781912.5108536198 1.2920454545454545
59179.126675865 2459179.6260668235 329.26586399786174 48.53253600304015 3.0 15.0 1.0 7982007.225530478 782620.5271557262 1.2920454545454545
59269.031274124995 2459269.53252416 1.8661391898058355 1.8661391898058355 4.0 16.0 0.0 7911663.070302912 775797.1467189047 1.2920454545454545
59269.03257042 2459269.5338204913 3.7328039982821792 3.7328039982821792 4.0 16.0 1.0 7941036.130403225 778666.7450199925 1.2920454545454545
59269.033866715006 2459269.535116822 5.599468806758523 5.599468806758523 4.0 16.0 0.0 7942834.889043555 778797.4110423885 1.2920454545454545
59269.035163010005 2459269.536413152 7.466133604757488 7.466133604757488 4.0 16.0 1.0 7958885.176836223 780381.9690104157 1.2920454545454545
59269.036459309995 2459269.5377094857 9.332805590238422 9.332805590238422 4.0 16.0 0.0 7957330.876471646 780187.5029765035 1.2920454545454545
59269.03775560499 2459269.539005813 11.199470388237387 11.199470388237387 4.0 16.0 1.0 7966614.175268569 781125.4248166503 1.2920454545454545
59269.0390519 2459269.54030214 13.06613519671373 13.06613519671373 4.0 16.0 0.0 7965400.108535348 780965.242651264 1.2920454545454545
59269.040348195005 2459269.5415984653 14.932800005190074 14.932800005190074 4.0 16.0 1.0 7973499.793757754 781787.8267121 1.2920454545454545
59269.041644494995 2459269.542894794 16.79947199067101 16.79947199067101 4.0 16.0 0.0 7970822.565750532 781486.3485029875 1.2920454545454545
59269.04294079 2459269.544191116 18.666136799147353 18.666136799147353 4.0 16.0 1.0 7976393.821467605 782062.4230690384 1.2920454545454545
59269.04423708501 2459269.545487437 20.532801607623696 20.532801607623696 4.0 16.0 0.0 7972799.033006665 781672.7171519903 1.2920454545454545
59269.045533380006 2459269.5467837555 22.39946640562266 22.39946640562266 4.0 16.0 1.0 7979354.109059783 782345.7937887504 1.2920454545454545
59269.046829679995 2459269.5480800774 24.266138391103595 24.266138391103595 4.0 16.0 0.0 7977034.410702441 782078.5735300706 1.2920454545454545
59269.048125789996 2459269.549376208 26.13253679126501 26.13253679126501 4.0 16.0 1.0 7980892.256746642 782488.9483596499 1.2920454545454545
59269.049422085 2459269.5506725213 27.999201599741355 27.999201599741355 4.0 16.0 0.0 7978126.826671495 782180.9262888343 1.2920454545454545
59269.050718385 2459269.551968838 29.865873595699668 29.865873595699668 4.0 16.0 1.0 7981880.1929768305 782583.4530982726 1.2920454545454545
59269.05201468 2459269.5532651492 31.732538393698633 31.732538393698633 4.0 16.0 0.0 7979062.364228522 782268.4660505672 1.2920454545454545
59269.053310974996 2459269.5545614576 33.5992031916976 33.5992031916976 4.0 16.0 1.0 7983819.942558548 782766.8600506006 1.2920454545454545
59269.054607269994 2459269.555857765 35.46586798969656 35.46586798969656 4.0 16.0 0.0 7981151.639054436 782465.9112880534 1.2920454545454545
59269.055903565 2459269.557154072 37.332532798172906 37.332532798172906 4.0 16.0 1.0 7984138.141041318 782797.2121294338 1.2920454545454545
59269.057199865 2459269.558450382 39.19920479413122 39.19920479413122 4.0 16.0 0.0 7981562.735986619 782506.6696224568 1.2920454545454545
59269.058496159996 2459269.559746687 41.065869592130184 41.065869592130184 4.0 16.0 1.0 7985244.684633133 782903.3475296745 1.2920454545454545
59269.059792455 2459269.5610429905 42.93253440060653 42.93253440060653 4.0 16.0 0.0 7981371.863664334 782487.954256877 1.2920454545454545
59269.061088755 2459269.562339299 44.79920639656484 44.79920639656484 4.0 16.0 1.0 7985724.209973407 782949.9415744264 1.2920454545454545
59269.06238505 2459269.5636356026 46.665871194563806 46.665871194563806 4.0 16.0 0.0 7982277.30590154 782580.3833197382 1.2920454545454545
59269.063681345 2459269.5649319054 48.53253599256277 48.53253599256277 4.0 16.0 1.0 7985212.148223006 782902.3184583536 1.2920454545454545
59269.097373565004 2459269.5986247375 97.04933280358091 1.8658656044863164 4.0 17.0 0.0 7965882.365152905 781012.1785733842 1.2920454545454545
59269.098669865 2459269.5999210733 98.91600479953922 3.73253760044463 4.0 17.0 1.0 7974881.028397809 781897.2584302956 1.2920454545454545
59269.09996616 2459269.6012174035 100.78266959753819 5.599202398443595 4.0 17.0 0.0 7975898.459703036 781974.8383570403 1.2920454545454545
59269.101262455 2459269.6025137333 102.64933439553715 7.465867196442559 4.0 17.0 1.0 7977924.978831186 782213.7696054397 1.2920454545454545
59269.102558754996 2459269.6038100673 104.51600639149547 9.332539192400873 4.0 17.0 0.0 7974587.145380598 781846.0291164739 1.2920454545454545
59269.103855049994 2459269.605106395 106.38267118949443 11.199203990399837 4.0 17.0 1.0 7981672.116535368 782571.3490514389 1.2920454545454545
59269.105151345 2459269.6064027217 108.24933599797077 13.065868798876181 4.0 17.0 0.0 7978948.159187615 782261.9170144881 1.2920454545454545
59269.10644764 2459269.607699047 110.11600079596974 14.932533596875146 4.0 17.0 1.0 7982801.036093276 782676.6135458644 1.2920454545454545
59269.107743935 2459269.6089953706 111.9826655939687 16.79919839487411 4.0 17.0 0.0 7979467.991202318 782311.8457432495 1.2920454545454545
59269.109040235 2459269.610291698 113.8493376004044 18.665870401309803 4.0 17.0 1.0 7981076.902695804 782511.7101560946 1.2920454545454545
59269.11033653 2459269.611588018 115.71600239840336 20.532535199308768 4.0 17.0 0.0 7978668.392025328 782232.5832867149 1.2920454545454545
59269.111632825 2459269.612884337 117.58266719640233 22.399199997307733 4.0 17.0 1.0 7981631.843499126 782566.0224452851 1.2920454545454545
59269.112929124996 2459269.614180659 119.44933919236064 24.265871993266046 4.0 17.0 0.0 7978778.239327717 782246.5225717743 1.2920454545454545
59269.114225419995 2459269.6154769748 121.3160039903596 26.13253679126501 4.0 17.0 1.0 7983505.618316598 782744.5098706774 1.2920454545454545
59269.115521715 2459269.616773288 123.18266879883595 27.999201599741355 4.0 17.0 0.0 7980344.604013585 782392.6441955853 1.2920454545454545
59269.11681801 2459269.6180696 125.04933359683491 29.86586639774032 4.0 17.0 1.0 7983489.547954713 782741.7937824037 1.2920454545454545
59269.11811431 2459269.619365915 126.91600559279323 31.732538393698633 4.0 17.0 0.0 7978819.447214489 782245.2982468688 1.2920454545454545
59269.119410605 2459269.6206622245 128.78267040126957 33.59920320217498 4.0 17.0 1.0 7980900.076967623 782491.0579067873 1.2920454545454545
59269.1207069 2459269.6219585324 130.64933519926853 35.46586800017394 4.0 17.0 0.0 7978673.514751345 782231.0022161022 1.2920454545454545
59269.122003195 2459269.6232548384 132.5159999972675 37.332532798172906 4.0 17.0 1.0 7982030.16616277 782596.9935911588 1.2920454545454545
59269.123299495 2459269.624551149 134.3826719932258 39.19920479413122 4.0 17.0 0.0 7980278.432524711 782383.0471524174 1.2920454545454545
59269.124595789996 2459269.6258474537 136.24933679122478 41.065869592130184 4.0 17.0 1.0 7981710.7444427265 782568.1636349886 1.2920454545454545
59269.125892085 2459269.627143758 138.11600159970112 42.93253440060653 4.0 17.0 0.0 7980912.47502803 782442.9467624516 1.2920454545454545
59269.127188385 2459269.6284400662 139.98267359565943 44.79920639656484 4.0 17.0 1.0 7982205.198438456 782611.8281396115 1.2920454545454545
59269.12848468 2459269.6297363695 141.8493383936584 46.665871194563806 4.0 17.0 0.0 7980246.271736438 782381.5268516951 1.2920454545454545
59269.129780974996 2459269.6310326727 143.71600319165736 48.53253599256277 4.0 17.0 1.0 7983299.231986613 782721.3134521086 1.2920454545454545
59269.163473010005 2459269.664725318 192.23253360483795 1.8658656044863164 4.0 18.0 0.0 7959785.42348501 780426.1700676836 1.2920454545454545
59269.164769309995 2459269.666021654 194.0992055903189 3.732537589967251 4.0 18.0 1.0 7967121.051912153 781129.5830821225 1.2920454545454545
59269.16606560499 2459269.667317984 195.96587038831785 5.599202387966216 4.0 18.0 0.0 7965966.813484636 781021.9324328272 1.2920454545454545
59269.1673619 2459269.668614314 197.8325351967942 7.465867196442559 4.0 18.0 1.0 7970082.8005453665 781439.9212339217 1.2920454545454545
59269.168658195005 2459269.669910643 199.69920000527054 9.332532004918903 4.0 18.0 0.0 7969185.820462927 781329.6047899112 1.2920454545454545
59269.169954494995 2459269.6712069754 201.56587199075148 11.199203990399837 4.0 18.0 1.0 7972806.1422959985 781697.4800869619 1.2920454545454545
59269.17125079 2459269.672503302 203.43253679922782 13.065868798876181 4.0 18.0 0.0 7969287.127026639 781334.4683590325 1.2920454545454545
59269.17254708501 2459269.6737996275 205.29920160770416 14.932533607352525 4.0 18.0 1.0 7971146.032920954 781554.6108836927 1.2920454545454545
59269.173843380006 2459269.6750959507 207.16586640570313 16.79919840535149 4.0 18.0 0.0 7971403.354957508 781534.9634630106 1.2920454545454545
59269.175139679995 2459269.676392278 209.03253839118406 18.665870390832424 4.0 18.0 1.0 7974003.99696644 781812.8317418188 1.2920454545454545
59269.176435974994 2459269.677688598 210.89920318918303 20.53253518883139 4.0 18.0 0.0 7972065.875340418 781605.1242686666 1.2920454545454545
59269.17773227 2459269.6789849172 212.76586799765937 22.399199997307733 4.0 18.0 1.0 7973458.587535824 781756.0481245666 1.2920454545454545
59269.17902857 2459269.6802812396 214.63253999361768 24.265871993266046 4.0 18.0 0.0 7972180.631701162 781610.9031328548 1.2920454545454545
59269.180324864996 2459269.681577555 216.49920479161665 26.13253679126501 4.0 18.0 1.0 7974961.083302137 781941.9221328996 1.2920454545454545
59269.181621159994 2459269.6828738684 218.3658695896156 27.999201589263976 4.0 18.0 0.0 7971119.345645027 781505.4143875263 1.2920454545454545
59269.18291745499 2459269.6841701805 220.23253438761458 29.86586638726294 4.0 18.0 1.0 7975357.596174477 781975.9151096869 1.2920454545454545
59269.18421375 2459269.685466491 222.09919919609092 31.732531195739284 4.0 18.0 0.0 7970706.638617908 781463.543281607 1.2920454545454545
59269.185510049996 2459269.686762805 223.96587119204924 33.5992031916976 4.0 18.0 1.0 7974621.061872877 781844.1207407995 1.2920454545454545
59269.186806344995 2459269.6880591125 225.8325359900482 35.46586798969656 4.0 18.0 0.0 7972422.080389977 781630.1903886914 1.2920454545454545
59269.18810264 2459269.6893554195 227.69920079852454 37.332532798172906 4.0 18.0 1.0 7978463.162760371 782253.362243058 1.2920454545454545
59269.18939894 2459269.6906517297 229.56587279448286 39.19920479413122 4.0 18.0 0.0 7977370.116915494 782102.0096523925 1.2920454545454545
59269.190695235 2459269.6919480343 231.43253759248182 41.065869592130184 4.0 18.0 1.0 7979675.510730281 782372.5721390216 1.2920454545454545
59269.191991529995 2459269.6932443385 233.2992023904808 42.93253439012915 4.0 18.0 0.0 7977760.931972969 782142.3253863394 1.2920454545454545
59269.19328782499 2459269.694540642 235.16586718847975 44.799199188128114 4.0 18.0 1.0 7980303.243153546 782427.5615386368 1.2920454545454545
59269.194584125 2459269.6958369506 237.03253919491544 46.665871194563806 4.0 18.0 0.0 7977050.968700314 782075.2451015959 1.2920454545454545
59269.19588042 2459269.697133254 238.8992039929144 48.53253599256277 4.0 18.0 1.0 7981015.644516597 782497.8921241962 1.2920454545454545
59269.229584125 2459269.7308375677 287.4325391999446 1.865872802445665 4.0 19.0 0.0 7960869.681682411 780527.9211943141 1.2920454545454545
59269.23088042 2459269.732133899 289.29920399794355 3.73253760044463 4.0 19.0 1.0 7969247.728669775 781359.4311961326 1.2920454545454545
59269.232176715 2459269.7334302287 291.1658687959425 5.599202398443595 4.0 19.0 0.0 7968502.668789488 781261.805616243 1.2920454545454545
59269.23347301 2459269.7347265584 293.0325335939415 7.465867196442559 4.0 19.0 1.0 7972520.49163811 781673.0728510445 1.2920454545454545
59269.23476931 2459269.736022892 294.8992056003772 9.332539202878252 4.0 19.0 0.0 7970737.809226518 781467.1576976748 1.2920454545454545
59269.236065605 2459269.73731922 296.76587039837614 11.199204000877216 4.0 19.0 1.0 7975934.438285546 782022.3446211967 1.2920454545454545
59269.2373619 2459269.7386155464 298.6325351963751 13.065868798876181 4.0 19.0 0.0 7973030.561803325 781695.7194851176 1.2920454545454545
59269.238658195 2459269.7399118715 300.49919999437407 14.932533596875146 4.0 19.0 1.0 7974392.456288913 781829.2456199169 1.2920454545454545
59269.239954495 2459269.7412082 302.36587200080976 16.79920560331084 4.0 19.0 0.0 7974958.577381526 781877.9627981497 1.2920454545454545
59269.24125079 2459269.742504522 304.2325367988087 18.665870401309803 4.0 19.0 1.0 7976675.77196644 782067.8794013945 1.2920454545454545
59269.242547085 2459269.7438008427 306.0992015968077 20.532535199308768 4.0 19.0 0.0 7974021.30523723 781787.7736484507 1.2920454545454545
59269.24384338 2459269.7450971613 307.96586639480665 22.399199997307733 4.0 19.0 1.0 7977421.794152158 782138.4572079928 1.2920454545454545
59269.24513968 2459269.7463934836 309.83253840124235 24.265872003743425 4.0 19.0 0.0 7976126.184886943 781986.2997797278 1.2920454545454545
59269.246435975 2459269.747689799 311.6992031992413 26.13253680174239 4.0 19.0 1.0 7977649.006435371 782182.1736836634 1.2920454545454545
59269.24773227 2459269.748986113 313.5658679972403 27.999201599741355 4.0 19.0 0.0 7974231.080337474 781802.637897516 1.2920454545454545
59269.249028570004 2459269.7502824296 315.43254000367597 29.865873606177047 4.0 19.0 1.0 7977679.828413193 782159.3459251546 1.2920454545454545
59269.250324865 2459269.7515787403 317.29920480167493 31.73253840417601 4.0 19.0 0.0 7973957.642973943 781778.0665084535 1.2920454545454545
59269.25162116 2459269.7528750496 319.1658695996739 33.59920320217498 4.0 19.0 1.0 7978717.7714520665 782259.7831782048 1.2920454545454545
59269.252917455 2459269.754171357 321.03253439767286 35.46586800017394 4.0 19.0 0.0 7973581.180901535 781738.6031095686 1.2920454545454545
59269.25421375 2459269.7554676635 322.8991991956718 37.332532798172906 4.0 19.0 1.0 7976352.927619656 782030.4882351942 1.2920454545454545
59269.25551005 2459269.756763974 324.7658712021075 39.1992048046086 4.0 19.0 0.0 7975720.108440159 781940.4295584833 1.2920454545454545
59269.256806345 2459269.7580602793 326.6325360001065 41.06586960260756 4.0 19.0 1.0 7977725.316296288 782164.7820325729 1.2920454545454545
59269.25810264 2459269.759356583 328.49920079810545 42.93253440060653 4.0 19.0 0.0 7974257.941163661 781803.1672973112 1.2920454545454545
59269.259398940005 2459269.760652892 330.36587280454114 44.79920640704222 4.0 19.0 1.0 7975749.083244673 781971.0137280801 1.2920454545454545
59269.260695235 2459269.761949195 332.2325376025401 46.665871205041185 4.0 19.0 0.0 7974519.186388172 781828.5065587586 1.2920454545454545
59269.26199153 2459269.7632454988 334.09920240053907 48.53253600304015 4.0 19.0 1.0 7977457.664112104 782137.2426495906 1.2920454545454545
