# %ECSV 0.9
# ---
# datatype:
# - {name: t_mjd, datatype: float64}
# - {name: t_bjd, datatype: float64}
# - {name: t_visit, datatype: float64}
# - {name: t_orbit, datatype: float64}
# - {name: ivisit, datatype: float64}
# - {name: iorbit, datatype: float64}
# - {name: scan, datatype: float64}
# - {name: spec_opt, datatype: float64}
# - {name: var_opt, datatype: float64}
# - {name: wave, datatype: float64}
# schema: astropy-2.0
t_mjd t_bjd t_visit t_orbit ivisit iorbit scan spec_opt var_opt wave
58888.252084215 2458888.753034453 1.8658655940089375 1.8658655940089375 0.0 0.0 0.0 7377675.168881503 724536.8714405287 1.530681818181818
58888.253380509996 2458888.7543307883 3.7325303920079023 3.7325303920079023 0.0 0.0 1.0 7418915.957899601 728525.0739838517 1.530681818181818
58888.25467699 2458888.755627308 5.5994615983217955 5.5994615983217955 0.0 0.0 0.0 7433630.326055612 729918.9566436147 1.530681818181818
58888.255973105 2458888.756923462 7.465867196442559 7.465867196442559 0.0 0.0 1.0 7447601.881279913 731316.6746910651 1.530681818181818
58888.2572694 2458888.7582197953 9.332531994441524 9.332531994441524 0.0 0.0 0.0 7457294.250771069 732191.701089205 1.530681818181818
58888.258565694996 2458888.7595161274 11.199196792440489 11.199196792440489 0.0 0.0 1.0 7464036.720065926 732893.8134563598 1.530681818181818
58888.259861989995 2458888.7608124586 13.065861590439454 13.065861590439454 0.0 0.0 0.0 7470437.723425537 733454.9706856931 1.530681818181818
58888.261158285 2458888.7621087884 14.932526398915797 14.932526398915797 0.0 0.0 1.0 7475123.882289192 733926.9055064897 1.530681818181818
58888.262454585 2458888.763405122 16.79919839487411 16.79919839487411 0.0 0.0 0.0 7479116.0768118 734286.4631967538 1.530681818181818
58888.263750879996 2458888.7647014484 18.665863192873076 18.665863192873076 0.0 0.0 1.0 7478759.4963713465 734277.3484093118 1.530681818181818
58888.265047175 2458888.765997773 20.53252800134942 20.53252800134942 0.0 0.0 0.0 7485077.4036108 734857.1452773693 1.530681818181818
58888.266343475 2458888.7672941014 22.399199997307733 22.399199997307733 0.0 0.0 1.0 7484804.31691022 734854.0109399831 1.530681818181818
58888.26763977 2458888.7685904233 24.265864795306697 24.265864795306697 0.0 0.0 0.0 7488830.417342652 735216.0636353848 1.530681818181818
58888.268936065 2458888.7698867433 26.132529593305662 26.132529593305662 0.0 0.0 1.0 7489036.118784368 735290.2781877891 1.530681818181818
58888.270232359995 2458888.7711830614 27.999194391304627 27.999194391304627 0.0 0.0 0.0 7491358.617410485 735454.917064079 1.530681818181818
58888.27152866 2458888.772479383 29.86586639774032 29.86586639774032 0.0 0.0 1.0 7490272.992151352 735384.5608981107 1.530681818181818
58888.272824955 2458888.773775698 31.732531195739284 31.732531195739284 0.0 0.0 0.0 7493718.33285476 735679.7216675874 1.530681818181818
58888.274121434995 2458888.7750721965 33.5994623915758 33.5994623915758 0.0 0.0 1.0 7490019.8307957 735389.1647848571 1.530681818181818
58888.275417545 2458888.776368324 35.46586080221459 35.46586080221459 0.0 0.0 0.0 7493952.052085117 735707.7846433832 1.530681818181818
58888.276713845 2458888.77766464 37.332532798172906 37.332532798172906 0.0 0.0 1.0 7489859.5569980955 735341.7077648801 1.530681818181818
58888.27801014 2458888.7789609507 39.19919759617187 39.19919759617187 0.0 0.0 0.0 7494657.832825151 735779.0215947881 1.530681818181818
58888.279306435 2458888.78025726 41.065862394170836 41.065862394170836 0.0 0.0 1.0 7493184.098253919 735689.2821165501 1.530681818181818
58888.280602735 2458888.7815535734 42.93253440060653 42.93253440060653 0.0 0.0 0.0 7496903.934119516 735993.2707916417 1.530681818181818
58888.28189903 2458888.782849882 44.79919919860549 44.79919919860549 0.0 0.0 1.0 7491371.390751675 735487.4029312924 1.530681818181818
58888.283195325 2458888.78414619 46.66586399660446 46.66586399660446 0.0 0.0 0.0 7495740.545794103 735878.0338165201 1.530681818181818
58888.28449162 2458888.7854424976 48.53252879460342 48.53252879460342 0.0 0.0 1.0 7493636.475957307 735733.5417017988 1.530681818181818
58888.318183845 2458888.8191354494 97.04933279310353 1.866132002323866 0.0 1.0 0.0 7480521.6961857425 734422.8068259995 1.530681818181818
58888.319480139995 2458888.8204317843 98.9159975911025 3.7327968003228307 0.0 1.0 1.0 7485008.023770902 734911.7438725439 1.530681818181818
58888.320776435 2458888.821728119 100.78266239957884 5.599461608799174 0.0 1.0 0.0 7489869.139299371 735323.9229920835 1.530681818181818
58888.322072735 2458888.8230244583 102.64933439553715 7.466133604757488 0.0 1.0 1.0 7488429.911189418 735235.6029829055 1.530681818181818
58888.32336903 2458888.8243207913 104.51599919353612 9.332798402756453 0.0 1.0 0.0 7492181.349005346 735542.3934880483 1.530681818181818
58888.324665325 2458888.825617124 106.38266400201246 11.199463211232796 0.0 1.0 1.0 7489551.484864869 735348.1033414515 1.530681818181818
58888.32596162 2458888.826913455 108.24932880001143 13.066128009231761 0.0 1.0 0.0 7491733.867238428 735505.3704016182 1.530681818181818
58888.32725773 2458888.8282095995 110.11572720017284 14.932526409393176 0.0 1.0 1.0 7493500.855073687 735724.1813321803 1.530681818181818
58888.328554215 2458888.8295061174 111.9826655939687 16.79946480318904 0.0 1.0 0.0 7493159.161003671 735638.1135734617 1.530681818181818
58888.329850509996 2458888.830802444 113.84933039196767 18.666129601188004 0.0 1.0 1.0 7491086.390600887 735491.5500124318 1.530681818181818
58888.331146805 2458888.8320987695 115.71599520044401 20.532794409664348 0.0 1.0 0.0 7495850.459662935 735897.329736896 1.530681818181818
58888.332443105 2458888.833395098 117.58266719640233 22.39946640562266 0.0 1.0 1.0 7491482.322302973 735500.7736866866 1.530681818181818
58888.3337394 2458888.8346914193 119.44933199440129 24.266131203621626 0.0 1.0 0.0 7495734.822719239 735884.1089573345 1.530681818181818
58888.335035694996 2458888.8359877393 121.31599679240026 26.13279600162059 0.0 1.0 1.0 7492883.00034697 735666.5211460079 1.530681818181818
58888.336331989995 2458888.837284058 123.18266159039922 27.999460799619555 0.0 1.0 0.0 7495141.332054469 735820.832667141 1.530681818181818
58888.337628099995 2458888.8385801897 125.04905999056064 29.86585919978097 0.0 1.0 1.0 7491646.344327136 735520.0619761884 1.530681818181818
58888.338924585 2458888.8398766946 126.91599839483388 31.732797604054213 0.0 1.0 0.0 7496453.29466856 735947.4693715185 1.530681818181818
58888.340220879996 2458888.841173008 128.78266319283284 33.59946240205318 0.0 1.0 1.0 7494061.971604033 735772.3694418898 1.530681818181818
58888.341517175 2458888.842469321 130.6493280013092 35.46612721052952 0.0 1.0 0.0 7495521.213763797 735862.884737435 1.530681818181818
58888.34281329 2458888.8437654525 132.51573359942995 37.332532808650285 0.0 1.0 1.0 7492646.923774995 735610.3889503072 1.530681818181818
58888.34410977 2458888.845061947 134.38266479526646 39.1994640044868 0.0 1.0 0.0 7495543.8724374 735859.0035050609 1.530681818181818
58888.345406065 2458888.8463582564 136.24932959326543 41.066128802485764 0.0 1.0 1.0 7490683.052961194 735418.6876051372 1.530681818181818
58888.346702359995 2458888.8476545657 138.1159943912644 42.93279360048473 0.0 1.0 0.0 7496756.403891744 735976.2819777335 1.530681818181818
58888.34799866 2458888.8489508787 139.9826663977001 44.79946560692042 0.0 1.0 1.0 7492186.89721572 735592.8112267925 1.530681818181818
58888.349294955 2458888.8502471866 141.84933119569905 46.666130404919386 0.0 1.0 0.0 7495121.168383421 735821.2724241652 1.530681818181818
58888.35059125 2458888.8515434945 143.71599599369802 48.53279520291835 0.0 1.0 1.0 7492011.1012392705 735575.0346710157 1.530681818181818
58888.384294955 2458888.8852479253 192.2493312007282 1.866132002323866 0.0 2.0 0.0 7475547.785764153 733937.9345093322 1.530681818181818
58888.38559125 2458888.8865442607 194.11599599872716 3.7327968003228307 0.0 2.0 1.0 7477230.873264808 734162.8331909804 1.530681818181818
58888.38688736 2458888.88784041 195.98239439888857 5.599195200484246 0.0 2.0 0.0 7482663.506394505 734627.6868300992 1.530681818181818
58888.388183845 2458888.8891369347 197.84933280316181 7.466133604757488 0.0 2.0 1.0 7480085.845236754 734438.3351807103 1.530681818181818
58888.389479955 2458888.890433083 199.71573120332323 9.332532004918903 0.0 2.0 0.0 7483829.443502838 734740.6926784208 1.530681818181818
58888.390776435 2458888.8917295993 201.58266239915974 11.199463200755417 0.0 2.0 1.0 7482774.047967636 734693.6177501855 1.530681818181818
58888.392072735 2458888.8930259356 203.44933439511806 13.06613519671373 0.0 2.0 0.0 7485637.788671678 734911.1534295192 1.530681818181818
58888.393369030004 2458888.8943222654 205.3159992035944 14.932800005190074 0.0 2.0 1.0 7484064.816012679 734817.0614746017 1.530681818181818
58888.394665325 2458888.8956185933 207.18266400159337 16.79946480318904 0.0 2.0 0.0 7485483.210347829 734900.9798820884 1.530681818181818
58888.39596162 2458888.89691492 209.04932879959233 18.666129601188004 0.0 2.0 1.0 7484180.956145489 734827.0573518978 1.530681818181818
58888.397257915 2458888.898211245 210.9159935975913 20.53279439918697 0.0 2.0 0.0 7486157.355182812 734963.4091986315 1.530681818181818
58888.398554215004 2458888.899507574 212.782665604027 22.39946640562266 0.0 2.0 1.0 7482560.480214488 734670.2761156065 1.530681818181818
58888.39985051 2458888.900803895 214.64933040202595 24.266131203621626 0.0 2.0 0.0 7487488.907943376 735087.3551207919 1.530681818181818
58888.401146805 2458888.902100215 216.51599520002492 26.13279600162059 0.0 2.0 1.0 7485692.463461511 734970.2327588596 1.530681818181818
58888.402443105 2458888.9033965385 218.38266719598323 27.999467997578904 0.0 2.0 0.0 7487206.196036818 735054.9231573546 1.530681818181818
58888.403739400004 2458888.9046928557 220.24933200445957 29.866132806055248 0.0 2.0 1.0 7484251.820907551 734830.1659334305 1.530681818181818
58888.405035695 2458888.9059891705 222.11599680245854 31.732797604054213 0.0 2.0 0.0 7487486.666490871 735086.0196672304 1.530681818181818
58888.40633199 2458888.9072854845 223.9826616004575 33.59946240205318 0.0 2.0 1.0 7483603.700507564 734767.8297250788 1.530681818181818
58888.407628285 2458888.9085817966 225.84932639845647 35.46612720005214 0.0 2.0 0.0 7488601.609743033 735198.1973392859 1.530681818181818
58888.408924585 2458888.9098781133 227.71599839441478 37.332799196010455 0.0 2.0 1.0 7484331.974060659 734837.7365019465 1.530681818181818
58888.41022088 2458888.9111744235 229.58266320289113 39.1994640044868 0.0 2.0 0.0 7489825.918707056 735309.2365305845 1.530681818181818
58888.411517175 2458888.912470733 231.4493280008901 41.066128802485764 0.0 2.0 1.0 7486356.128179419 735031.5963342006 1.530681818181818
58888.412813475 2458888.9137670468 233.3159999968484 42.93280079844408 0.0 2.0 0.0 7491816.417635399 735499.6916404252 1.530681818181818
58888.414109770005 2458888.9150633556 235.18266480532475 44.79946560692042 0.0 2.0 1.0 7490023.401168562 735384.8684573915 1.530681818181818
58888.415406065 2458888.9163596635 237.0493296033237 46.666130404919386 0.0 2.0 0.0 7490951.956880866 735416.7126761853 1.530681818181818
58888.41670236 2458888.9176559714 238.91599440132268 48.53279520291835 0.0 2.0 1.0 7489076.174691308 735292.5124287908 1.530681818181818
58888.450417545 2458888.951371881 287.46586079592817 1.8658656044863164 0.0 3.0 0.0 7478172.507676038 734223.6247017016 1.530681818181818
58888.451713845 2458888.952668221 289.33253280236386 3.7325376109220088 0.0 3.0 1.0 7480384.537717413 734466.1505174384 1.530681818181818
58888.45301014 2458888.9539645556 291.1991976003628 5.5992024089209735 0.0 3.0 0.0 7484590.109037266 734810.0012646156 1.530681818181818
58888.454306435 2458888.9552608896 293.0658623983618 7.465867206919938 0.0 3.0 1.0 7482914.416397799 734710.5241194713 1.530681818181818
58888.455602735 2458888.9565572278 294.9325343943201 9.332539202878252 0.0 3.0 0.0 7487750.479329594 735117.3059507022 1.530681818181818
58888.45689903 2458888.95785356 296.79919920279644 11.199204011354595 0.0 3.0 1.0 7485234.85508896 734931.5835181591 1.530681818181818
58888.458195325 2458888.959149891 298.6658640007954 13.06586880935356 0.0 3.0 0.0 7488483.570193777 735183.6163691139 1.530681818181818
58888.45949162 2458888.9604462204 300.5325287987944 14.932533607352525 0.0 3.0 1.0 7486475.968234914 735050.8874815454 1.530681818181818
58888.460787915 2458888.9617425487 302.39919359679334 16.79919840535149 0.0 3.0 0.0 7488323.734298029 735171.0825150143 1.530681818181818
58888.462084215 2458888.9630388804 304.26586560322903 18.665870411787182 0.0 3.0 1.0 7485976.86788247 735001.7540859596 1.530681818181818
58888.46338051 2458888.964335205 306.132530401228 20.532535209786147 0.0 3.0 0.0 7491474.963665422 735469.7552353592 1.530681818181818
58888.464676805 2458888.9656315283 307.99919519922696 22.39920000778511 0.0 3.0 1.0 7484715.096928083 734876.542661979 1.530681818181818
58888.465973105 2458888.9669278553 309.8658671951853 24.265872003743425 0.0 3.0 0.0 7488522.632233552 735183.4394818104 1.530681818181818
58888.467269400004 2458888.9682241757 311.7325320036616 26.13253681221977 0.0 3.0 1.0 7486315.071950796 735002.1719641387 1.530681818181818
58888.46856588 2458888.9695206787 313.59946319949813 27.999468008056283 0.0 3.0 0.0 7491024.450733973 735425.1784371767 1.530681818181818
58888.46986199 2458888.9708168106 315.46586159965955 29.8658664082177 0.0 3.0 1.0 7487081.2506293915 735102.6281433055 1.530681818181818
58888.471158285 2458888.972113126 317.3325263976585 31.732531206216663 0.0 3.0 0.0 7490354.3125720285 735361.2992832941 1.530681818181818
58888.472454585004 2458888.973409445 319.1991984040942 33.599203212652355 0.0 3.0 1.0 7485726.271235758 734977.3355339898 1.530681818181818
58888.47375088 2458888.974705757 321.06586320209317 35.46586801065132 0.0 3.0 0.0 7491031.224787609 735424.8724059284 1.530681818181818
58888.475047175 2458888.9760020687 322.93252800009213 37.332532808650285 0.0 3.0 1.0 7485843.498229001 734983.2027135906 1.530681818181818
58888.476343475 2458888.977298384 324.79919999605045 39.1992048046086 0.0 3.0 0.0 7489532.867411585 735276.2134747996 1.530681818181818
58888.477639770004 2458888.978594694 326.6658648045268 41.06586961308494 0.0 3.0 1.0 7486679.793790593 735065.1275241077 1.530681818181818
58888.478936065 2458888.9798910026 328.53252960252576 42.93253441108391 0.0 3.0 0.0 7490047.499985304 735329.3286200194 1.530681818181818
58888.48023236 2458888.981187311 330.3991944005247 44.79919920908287 0.0 3.0 1.0 7485575.609187984 734956.3312124846 1.530681818181818
58888.48152866 2458888.982483624 332.26586639648303 46.665871205041185 0.0 3.0 0.0 7487346.745063275 735072.4055673772 1.530681818181818
58888.482824955 2458888.9837799324 334.132531194482 48.53253600304015 0.0 3.0 1.0 7487056.626011472 735098.9391469656 1.530681818181818
58946.83767614 2458947.3393639354 1.8658656044863164 1.8658656044863164 1.0 4.0 0.0 7434362.296868038 730000.730064314 1.530681818181818
58946.838972435 2458947.3406602414 3.7325304024852812 3.7325304024852812 1.0 4.0 1.0 7458981.401495306 732396.0603865342 1.530681818181818
58946.84026873 2458947.3419565475 5.599195200484246 5.599195200484246 1.0 4.0 0.0 7471497.541305265 733571.587265953 1.530681818181818
58946.84156503 2458947.3432528577 7.465867206919938 7.465867206919938 1.0 4.0 1.0 7479582.7612814205 734376.4464498576 1.530681818181818
58946.842861325 2458947.3445491623 9.332532004918903 9.332532004918903 1.0 4.0 0.0 7484733.0546888355 734844.5480223885 1.530681818181818
58946.84415762 2458947.3458454665 11.199196802917868 11.199196802917868 1.0 4.0 1.0 7490543.740885571 735427.9480580935 1.530681818181818
58946.84545392 2458947.3471417744 13.06586880935356 13.06586880935356 1.0 4.0 0.0 7493807.747410575 735713.7328920081 1.530681818181818
58946.846750215 2458947.348438077 14.932533607352525 14.932533607352525 1.0 4.0 1.0 7496650.06264752 736016.3049299701 1.530681818181818
58946.84804651 2458947.3497343785 16.79919840535149 16.79919840535149 1.0 4.0 0.0 7499909.681417441 736295.4844260992 1.530681818181818
58946.849342805 2458947.3510306785 18.665863203350455 18.665863203350455 1.0 4.0 1.0 7499608.165974414 736302.235698026 1.530681818181818
58946.8506391 2458947.3523269785 20.53252800134942 20.53252800134942 1.0 4.0 0.0 7501678.169831 736463.2281521286 1.530681818181818
58946.8519354 2458947.3536232817 22.39920000778511 22.39920000778511 1.0 4.0 1.0 7502394.440996055 736566.4714432046 1.530681818181818
58946.853231695 2458947.354919579 24.265864805784076 24.265864805784076 1.0 4.0 0.0 7506923.259504972 736966.2662453637 1.530681818181818
58946.85452799 2458947.356215875 26.13252960378304 26.13252960378304 1.0 4.0 1.0 7504259.18136978 736741.2639133913 1.530681818181818
58946.85582429 2458947.3575121756 27.999201610218734 27.999201610218734 1.0 4.0 0.0 7505767.480709163 736857.9601949039 1.530681818181818
58946.857120585 2458947.35880847 29.8658664082177 29.8658664082177 1.0 4.0 1.0 7505365.185055021 736847.2576329757 1.530681818181818
58946.85841688 2458947.3601047634 31.732531206216663 31.732531206216663 1.0 4.0 0.0 7507960.908453541 737076.10179275 1.530681818181818
58946.859713175 2458947.361401056 33.59919600421563 33.59919600421563 1.0 4.0 1.0 7508174.629682632 737125.2905719576 1.530681818181818
58946.861009475004 2458947.3626973527 35.46586801065132 35.46586801065132 1.0 4.0 0.0 7508817.229777508 737155.2195179587 1.530681818181818
58946.86230577 2458947.3639936442 37.332532808650285 37.332532808650285 1.0 4.0 1.0 7508744.361747145 737180.586448513 1.530681818181818
58946.863602065 2458947.3652899344 39.19919760664925 39.19919760664925 1.0 4.0 0.0 7510348.432726947 737299.5146178199 1.530681818181818
58946.86489836 2458947.3665862246 41.065862404648215 41.065862404648215 1.0 4.0 1.0 7506574.2485664515 736965.0996343031 1.530681818181818
58946.866194660004 2458947.3678825195 42.93253441108391 42.93253441108391 1.0 4.0 0.0 7509260.267855099 737193.9811270818 1.530681818181818
58946.867490955 2458947.3691788097 44.79919920908287 44.79919920908287 1.0 4.0 1.0 7508964.223397052 737194.2189416237 1.530681818181818
58946.86878725 2458947.370475099 46.66586400708184 46.66586400708184 1.0 4.0 0.0 7511246.662517305 737381.5250888021 1.530681818181818
58946.870083545 2458947.3717713887 48.5325288050808 48.5325288050808 1.0 4.0 1.0 7506430.737285628 736945.3039692246 1.530681818181818
58946.900754845 2458947.4024427715 92.69920080900192 1.8658656044863164 1.0 5.0 0.0 7499931.366503651 736303.9936429434 1.530681818181818
58946.90205114 2458947.4037390784 94.56586560700089 3.7325304024852812 1.0 5.0 1.0 7502135.495681214 736546.7933059819 1.530681818181818
58946.903347435 2458947.4050353845 96.43253040499985 5.599195200484246 1.0 5.0 0.0 7507254.2041305415 737009.5292027508 1.530681818181818
58946.904643735004 2458947.4063316956 98.29920241143554 7.465867206919938 1.0 5.0 1.0 7507329.731996431 737048.2894787339 1.530681818181818
58946.90594003 2458947.4076280016 100.16586720943451 9.332532004918903 1.0 5.0 0.0 7507029.033710343 736985.5118270658 1.530681818181818
58946.907236325 2458947.408924307 102.03253200743347 11.199196802917868 1.0 5.0 1.0 7507144.834444901 737028.5323628231 1.530681818181818
58946.90853262 2458947.410220612 103.89919680543244 13.065861600916833 1.0 5.0 0.0 7510384.374245817 737308.0411454065 1.530681818181818
58946.909828915 2458947.411516916 105.7658616034314 14.932526398915797 1.0 5.0 1.0 7507339.157401814 737049.1466312386 1.530681818181818
58946.911125215 2458947.4128132244 107.6325336098671 16.79919840535149 1.0 5.0 0.0 7512290.535297753 737492.2832516506 1.530681818181818
58946.91242151 2458947.414109527 109.49919840786606 18.665863203350455 1.0 5.0 1.0 7508964.350008964 737203.76579502 1.530681818181818
58946.913717805 2458947.415405829 111.36586320586503 20.53252800134942 1.0 5.0 0.0 7513160.05412408 737573.696894546 1.530681818181818
58946.915014105 2458947.4167021345 113.23253520182334 22.399199997307733 1.0 5.0 1.0 7509885.904839722 737291.0089008035 1.530681818181818
58946.9163104 2458947.417998434 115.09920001029968 24.265864805784076 1.0 5.0 0.0 7512297.879938533 737487.5926700773 1.530681818181818
58946.917606695 2458947.419294733 116.96586480829865 26.13252960378304 1.0 5.0 1.0 7508296.201549958 737134.3233041441 1.530681818181818
58946.91890299 2458947.4205910307 118.83252960629761 27.999194401782006 1.0 5.0 0.0 7512674.963083983 737519.2052248922 1.530681818181818
58946.920199285 2458947.421887327 120.69919440429658 29.86585919978097 1.0 5.0 1.0 7509310.346558339 737234.4549780573 1.530681818181818
58946.921495585004 2458947.4231836274 122.56586641073227 31.732531206216663 1.0 5.0 0.0 7514563.670578357 737702.0796270863 1.530681818181818
58946.92279188 2458947.4244799227 124.43253120873123 33.59919600421563 1.0 5.0 1.0 7510378.3572867755 737332.9647153892 1.530681818181818
58946.924088175 2458947.425776216 126.2991960067302 35.46586080221459 1.0 5.0 0.0 7513709.386378199 737623.3835325949 1.530681818181818
58946.925384475 2458947.427072514 128.1658680026885 37.332532798172906 1.0 5.0 1.0 7509294.010350924 737228.8685466478 1.530681818181818
58946.926680770004 2458947.428368806 130.03253281116486 39.19919760664925 1.0 5.0 0.0 7511896.808577296 737451.828492898 1.530681818181818
58946.927977065 2458947.4296650975 131.89919760916382 41.065862404648215 1.0 5.0 1.0 7509817.116777611 737281.8726793668 1.530681818181818
58946.92927336 2458947.4309613886 133.76586240716279 42.93252720264718 1.0 5.0 0.0 7511413.822823606 737401.4267486405 1.530681818181818
58946.930569660006 2458947.432257684 135.63253441359848 44.79919920908287 1.0 5.0 1.0 7508172.652521696 737127.312028886 1.530681818181818
58946.931865955004 2458947.4335539737 137.49919921159744 46.66586400708184 1.0 5.0 0.0 7510251.894027976 737295.8261934861 1.530681818181818
58946.93316225 2458947.434850264 139.3658640095964 48.5325288050808 1.0 5.0 1.0 7509518.481656709 737251.0428836168 1.530681818181818
58946.966831325 2458947.4685194087 187.84933200571686 1.865872791968286 1.0 6.0 0.0 7492249.213469175 735563.8475073397 1.530681818181818
58946.96812762 2458947.4698157148 189.71599680371583 3.732537589967251 1.0 6.0 1.0 7496422.113131359 735998.4460970699 1.530681818181818
58946.96942392 2458947.471112026 191.58266881015152 5.599209596402943 1.0 6.0 0.0 7499262.133173705 736241.1717634827 1.530681818181818
58946.970720215 2458947.472408332 193.44933360815048 7.465874394401908 1.0 6.0 1.0 7496389.908034598 735997.1225527658 1.530681818181818
58946.97201651 2458947.473704638 195.31599840614945 9.332539192400873 1.0 6.0 0.0 7501339.537842112 736441.2566219678 1.530681818181818
58946.973312805 2458947.475000943 197.1826632041484 11.199203990399837 1.0 6.0 1.0 7497856.513759067 736135.6244364098 1.530681818181818
58946.9746091 2458947.4762972477 199.04932800214738 13.065868788398802 1.0 6.0 0.0 7501795.350608509 736481.9978107428 1.530681818181818
58946.9759054 2458947.477593557 200.91600000858307 14.932540794834495 1.0 6.0 1.0 7499916.051631342 736330.7772418272 1.530681818181818
58946.977201695 2458947.4788898607 202.78266480658203 16.79920559283346 1.0 6.0 0.0 7504074.399111665 736699.34974773 1.530681818181818
58946.97849799 2458947.480186163 204.649329604581 18.665870390832424 1.0 6.0 1.0 7501390.9364669565 736470.8872125968 1.530681818181818
58946.979794290004 2458947.4814824695 206.5160016110167 20.532542397268116 1.0 6.0 0.0 7504065.247470101 736696.2232494466 1.530681818181818
58946.981090585 2458947.48277877 208.38266640901566 22.39920719526708 1.0 6.0 1.0 7500435.250982629 736384.8039547406 1.530681818181818
58946.98238688 2458947.48407507 210.24933120701462 24.265871993266046 1.0 6.0 0.0 7505040.273758343 736792.69827156 1.530681818181818
58946.983683175 2458947.4853713685 212.11599600501359 26.13253679126501 1.0 6.0 1.0 7501086.419058715 736418.4849572512 1.530681818181818
58946.984979475004 2458947.4866676712 213.98266801144928 27.999208797700703 1.0 6.0 0.0 7506378.945945954 736914.9219984255 1.530681818181818
58946.98627577 2458947.4879639675 215.84933280944824 29.865873595699668 1.0 6.0 1.0 7503823.088571452 736699.783157115 1.530681818181818
58946.987572065 2458947.4892602633 217.7159976074472 31.732538393698633 1.0 6.0 0.0 7505254.420416404 736807.5864301431 1.530681818181818
58946.98886836 2458947.490556558 219.58266240544617 33.5992031916976 1.0 6.0 1.0 7506243.956648864 736935.2853186032 1.530681818181818
58946.990164660005 2458947.4918528567 221.44933441188186 35.46587519813329 1.0 6.0 0.0 7506576.359641493 736934.6301996814 1.530681818181818
58946.991460955 2458947.4931491497 223.31599920988083 37.332539996132255 1.0 6.0 1.0 7502308.181542392 736557.8869024455 1.530681818181818
58946.99275725 2458947.4944454418 225.1826640078798 39.19920479413122 1.0 6.0 0.0 7510407.800036298 737301.9981535657 1.530681818181818
58946.994053545 2458947.4957417333 227.04932880587876 41.065869592130184 1.0 6.0 1.0 7508079.610989082 737115.1819489417 1.530681818181818
58946.995349845005 2458947.497038029 228.91600081231445 42.93254159856588 1.0 6.0 0.0 7510082.769216252 737272.6239366396 1.530681818181818
58946.99664614 2458947.4983343193 230.78266561031342 44.79920639656484 1.0 6.0 1.0 7507387.037788235 737043.9149765851 1.530681818181818
58946.997942435 2458947.49963061 232.64933040831238 46.665871194563806 1.0 6.0 0.0 7510606.714563265 737325.6712399302 1.530681818181818
58946.99923873 2458947.5009268997 234.51599520631135 48.53253599256277 1.0 6.0 1.0 7508346.610841437 737137.3207411898 1.530681818181818
58947.03290762 2458947.5345958583 282.99919680459425 1.8658656044863164 1.0 7.0 0.0 7496188.979021742 735946.1543275228 1.530681818181818
58947.034203920004 2458947.5358921695 284.86586881102994 3.7325376109220088 1.0 7.0 1.0 7498695.215003556 736219.7646311525 1.530681818181818
58947.035500215 2458947.5371884755 286.7325336090289 5.5992024089209735 1.0 7.0 0.0 7501679.852553148 736473.3442914643 1.530681818181818
58947.03679651 2458947.538484782 288.59919840702787 7.465867206919938 1.0 7.0 1.0 7500437.259763511 736388.5791008013 1.530681818181818
58947.038092805 2458947.5397810875 290.46586320502684 9.332532004918903 1.0 7.0 0.0 7502548.350476179 736555.5450484196 1.530681818181818
58947.0393891 2458947.5410773926 292.3325280030258 11.199196802917868 1.0 7.0 1.0 7502443.254237354 736579.1105044245 1.530681818181818
58947.0406854 2458947.542373702 294.1992000094615 13.06586880935356 1.0 7.0 0.0 7506277.9589090785 736912.7998315677 1.530681818181818
58947.041981695 2458947.5436700066 296.06586480746046 14.932533607352525 1.0 7.0 1.0 7501522.825238814 736489.7352272933 1.530681818181818
58947.04327799 2458947.5449663093 297.9325296054594 16.79919840535149 1.0 7.0 0.0 7504934.537808792 736782.4514971244 1.530681818181818
58947.044574290005 2458947.5462626168 299.7992016118951 18.665870411787182 1.0 7.0 1.0 7503147.950334512 736643.7734552259 1.530681818181818
58947.045870585 2458947.5475589186 301.6658664098941 20.532535209786147 1.0 7.0 0.0 7506015.37054878 736887.6495998995 1.530681818181818
58947.04716688 2458947.5488552195 303.53253120789304 22.39920000778511 1.0 7.0 1.0 7502863.867910139 736612.9094458434 1.530681818181818
58947.048463175 2458947.550151519 305.399196005892 24.265864805784076 1.0 7.0 0.0 7506447.349433501 736925.3676871051 1.530681818181818
58947.049759475005 2458947.5514478222 307.2658680123277 26.13253681221977 1.0 7.0 1.0 7505069.357730385 736827.6101942954 1.530681818181818
58947.05105577 2458947.55274412 309.13253281032667 27.999201610218734 1.0 7.0 0.0 7505167.129785048 736806.9904845478 1.530681818181818
58947.052352065 2458947.5540404166 310.99919760832563 29.8658664082177 1.0 7.0 1.0 7503629.130239499 736690.7642056129 1.530681818181818
58947.05364836 2458947.5553367124 312.8658624063246 31.732531206216663 1.0 7.0 0.0 7506220.310332695 736906.1195520126 1.530681818181818
58947.054944660005 2458947.556633012 314.7325344127603 33.599203212652355 1.0 7.0 1.0 7502628.207498176 736584.0528475903 1.530681818181818
58947.056240955004 2458947.5579293054 316.59919921075925 35.46586801065132 1.0 7.0 0.0 7507953.323658116 737068.6578233287 1.530681818181818
58947.05753725 2458947.559225599 318.4658640087582 37.332532808650285 1.0 7.0 1.0 7505763.05901926 736886.7130313853 1.530681818181818
58947.058833545 2458947.560521891 320.3325288067572 39.19919760664925 1.0 7.0 0.0 7507598.996974662 737036.7822524721 1.530681818181818
58947.060129845006 2458947.5618181876 322.1992008131929 41.06586961308494 1.0 7.0 1.0 7504721.8164082635 736791.1869429455 1.530681818181818
58947.061426140004 2458947.5631144783 324.06586561119184 42.93253441108391 1.0 7.0 0.0 7507704.637888834 737047.4843262116 1.530681818181818
58947.062722435 2458947.564410769 325.9325304091908 44.79919920908287 1.0 7.0 1.0 7503132.744096334 736639.5513146062 1.530681818181818
58947.06401873 2458947.565707059 327.79919520718977 46.66586400708184 1.0 7.0 0.0 7508209.958523593 737093.8388546207 1.530681818181818
58947.065315030006 2458947.567003354 329.66586721362546 48.53253601351753 1.0 7.0 1.0 7503959.446012077 736719.4237724028 1.530681818181818
59120.318630155 2459120.8177504004 1.8658656044863164 1.8658656044863164 2.0 8.0 0.0 7454317.082078574 731926.6616017773 1.530681818181818
59120.319926455 2459120.819046701 3.73253760044463 3.73253760044463 2.0 8.0 1.0 7470138.240449269 733477.724556793 1.530681818181818
59120.321222750004 2459120.8203429957 5.5992024089209735 5.5992024089209735 2.0 8.0 0.0 7477128.209834421 734123.0741575062 1.530681818181818
59120.322519045 2459120.82163929 7.465867206919938 7.465867206919938 2.0 8.0 1.0 7486465.392660194 735042.7369543578 1.530681818181818
59120.32381534 2459120.822935584 9.332532004918903 9.332532004918903 2.0 8.0 0.0 7492334.508958228 735579.1191162586 1.530681818181818
59120.32511164 2459120.824231882 11.199204000877216 11.199204000877216 2.0 8.0 1.0 7496382.191924524 735995.6478484368 1.530681818181818
59120.326407935 2459120.8255281746 13.065868798876181 13.065868798876181 2.0 8.0 0.0 7498374.025231607 736157.7128681568 1.530681818181818
59120.32770423 2459120.8268244658 14.932533607352525 14.932533607352525 2.0 8.0 1.0 7505431.760533067 736865.3325695503 1.530681818181818
59120.329000525 2459120.8281207564 16.79919840535149 16.79919840535149 2.0 8.0 0.0 7504591.22187356 736757.4250826224 1.530681818181818
59120.330296825 2459120.829417051 18.665870401309803 18.665870401309803 2.0 8.0 1.0 7504547.173133849 736781.8006126597 1.530681818181818
59120.331593120005 2459120.830713339 20.532535209786147 20.532535209786147 2.0 8.0 0.0 7508108.809820227 737093.1887850318 1.530681818181818
59120.332889415 2459120.832009626 22.39920000778511 22.39920000778511 2.0 8.0 1.0 7507931.845897792 737110.2449464313 1.530681818181818
59120.334185715 2459120.833305917 24.265872003743425 24.265872003743425 2.0 8.0 0.0 7513543.134650154 737627.3757020282 1.530681818181818
59120.33548201 2459120.8346022028 26.13253680174239 26.13253680174239 2.0 8.0 1.0 7512165.824470225 737519.0623806621 1.530681818181818
59120.336778305 2459120.8358984864 27.999201599741355 27.999201599741355 2.0 8.0 0.0 7514234.409939752 737683.5952177504 1.530681818181818
59120.338074600004 2459120.837194769 29.8658664082177 29.8658664082177 2.0 8.0 1.0 7512991.0793200135 737596.044169137 1.530681818181818
59120.339370895 2459120.838491051 31.732531206216663 31.732531206216663 2.0 8.0 0.0 7516573.62276914 737911.2304635749 1.530681818181818
59120.340667195 2459120.839787337 33.59920320217498 33.59920320217498 2.0 8.0 1.0 7513758.63134329 737670.5467744078 1.530681818181818
59120.341963490006 2459120.841083617 35.46586801065132 35.46586801065132 2.0 8.0 0.0 7517318.488191202 737983.2205914689 1.530681818181818
59120.343259785004 2459120.842379896 37.332532808650285 37.332532808650285 2.0 8.0 1.0 7513339.749391359 737631.8734886972 1.530681818181818
59120.344556085 2459120.8436761796 39.1992048046086 39.1992048046086 2.0 8.0 0.0 7517659.56933303 738010.2147543939 1.530681818181818
59120.34585238 2459120.844972458 41.06586960260756 41.06586960260756 2.0 8.0 1.0 7514764.817128199 737759.1855251829 1.530681818181818
59120.347148675 2459120.846268736 42.93253440060653 42.93253440060653 2.0 8.0 0.0 7516809.756472402 737928.9618462641 1.530681818181818
59120.348444970004 2459120.847565013 44.79919920908287 44.79919920908287 2.0 8.0 1.0 7515318.677516908 737811.4707262437 1.530681818181818
59120.349741265 2459120.8488612906 46.66586400708184 46.66586400708184 2.0 8.0 0.0 7517020.491824906 737947.335729239 1.530681818181818
59120.351037565 2459120.850157573 48.53253600304015 48.53253600304015 2.0 8.0 1.0 7514154.357315411 737705.967187654 1.530681818181818
59120.382449785 2459120.8815695937 93.76613280270249 1.866132002323866 2.0 9.0 0.0 7499756.7054916425 736301.445517358 1.530681818181818
59120.383746085 2459120.8828658946 95.6328047986608 3.7328039982821792 2.0 9.0 1.0 7501823.486475634 736530.4933292167 1.530681818181818
59120.38504238 2459120.8841621904 97.49946960713714 5.599468806758523 2.0 9.0 0.0 7507277.205331307 737018.8937405765 1.530681818181818
59120.38633849 2459120.8854583004 99.36586800729856 7.465867206919938 2.0 9.0 1.0 7507609.60056676 737077.3028194975 1.530681818181818
59120.38763497 2459120.88675478 101.23279920313507 9.332798402756453 2.0 9.0 0.0 7511970.1340557765 737473.8203668005 1.530681818181818
59120.38893108 2459120.8880508896 103.09919760329649 11.199196802917868 2.0 9.0 1.0 7507273.202664854 737048.3665031778 1.530681818181818
59120.390227565 2459120.8893473735 104.96613600756973 13.06613520719111 2.0 9.0 0.0 7510887.743167526 737365.6572265993 1.530681818181818
59120.39152386 2459120.8906436665 106.8328008055687 14.932800005190074 2.0 9.0 1.0 7509102.213610689 737224.7595100891 1.530681818181818
59120.392820155 2459120.8919399586 108.69946560356766 16.79946480318904 2.0 9.0 0.0 7512722.356440395 737542.2761843774 1.530681818181818
59120.39411627 2459120.89323607 110.56587120168842 18.665870401309803 2.0 9.0 1.0 7509347.066880486 737246.2757295072 1.530681818181818
59120.395412750004 2459120.8945325455 112.43280240800232 20.532801607623696 2.0 9.0 0.0 7513875.114122307 737647.5149034007 1.530681818181818
59120.396709045 2459120.8958288347 114.29946720600128 22.39946640562266 2.0 9.0 1.0 7510591.112571492 737367.422982224 1.530681818181818
59120.39800534 2459120.8971251226 116.16613200400025 24.266131203621626 2.0 9.0 0.0 7513316.282039746 737595.1870057342 1.530681818181818
59120.399301640005 2459120.898421415 118.03280401043594 26.132803210057318 2.0 9.0 1.0 7509696.50205737 737274.5989898582 1.530681818181818
59120.400597935004 2459120.8997177007 119.8994688084349 27.999468008056283 2.0 9.0 0.0 7516555.613904322 737909.6567536565 1.530681818181818
59120.40189423 2459120.9010139853 121.76613360643387 29.866132806055248 2.0 9.0 1.0 7508225.842070342 737140.4267922234 1.530681818181818
59120.403190525 2459120.902310269 123.63279840443283 31.732797604054213 2.0 9.0 0.0 7514955.073321376 737757.3638455387 1.530681818181818
59120.404486825 2459120.903606557 125.49947040039115 33.599469600012526 2.0 9.0 1.0 7510107.612811507 737321.033648535 1.530681818181818
59120.405783120004 2459120.9049028386 127.36613520886749 35.46613440848887 2.0 9.0 0.0 7514570.386324528 737718.2057549879 1.530681818181818
59120.407079415 2459120.906199119 129.23280000686646 37.332799206487834 2.0 9.0 1.0 7509855.804745717 737294.3138921503 1.530681818181818
59120.408375715 2459120.9074954037 131.09947200282477 39.19947120244615 2.0 9.0 0.0 7511960.547011021 737468.3299413271 1.530681818181818
59120.40967201 2459120.908791683 132.96613680082373 41.06613600044511 2.0 9.0 1.0 7512258.165804291 737524.8078039619 1.530681818181818
59120.410968305 2459120.9100879612 134.8328015988227 42.93280079844408 2.0 9.0 0.0 7513054.48232815 737569.6309904617 1.530681818181818
59120.4122646 2459120.9113842393 136.69946640729904 44.79946560692042 2.0 9.0 1.0 7509609.192271017 737265.144947465 1.530681818181818
59120.413560895 2459120.9126805165 138.566131205298 46.666130404919386 2.0 9.0 0.0 7514187.8276542565 737673.1230905356 1.530681818181818
59120.414857195 2459120.9139767997 140.43280320125632 48.5328024008777 2.0 9.0 1.0 7508934.41217597 737201.6706980526 1.530681818181818
59120.44857238 2459120.947691755 188.9826696063392 1.865872802445665 2.0 10.0 0.0 7496968.168816311 736034.6873777792 1.530681818181818
59120.449868675 2459120.9489880507 190.84933440433815 3.73253760044463 2.0 10.0 1.0 7498270.905020825 736185.8354845151 1.530681818181818
59120.45116497 2459120.9502843465 192.71599920233712 5.599202398443595 2.0 10.0 0.0 7502568.647733673 736570.0903164125 1.530681818181818
59120.452461265 2459120.951580642 194.58266400033608 7.465867196442559 2.0 10.0 1.0 7501794.054992748 736522.2193810088 1.530681818181818
59120.453757565 2459120.9528769418 196.44933600677177 9.332539202878252 2.0 10.0 0.0 7505526.256184 736850.8976546014 1.530681818181818
59120.45505386 2459120.954173236 198.31600080477074 11.199204000877216 2.0 10.0 1.0 7503000.010405377 736634.5859728575 1.530681818181818
59120.456350155 2459120.9554695305 200.1826656027697 13.065868798876181 2.0 10.0 0.0 7506232.986233761 736912.8375756745 1.530681818181818
59120.457646455 2459120.9567658287 202.04933759872802 14.932540794834495 2.0 10.0 1.0 7502636.2910230355 736597.7820458089 1.530681818181818
59120.45894275 2459120.9580621207 203.91600240720436 16.79920560331084 2.0 10.0 0.0 7504986.272353838 736794.7371964691 1.530681818181818
59120.460239045 2459120.959358412 205.78266720520332 18.665870401309803 2.0 10.0 1.0 7504614.029333855 736791.6984465054 1.530681818181818
59120.46153534 2459120.9606547025 207.6493320032023 20.532535199308768 2.0 10.0 0.0 7507207.377618183 737007.6004383895 1.530681818181818
59120.462831640005 2459120.961950997 209.51600400963798 22.39920720574446 2.0 10.0 1.0 7505445.423397852 736873.2421134086 1.530681818181818
59120.464127935 2459120.9632472848 211.38266880763695 24.265872003743425 2.0 10.0 0.0 7508432.537384574 737125.6482776366 1.530681818181818
59120.46542423 2459120.9645435717 213.2493336056359 26.13253680174239 2.0 10.0 1.0 7505215.7160777245 736851.1447024882 1.530681818181818
59120.466720525 2459120.965839858 215.11599840363488 27.999201599741355 2.0 10.0 0.0 7507319.448934631 737019.4715673889 1.530681818181818
59120.468016825 2459120.967136148 216.9826703995932 29.865873595699668 2.0 10.0 1.0 7505558.174617433 736880.288269296 1.530681818181818
59120.469313120004 2459120.968432431 218.84933520806953 31.73253840417601 2.0 10.0 0.0 7508683.451653447 737152.0334448644 1.530681818181818
59120.470609415 2459120.969728714 220.7160000060685 33.59920320217498 2.0 10.0 1.0 7505278.034389181 736854.0290881749 1.530681818181818
59120.471905715 2459120.9710250003 222.5826720020268 35.46587519813329 2.0 10.0 0.0 7507477.424619395 737041.6214944123 1.530681818181818
59120.473202010005 2459120.972321281 224.44933681050315 37.332540006609634 2.0 10.0 1.0 7503791.867238101 736713.6388765387 1.530681818181818
59120.474498305004 2459120.9736175607 226.31600160850212 39.1992048046086 2.0 10.0 0.0 7508860.474504896 737168.8342435725 1.530681818181818
59120.4757946 2459120.9749138397 228.18266640650108 41.06586960260756 2.0 10.0 1.0 7505126.4375363765 736838.9618655259 1.530681818181818
59120.477090895 2459120.9762101183 230.04933120450005 42.93253440060653 2.0 10.0 0.0 7506796.606477141 736967.3625714371 1.530681818181818
59120.478387195 2459120.9775064015 231.91600320045836 44.79920639656484 2.0 10.0 1.0 7505636.844849542 736886.7291157293 1.530681818181818
59120.479683490004 2459120.9788026786 233.7826680089347 46.665871205041185 2.0 10.0 0.0 7510277.287360592 737300.122078503 1.530681818181818
59120.480979785 2459120.980098956 235.64933280693367 48.53253600304015 2.0 10.0 1.0 7509444.598545323 737266.1686094359 1.530681818181818
59120.51469497 2459121.0138139124 284.19919920153916 1.865858396049589 2.0 11.0 0.0 7499519.1703108195 736278.3157821873 1.530681818181818
59120.515991265 2459121.015110208 286.0658639995381 3.7325231940485537 2.0 11.0 1.0 7500997.977794355 736447.4516636642 1.530681818181818
59120.517287565 2459121.016406509 287.9325360059738 5.599195200484246 2.0 11.0 0.0 7506291.056846001 736922.9781888921 1.530681818181818
59120.51858386 2459121.0177028044 289.7992008039728 7.465859998483211 2.0 11.0 1.0 7503486.247258146 736685.487471517 1.530681818181818
59120.519880155 2459121.0189991 291.66586560197175 9.332524796482176 2.0 11.0 0.0 7507879.358925348 737077.2647507852 1.530681818181818
59120.521176455004 2459121.0202953997 293.53253760840744 11.199196802917868 2.0 11.0 1.0 7505540.753193621 736880.6056078053 1.530681818181818
59120.52247275 2459121.0215916936 295.3992024064064 13.065861600916833 2.0 11.0 0.0 7508043.614647321 737085.0514891671 1.530681818181818
59120.523769045 2459121.0228879866 297.26586720440537 14.932526398915797 2.0 11.0 1.0 7506465.338031935 736992.4583160315 1.530681818181818
59120.52506534 2459121.024184279 299.13253200240433 16.799191196914762 2.0 11.0 0.0 7509096.455696476 737186.6683896382 1.530681818181818
59120.526361640004 2459121.025480576 300.99920400884 18.665863203350455 2.0 11.0 1.0 7507407.44789761 737090.2849231479 1.530681818181818
59120.527657935 2459121.026776866 302.865868806839 20.53252800134942 2.0 11.0 0.0 7509730.45080572 737248.8717826133 1.530681818181818
59120.52895423 2459121.0280731553 304.73253360483795 22.399192799348384 2.0 11.0 1.0 7508071.620008911 737124.6461478476 1.530681818181818
59120.530250525 2459121.0293694437 306.5991984028369 24.26585759734735 2.0 11.0 0.0 7511612.064294432 737432.4041062031 1.530681818181818
59120.531546825 2459121.0306657357 308.46587039879523 26.132529593305662 2.0 11.0 1.0 7507212.791238921 737045.0370567467 1.530681818181818
59120.53284312 2459121.0319620213 310.3325352072716 27.999194401782006 2.0 11.0 0.0 7511241.352474969 737400.4779477096 1.530681818181818
59120.534139415 2459121.033258306 312.19920000527054 29.86585919978097 2.0 11.0 1.0 7508142.64872858 737128.7680971135 1.530681818181818
59120.535435715 2459121.034554595 314.06587200122885 31.732531195739284 2.0 11.0 0.0 7511772.483850796 737449.2488303283 1.530681818181818
59120.536732010005 2459121.0358508774 315.9325368097052 33.59919600421563 2.0 11.0 1.0 7509107.7091865465 737224.6147178231 1.530681818181818
59120.538028305 2459121.0371471588 317.79920160770416 35.46586080221459 2.0 11.0 0.0 7511249.808941451 737398.2695501063 1.530681818181818
59120.5393246 2459121.038443439 319.6658664057031 37.33252560021356 2.0 11.0 1.0 7507258.464350284 737046.5703489105 1.530681818181818
59120.540620895 2459121.0397397196 321.5325312037021 39.19919039821252 2.0 11.0 0.0 7513416.104994407 737609.6676088197 1.530681818181818
59120.541917195 2459121.0410360033 323.3992031996604 41.065862394170836 2.0 11.0 1.0 7507930.916138324 737109.1276295106 1.530681818181818
59120.543213490004 2459121.042332282 325.26586800813675 42.93252720264718 2.0 11.0 0.0 7509285.419809755 737210.7268752966 1.530681818181818
59120.544509785 2459121.0436285594 327.1325328061357 44.799192000646144 2.0 11.0 1.0 7505160.20826656 736838.9042752836 1.530681818181818
59120.545806085 2459121.044924842 328.999204802094 46.66586399660446 2.0 11.0 0.0 7511879.233225557 737455.9932196304 1.530681818181818
59120.547102380006 2459121.0462211194 330.86586961057037 48.5325288050808 2.0 11.0 1.0 7509375.86548919 737245.7862382921 1.530681818181818
59178.899314755 2459179.3987022704 1.8658655940089375 1.8658655940089375 3.0 12.0 0.0 7429525.508636843 729524.5353900946 1.530681818181818
59178.900611054996 2459179.399998604 3.732537589967251 3.732537589967251 3.0 12.0 1.0 7453667.360577326 731899.8614061044 1.530681818181818
59178.901907349995 2459179.401294932 5.599202387966216 5.599202387966216 3.0 12.0 0.0 7460199.78942437 732473.6124064176 1.530681818181818
59178.903203645 2459179.4025912588 7.465867196442559 7.465867196442559 3.0 12.0 1.0 7473863.550769414 733844.582256701 1.530681818181818
59178.90449994 2459179.4038875857 9.332531994441524 9.332531994441524 3.0 12.0 0.0 7478378.758629131 734225.2143089817 1.530681818181818
59178.905796235 2459179.405183911 11.199196792440489 11.199196792440489 3.0 12.0 1.0 7483506.153918526 734777.6944275885 1.530681818181818
59178.907092535 2459179.4064802397 13.065868798876181 13.065868798876181 3.0 12.0 0.0 7485644.895100738 734925.6897530721 1.530681818181818
59178.90838883 2459179.407776562 14.932533596875146 14.932533596875146 3.0 12.0 1.0 7491611.988236335 735555.8791457078 1.530681818181818
59178.909685125 2459179.4090728834 16.79919839487411 16.79919839487411 3.0 12.0 0.0 7492433.591697404 735578.3235272776 1.530681818181818
59178.910981425 2459179.410369208 18.665870390832424 18.665870390832424 3.0 12.0 1.0 7496063.257663369 735984.632544266 1.530681818181818
59178.912277719995 2459179.4116655253 20.53253518883139 20.53253518883139 3.0 12.0 0.0 7499758.698746026 736283.7085916112 1.530681818181818
59178.913574015 2459179.412961841 22.399199997307733 22.399199997307733 3.0 12.0 1.0 7499640.179963356 736300.7328616901 1.530681818181818
59178.91487031 2459179.4142581555 24.265864795306697 24.265864795306697 3.0 12.0 0.0 7500972.532177928 736394.4447680245 1.530681818181818
59178.91616661 2459179.4155544727 26.13253679126501 26.13253679126501 3.0 12.0 1.0 7502169.285676682 736573.3502947729 1.530681818181818
59178.917462904996 2459179.4168507834 27.999201589263976 27.999201589263976 3.0 12.0 0.0 7505653.029474462 736850.7708870406 1.530681818181818
59178.918759199994 2459179.418147092 29.86586638726294 29.86586638726294 3.0 12.0 1.0 7503549.341387767 736702.9158590499 1.530681818181818
59178.920055495 2459179.4194433996 31.732531195739284 31.732531195739284 3.0 12.0 0.0 7505555.822423491 736834.1482733384 1.530681818181818
59178.921351795 2459179.420739711 33.5992031916976 33.5992031916976 3.0 12.0 1.0 7503514.715092791 736700.4814469627 1.530681818181818
59178.922648089996 2459179.422036015 35.46586798969656 35.46586798969656 3.0 12.0 0.0 7505528.541478534 736836.4392280235 1.530681818181818
59178.923944385 2459179.423332318 37.332532798172906 37.332532798172906 3.0 12.0 1.0 7504526.191469735 736799.994055949 1.530681818181818
59178.925240685 2459179.4246286256 39.19920479413122 39.19920479413122 3.0 12.0 0.0 7507191.166021062 736996.2644133357 1.530681818181818
59178.92653698 2459179.425924927 41.065869592130184 41.065869592130184 3.0 12.0 1.0 7507421.796478461 737080.9174314487 1.530681818181818
59178.927833275 2459179.427221228 42.93253439012915 42.93253439012915 3.0 12.0 0.0 7509414.203816609 737210.9404552 1.530681818181818
59178.929129569995 2459179.428517528 44.799199188128114 44.799199188128114 3.0 12.0 1.0 7506703.70923989 737016.8879710567 1.530681818181818
59178.96190735 2459179.4612957714 91.99920239509083 1.865872802445665 3.0 13.0 0.0 7491910.556606014 735523.3820922071 1.530681818181818
59178.963203645 2459179.4625921003 93.8658671930898 3.73253760044463 3.0 13.0 1.0 7496800.489688655 736049.6420914604 1.530681818181818
59178.964499940004 2459179.4638884296 95.73253200156614 5.5992024089209735 3.0 13.0 0.0 7499196.635086464 736219.0468353035 1.530681818181818
59178.965796235 2459179.4651847584 97.5991967995651 7.465867206919938 3.0 13.0 1.0 7498645.9948604815 736196.6555563404 1.530681818181818
59178.967092535 2459179.466481092 99.46586879552342 9.332539202878252 3.0 13.0 0.0 7503068.250783622 736594.7523185397 1.530681818181818
59178.96838883 2459179.46777742 101.33253359352238 11.199204000877216 3.0 13.0 1.0 7501455.220369643 736495.6490574884 1.530681818181818
59178.969685125 2459179.4690737473 103.19919839152135 13.065868798876181 3.0 13.0 0.0 7503780.43354541 736666.2231127283 1.530681818181818
59178.970981425 2459179.4703700785 105.06587039795704 14.932540805311874 3.0 13.0 1.0 7503028.322250474 736650.636231245 1.530681818181818
59178.97227772 2459179.4716664036 106.932535195956 16.79920560331084 3.0 13.0 0.0 7505112.914001631 736793.3067826086 1.530681818181818
59178.973574015 2459179.4729627273 108.79919999395497 18.665870401309803 3.0 13.0 1.0 7502433.338559896 736596.5659364717 1.530681818181818
59178.974870310005 2459179.4742590496 110.66586480243132 20.532535209786147 3.0 13.0 0.0 7504909.853348974 736774.9844408721 1.530681818181818
59178.976166609995 2459179.475555375 112.53253678791225 22.39920719526708 3.0 13.0 1.0 7506296.676685979 736970.8049834567 1.530681818181818
59178.977462905 2459179.4768516943 114.3992015963886 24.265872003743425 3.0 13.0 0.0 7506048.642778346 736883.5202327569 1.530681818181818
59178.9787592 2459179.478148011 116.26586639438756 26.13253680174239 3.0 13.0 1.0 7505413.842612501 736881.9852494532 1.530681818181818
59178.980055495 2459179.479444327 118.13253119238652 27.999201599741355 3.0 13.0 0.0 7508246.49072242 737096.6786812949 1.530681818181818
59178.981351795 2459179.4807406454 119.99920319882222 29.865873606177047 3.0 13.0 1.0 7505493.223533991 736891.2081391036 1.530681818181818
59178.98264809 2459179.4820369575 121.86586799682118 31.73253840417601 3.0 13.0 0.0 7506712.584328901 736945.888804095 1.530681818181818
59178.983944385 2459179.4833332673 123.73253279482014 33.59920320217498 3.0 13.0 1.0 7504398.2007229375 736784.1658013328 1.530681818181818
59178.985240685 2459179.4846295808 125.59920479077846 35.46587519813329 3.0 13.0 0.0 7507101.885358026 736982.4791557578 1.530681818181818
59178.986536979995 2459179.485925888 127.46586958877742 37.332539996132255 3.0 13.0 1.0 7504384.471566499 736784.7231888233 1.530681818181818
59178.987833275 2459179.4872221933 129.33253439725377 39.1992048046086 3.0 13.0 0.0 7506644.082433636 736938.9781754038 1.530681818181818
59178.98912957 2459179.4885184974 131.19919919525273 41.06586960260756 3.0 13.0 1.0 7505742.619875544 736913.2222091333 1.530681818181818
59178.990425865 2459179.4898148007 133.0658639932517 42.93253440060653 3.0 13.0 0.0 7508017.202947463 737071.9887049869 1.530681818181818
59178.991722164996 2459179.4911111076 134.93253598921 44.79920639656484 3.0 13.0 1.0 7505526.549165729 736896.1972413 1.530681818181818
59178.993018459994 2459179.4924074085 136.79920078720897 46.665871194563806 3.0 13.0 0.0 7505663.13375115 736847.6708122182 1.530681818181818
59178.994314755 2459179.493703709 138.66586559568532 48.53253600304015 3.0 13.0 1.0 7504707.123114164 736819.1335430689 1.530681818181818
59179.028087905 2459179.527477328 187.29920159094036 1.865872791968286 3.0 14.0 0.0 7486051.499255229 734957.0400719864 1.530681818181818
59179.029384199996 2459179.528773657 189.16586638893932 3.732537589967251 3.0 14.0 1.0 7490140.16287772 735408.9343641653 1.530681818181818
59179.030680494994 2459179.5300699864 191.0325311869383 5.599202387966216 3.0 14.0 0.0 7495024.364444727 735819.2492941763 1.530681818181818
59179.031976795 2459179.5313663203 192.89920319337398 7.465874394401908 3.0 14.0 1.0 7493893.618760631 735771.3396677342 1.530681818181818
59179.03327309 2459179.532662649 194.76586799137294 9.332539192400873 3.0 14.0 0.0 7496198.795827543 735931.9212640782 1.530681818181818
59179.034569384996 2459179.533958977 196.6325327893719 11.199203990399837 3.0 14.0 1.0 7494169.196096354 735795.2705687793 1.530681818181818
59179.035865679994 2459179.5352553045 198.49919758737087 13.065868788398802 3.0 14.0 0.0 7496781.787793788 735995.4826585123 1.530681818181818
59179.03716198 2459179.5365516357 200.36586959380656 14.932540794834495 3.0 14.0 1.0 7494433.222008665 735824.3967904329 1.530681818181818
59179.038458275 2459179.537847961 202.23253439180553 16.79920559283346 3.0 14.0 0.0 7497989.69633551 736103.7121626552 1.530681818181818
59179.039754569996 2459179.5391442846 204.0991991898045 18.665870390832424 3.0 14.0 1.0 7496919.357503107 736065.8130002217 1.530681818181818
59179.04105087 2459179.5404406115 205.9658711962402 20.532542397268116 3.0 14.0 0.0 7499039.402142747 736206.5511327662 1.530681818181818
59179.042347165 2459179.541736932 207.83253599423915 22.39920719526708 3.0 14.0 1.0 7495941.575103672 735973.7591911078 1.530681818181818
59179.04364346 2459179.5430332515 209.69920079223812 24.265871993266046 3.0 14.0 0.0 7498165.552624338 736123.5580778 1.530681818181818
59179.044939755 2459179.5443295687 211.56586559023708 26.13253679126501 3.0 14.0 1.0 7497385.83556865 736110.1212447154 1.530681818181818
59179.046236049995 2459179.545625884 213.43253038823605 27.999201589263976 3.0 14.0 0.0 7498802.96248882 736185.8217585945 1.530681818181818
59179.04753235 2459179.5469222027 215.29920239467174 29.865873595699668 3.0 14.0 1.0 7497613.293959456 736133.0087420417 1.530681818181818
59179.048828645 2459179.548218515 217.1658671926707 31.732538393698633 3.0 14.0 0.0 7499813.762017291 736281.1581317851 1.530681818181818
59179.05012494 2459179.5495148245 219.03253199066967 33.5992031916976 3.0 14.0 1.0 7497300.239830102 736102.3054530731 1.530681818181818
59179.05142124 2459179.550811138 220.89920399710536 35.46587519813329 3.0 14.0 0.0 7499230.267475762 736224.0210372937 1.530681818181818
59179.052717535 2459179.5521074445 222.76586879510432 37.332539996132255 3.0 14.0 1.0 7496973.960599292 736071.5572180504 1.530681818181818
59179.05401383 2459179.5534037505 224.6325335931033 39.19920479413122 3.0 14.0 0.0 7499597.46358769 736263.2852658225 1.530681818181818
59179.055310125 2459179.554700054 226.49919839110225 41.065869592130184 3.0 14.0 1.0 7497558.613827753 736126.6688495693 1.530681818181818
59179.056606425 2459179.555996362 228.36587039753795 42.93254159856588 3.0 14.0 0.0 7500638.880630207 736360.7573151485 1.530681818181818
59179.05790272 2459179.557292664 230.2325351955369 44.79920639656484 3.0 14.0 1.0 7498468.51275607 736219.1282179847 1.530681818181818
59179.059199015 2459179.5585889653 232.09919999353588 46.665871194563806 3.0 14.0 0.0 7499728.999713808 736278.8157014459 1.530681818181818
59179.06049531 2459179.559885266 233.96586479153484 48.53253599256277 3.0 14.0 1.0 7498324.107701008 736208.5581471379 1.530681818181818
59179.09426846 2459179.5936588855 282.59920079726726 1.865872802445665 3.0 15.0 0.0 7488589.908206923 735202.7920929798 1.530681818181818
59179.095564755 2459179.594955215 284.4658655952662 3.73253760044463 3.0 15.0 1.0 7491632.9110827325 735554.7744967227 1.530681818181818
59179.096861055004 2459179.5962515497 286.3325376017019 5.599209606880322 3.0 15.0 0.0 7496524.009249186 735958.0098033933 1.530681818181818
59179.09815735 2459179.5975478785 288.1992023997009 7.465874404879287 3.0 15.0 1.0 7495523.947630849 735930.0648567689 1.530681818181818
59179.099453645 2459179.5988442074 290.06586719769984 9.332539202878252 3.0 15.0 0.0 7499182.439174582 736219.7604151327 1.530681818181818
59179.10074994 2459179.6001405357 291.9325319956988 11.199204000877216 3.0 15.0 1.0 7497240.755605586 736094.422470291 1.530681818181818
59179.102046235 2459179.6014368627 293.7991967936978 13.065868798876181 3.0 15.0 0.0 7498771.823841776 736182.2261410005 1.530681818181818
59179.103342535 2459179.6027331944 295.66586880013347 14.932540805311874 3.0 15.0 1.0 7498790.704444823 736245.5887400697 1.530681818181818
59179.10463883 2459179.604029519 297.53253359813243 16.79920560331084 3.0 15.0 0.0 7500324.908078731 736359.5195823788 1.530681818181818
59179.105935125 2459179.605325843 299.3991983961314 18.665870401309803 3.0 15.0 1.0 7498744.40312945 736238.4868630625 1.530681818181818
59179.107231425 2459179.6066221707 301.2658703920897 20.532542397268116 3.0 15.0 0.0 7502304.123062743 736514.3064142739 1.530681818181818
59179.10852772 2459179.607918491 303.13253520056605 22.39920720574446 3.0 15.0 1.0 7498617.628720467 736229.0142912588 1.530681818181818
59179.109824015 2459179.6092148097 304.999199998565 24.265872003743425 3.0 15.0 0.0 7501399.235892383 736430.9515001669 1.530681818181818
59179.11112031 2459179.6105111274 306.865864796564 26.13253680174239 3.0 15.0 1.0 7499185.227876773 736282.6026767406 1.530681818181818
59179.112416610005 2459179.611807448 308.7325368029997 27.999208808178082 3.0 15.0 0.0 7501265.264749379 736416.9237599768 1.530681818181818
59179.113712905004 2459179.613103761 310.59920160099864 29.865873606177047 3.0 15.0 1.0 7499961.272305335 736357.9335624977 1.530681818181818
59179.1150092 2459179.614400073 312.4658663989976 31.73253840417601 3.0 15.0 0.0 7503353.189841554 736621.8544497539 1.530681818181818
59179.116305495 2459179.615696383 314.33253119699657 33.59920320217498 3.0 15.0 1.0 7500513.343476486 736412.0872098878 1.530681818181818
59179.117601795 2459179.6169926967 316.1992031929549 35.46587519813329 3.0 15.0 0.0 7501542.039694346 736446.6968544826 1.530681818181818
59179.118898090004 2459179.618289003 318.0658680014312 37.332540006609634 3.0 15.0 1.0 7499615.472682184 736324.4538684476 1.530681818181818
59179.120194385 2459179.6195853082 319.9325327994302 39.1992048046086 3.0 15.0 0.0 7501518.755053199 736443.9601087564 1.530681818181818
59179.121490685 2459179.620881617 321.7992047953885 41.06587680056691 3.0 15.0 1.0 7499411.375961924 736304.3211790308 1.530681818181818
59179.12278698 2459179.6221779203 323.66586959338747 42.93254159856588 3.0 15.0 0.0 7502314.708366311 736519.0152925564 1.530681818181818
59179.124083275 2459179.623474222 325.53253439138643 44.79920639656484 3.0 15.0 1.0 7499993.408778818 736364.056551925 1.530681818181818
59179.12537957 2459179.624770523 327.3991991998628 46.665871205041185 3.0 15.0 0.0 7502976.84555797 736583.6011216509 1.530681818181818
59179.126675865 2459179.6260668235 329.26586399786174 48.53253600304015 3.0 15.0 1.0 7500298.195798025 736396.3227209469 1.530681818181818
59269.031274124995 2459269.53252416 1.8661391898058355 1.8661391898058355 4.0 16.0 0.0 7418127.353323858 728435.6922270126 1.530681818181818
59269.03257042 2459269.5338204913 3.7328039982821792 3.7328039982821792 4.0 16.0 1.0 7448347.946307826 731384.4509835818 1.530681818181818
59269.033866715006 2459269.535116822 5.599468806758523 5.599468806758523 4.0 16.0 0.0 7460407.4866842795 732498.8057524337 1.530681818181818
59269.035163010005 2459269.536413152 7.466133604757488 7.466133604757488 4.0 16.0 1.0 7472695.682297676 733727.5293828264 1.530681818181818
59269.036459309995 2459269.5377094857 9.332805590238422 9.332805590238422 4.0 16.0 0.0 7478949.97767177 734278.0380793946 1.530681818181818
59269.03775560499 2459269.539005813 11.199470388237387 11.199470388237387 4.0 16.0 1.0 7485589.295361994 734966.2830020934 1.530681818181818
59269.0390519 2459269.54030214 13.06613519671373 13.06613519671373 4.0 16.0 0.0 7488688.641937402 735214.2194416563 1.530681818181818
59269.040348195005 2459269.5415984653 14.932800005190074 14.932800005190074 4.0 16.0 1.0 7493477.486237598 735726.5775784027 1.530681818181818
59269.041644494995 2459269.542894794 16.79947199067101 16.79947199067101 4.0 16.0 0.0 7498105.182559785 736121.0403045154 1.530681818181818
59269.04294079 2459269.544191116 18.666136799147353 18.666136799147353 4.0 16.0 1.0 7499385.319119554 736291.5178825405 1.530681818181818
59269.04423708501 2459269.545487437 20.532801607623696 20.532801607623696 4.0 16.0 0.0 7502377.296171221 736528.8950974594 1.530681818181818
59269.045533380006 2459269.5467837555 22.39946640562266 22.39946640562266 4.0 16.0 1.0 7501288.042131811 736473.108336192 1.530681818181818
59269.046829679995 2459269.5480800774 24.266138391103595 24.266138391103595 4.0 16.0 0.0 7505595.747210358 736834.040425215 1.530681818181818
59269.048125789996 2459269.549376208 26.13253679126501 26.13253679126501 4.0 16.0 1.0 7503641.662948353 736697.8810371683 1.530681818181818
59269.049422085 2459269.5506725213 27.999201599741355 27.999201599741355 4.0 16.0 0.0 7507794.199568446 737041.3614509555 1.530681818181818
59269.050718385 2459269.551968838 29.865873595699668 29.865873595699668 4.0 16.0 1.0 7507002.487676002 737017.7565029357 1.530681818181818
59269.05201468 2459269.5532651492 31.732538393698633 31.732538393698633 4.0 16.0 0.0 7509446.57186399 737201.4128805131 1.530681818181818
59269.053310974996 2459269.5545614576 33.5992031916976 33.5992031916976 4.0 16.0 1.0 7508235.321935654 737133.4105996513 1.530681818181818
59269.054607269994 2459269.555857765 35.46586798969656 35.46586798969656 4.0 16.0 0.0 7510051.388829462 737257.4076637155 1.530681818181818
59269.055903565 2459269.557154072 37.332532798172906 37.332532798172906 4.0 16.0 1.0 7508771.45164075 737181.9924768839 1.530681818181818
59269.057199865 2459269.558450382 39.19920479413122 39.19920479413122 4.0 16.0 0.0 7510441.926319821 737293.9621367502 1.530681818181818
59269.058496159996 2459269.559746687 41.065869592130184 41.065869592130184 4.0 16.0 1.0 7509663.351391881 737267.9495071648 1.530681818181818
59269.059792455 2459269.5610429905 42.93253440060653 42.93253440060653 4.0 16.0 0.0 7510372.603812197 737289.141953201 1.530681818181818
59269.061088755 2459269.562339299 44.79920639656484 44.79920639656484 4.0 16.0 1.0 7508944.734708582 737204.0317644624 1.530681818181818
59269.06238505 2459269.5636356026 46.665871194563806 46.665871194563806 4.0 16.0 0.0 7511694.096648579 737414.9683048915 1.530681818181818
59269.063681345 2459269.5649319054 48.53253599256277 48.53253599256277 4.0 16.0 1.0 7509786.425998325 737280.974036879 1.530681818181818
59269.097373565004 2459269.5986247375 97.04933280358091 1.8658656044863164 4.0 17.0 0.0 7496315.097647446 735949.7210828491 1.530681818181818
59269.098669865 2459269.5999210733 98.91600479953922 3.73253760044463 4.0 17.0 1.0 7497866.197817748 736127.9299978972 1.530681818181818
59269.09996616 2459269.6012174035 100.78266959753819 5.599202398443595 4.0 17.0 0.0 7503882.817740009 736676.7489380422 1.530681818181818
59269.101262455 2459269.6025137333 102.64933439553715 7.465867196442559 4.0 17.0 1.0 7504684.490251036 736805.3151157564 1.530681818181818
59269.102558754996 2459269.6038100673 104.51600639149547 9.332539192400873 4.0 17.0 0.0 7506158.731832718 736893.4884829278 1.530681818181818
59269.103855049994 2459269.605106395 106.38267118949443 11.199203990399837 4.0 17.0 1.0 7505386.912650002 736869.8132854607 1.530681818181818
59269.105151345 2459269.6064027217 108.24933599797077 13.065868798876181 4.0 17.0 0.0 7508134.914815574 737079.3596958297 1.530681818181818
59269.10644764 2459269.607699047 110.11600079596974 14.932533596875146 4.0 17.0 1.0 7505442.1092185 736874.8063788237 1.530681818181818
59269.107743935 2459269.6089953706 111.9826655939687 16.79919839487411 4.0 17.0 0.0 7509749.611181163 737231.2089548527 1.530681818181818
59269.109040235 2459269.610291698 113.8493376004044 18.665870401309803 4.0 17.0 1.0 7509484.000207931 737260.8273493483 1.530681818181818
59269.11033653 2459269.611588018 115.71600239840336 20.532535199308768 4.0 17.0 0.0 7510899.354692172 737343.275769702 1.530681818181818
59269.111632825 2459269.612884337 117.58266719640233 22.399199997307733 4.0 17.0 1.0 7508383.438764964 737155.8186771885 1.530681818181818
59269.112929124996 2459269.614180659 119.44933919236064 24.265871993266046 4.0 17.0 0.0 7510846.885335318 737339.9238259861 1.530681818181818
59269.114225419995 2459269.6154769748 121.3160039903596 26.13253679126501 4.0 17.0 1.0 7506923.583329612 737009.5747436282 1.530681818181818
59269.115521715 2459269.616773288 123.18266879883595 27.999201599741355 4.0 17.0 0.0 7510880.447877102 737340.54154596 1.530681818181818
59269.11681801 2459269.6180696 125.04933359683491 29.86586639774032 4.0 17.0 1.0 7507118.356417108 737028.5025796384 1.530681818181818
59269.11811431 2459269.619365915 126.91600559279323 31.732538393698633 4.0 17.0 0.0 7508883.980224577 737144.0734813057 1.530681818181818
59269.119410605 2459269.6206622245 128.78267040126957 33.59920320217498 4.0 17.0 1.0 7507549.67753839 737068.2499200329 1.530681818181818
59269.1207069 2459269.6219585324 130.64933519926853 35.46586800017394 4.0 17.0 0.0 7509888.444353824 737240.9642873782 1.530681818181818
59269.122003195 2459269.6232548384 132.5159999972675 37.332532798172906 4.0 17.0 1.0 7507838.365702348 737097.9066375274 1.530681818181818
59269.123299495 2459269.624551149 134.3826719932258 39.19920479413122 4.0 17.0 0.0 7510934.548719956 737343.2446234139 1.530681818181818
59269.124595789996 2459269.6258474537 136.24933679122478 41.065869592130184 4.0 17.0 1.0 7505212.007529338 736847.5876441675 1.530681818181818
59269.125892085 2459269.627143758 138.11600159970112 42.93253440060653 4.0 17.0 0.0 7509005.200489884 737156.6811001422 1.530681818181818
59269.127188385 2459269.6284400662 139.98267359565943 44.79920639656484 4.0 17.0 1.0 7507865.386251852 737098.0837936528 1.530681818181818
59269.12848468 2459269.6297363695 141.8493383936584 46.665871194563806 4.0 17.0 0.0 7510800.257143686 737327.2718798836 1.530681818181818
59269.129780974996 2459269.6310326727 143.71600319165736 48.53253599256277 4.0 17.0 1.0 7507330.7943618065 737045.8455577847 1.530681818181818
59269.163473010005 2459269.664725318 192.23253360483795 1.8658656044863164 4.0 18.0 0.0 7491422.437164004 735479.9123606051 1.530681818181818
59269.164769309995 2459269.666021654 194.0992055903189 3.732537589967251 4.0 18.0 1.0 7491427.066489077 735481.4480524695 1.530681818181818
59269.16606560499 2459269.667317984 195.96587038831785 5.599202387966216 4.0 18.0 0.0 7495475.072134046 735869.972917656 1.530681818181818
59269.1673619 2459269.668614314 197.8325351967942 7.465867196442559 4.0 18.0 1.0 7496255.81875028 735976.363758112 1.530681818181818
59269.168658195005 2459269.669910643 199.69920000527054 9.332532004918903 4.0 18.0 0.0 7500240.340139249 736322.6453534412 1.530681818181818
59269.169954494995 2459269.6712069754 201.56587199075148 11.199203990399837 4.0 18.0 1.0 7498209.49081342 736158.8016376491 1.530681818181818
59269.17125079 2459269.672503302 203.43253679922782 13.065868798876181 4.0 18.0 0.0 7500727.303920404 736363.6485901797 1.530681818181818
59269.17254708501 2459269.6737996275 205.29920160770416 14.932533607352525 4.0 18.0 1.0 7497682.138498348 736123.4293257046 1.530681818181818
59269.173843380006 2459269.6750959507 207.16586640570313 16.79919840535149 4.0 18.0 0.0 7501671.883931242 736456.9438913151 1.530681818181818
59269.175139679995 2459269.676392278 209.03253839118406 18.665870390832424 4.0 18.0 1.0 7498316.290070681 736165.5825604883 1.530681818181818
59269.176435974994 2459269.677688598 210.89920318918303 20.53253518883139 4.0 18.0 0.0 7503266.214694075 736611.9252733829 1.530681818181818
59269.17773227 2459269.6789849172 212.76586799765937 22.399199997307733 4.0 18.0 1.0 7498602.702179846 736192.8591485671 1.530681818181818
59269.17902857 2459269.6802812396 214.63253999361768 24.265871993266046 4.0 18.0 0.0 7502218.295027499 736506.0434550716 1.530681818181818
59269.180324864996 2459269.681577555 216.49920479161665 26.13253679126501 4.0 18.0 1.0 7501233.125157349 736488.3779516161 1.530681818181818
59269.181621159994 2459269.6828738684 218.3658695896156 27.999201589263976 4.0 18.0 0.0 7502459.585033585 736531.2896066958 1.530681818181818
59269.18291745499 2459269.6841701805 220.23253438761458 29.86586638726294 4.0 18.0 1.0 7500161.200539745 736385.0129958795 1.530681818181818
59269.18421375 2459269.685466491 222.09919919609092 31.732531195739284 4.0 18.0 0.0 7501520.219705821 736435.4378036745 1.530681818181818
59269.185510049996 2459269.686762805 223.96587119204924 33.5992031916976 4.0 18.0 1.0 7498301.17835738 736131.7530878204 1.530681818181818
59269.186806344995 2459269.6880591125 225.8325359900482 35.46586798969656 4.0 18.0 0.0 7503707.350601135 736646.200791917 1.530681818181818
59269.18810264 2459269.6893554195 227.69920079852454 37.332532798172906 4.0 18.0 1.0 7504876.685498395 736810.0660321302 1.530681818181818
59269.18939894 2459269.6906517297 229.56587279448286 39.19920479413122 4.0 18.0 0.0 7508084.27032643 737065.7299199802 1.530681818181818
59269.190695235 2459269.6919480343 231.43253759248182 41.065869592130184 4.0 18.0 1.0 7505157.740969461 736838.860031758 1.530681818181818
59269.191991529995 2459269.6932443385 233.2992023904808 42.93253439012915 4.0 18.0 0.0 7506507.659309375 736915.7136904276 1.530681818181818
59269.19328782499 2459269.694540642 235.16586718847975 44.799199188128114 4.0 18.0 1.0 7505850.296479387 736903.5890193906 1.530681818181818
59269.194584125 2459269.6958369506 237.03253919491544 46.665871194563806 4.0 18.0 0.0 7506302.316079328 736897.7802613202 1.530681818181818
59269.19588042 2459269.697133254 238.8992039929144 48.53253599256277 4.0 18.0 1.0 7505229.124408985 736841.4925536804 1.530681818181818
59269.229584125 2459269.7308375677 287.4325391999446 1.865872802445665 4.0 19.0 0.0 7494681.662020274 735786.5727042824 1.530681818181818
59269.23088042 2459269.732133899 289.29920399794355 3.73253760044463 4.0 19.0 1.0 7496884.671735914 736027.4842069306 1.530681818181818
59269.232176715 2459269.7334302287 291.1658687959425 5.599202398443595 4.0 19.0 0.0 7499376.071216686 736238.8761261548 1.530681818181818
59269.23347301 2459269.7347265584 293.0325335939415 7.465867196442559 4.0 19.0 1.0 7497574.157627284 736098.989140609 1.530681818181818
59269.23476931 2459269.736022892 294.8992056003772 9.332539202878252 4.0 19.0 0.0 7502132.317505796 736504.7711359953 1.530681818181818
59269.236065605 2459269.73731922 296.76587039837614 11.199204000877216 4.0 19.0 1.0 7499856.008558754 736340.0862890063 1.530681818181818
59269.2373619 2459269.7386155464 298.6325351963751 13.065868798876181 4.0 19.0 0.0 7503271.90490846 736614.6693486394 1.530681818181818
59269.238658195 2459269.7399118715 300.49919999437407 14.932533596875146 4.0 19.0 1.0 7500469.28206764 736347.242455951 1.530681818181818
59269.239954495 2459269.7412082 302.36587200080976 16.79920560331084 4.0 19.0 0.0 7504098.65507902 736689.2303100757 1.530681818181818
59269.24125079 2459269.742504522 304.2325367988087 18.665870401309803 4.0 19.0 1.0 7501117.003945906 736437.2432849946 1.530681818181818
59269.242547085 2459269.7438008427 306.0992015968077 20.532535199308768 4.0 19.0 0.0 7505437.942246682 736814.586879008 1.530681818181818
59269.24384338 2459269.7450971613 307.96586639480665 22.399199997307733 4.0 19.0 1.0 7502191.12010476 736536.041116454 1.530681818181818
59269.24513968 2459269.7463934836 309.83253840124235 24.265872003743425 4.0 19.0 0.0 7507955.8818782205 737062.6372344501 1.530681818181818
59269.246435975 2459269.747689799 311.6992031992413 26.13253680174239 4.0 19.0 1.0 7502551.191217748 736593.735290265 1.530681818181818
59269.24773227 2459269.748986113 313.5658679972403 27.999201599741355 4.0 19.0 0.0 7505932.4683508 736863.517299799 1.530681818181818
59269.249028570004 2459269.7502824296 315.43254000367597 29.865873606177047 4.0 19.0 1.0 7503499.516063377 736659.6794977363 1.530681818181818
59269.250324865 2459269.7515787403 317.29920480167493 31.73253840417601 4.0 19.0 0.0 7506062.702719346 736874.8701841217 1.530681818181818
59269.25162116 2459269.7528750496 319.1658695996739 33.59920320217498 4.0 19.0 1.0 7502196.350798818 736534.9171330748 1.530681818181818
59269.252917455 2459269.754171357 321.03253439767286 35.46586800017394 4.0 19.0 0.0 7505142.914437847 736785.5950468774 1.530681818181818
59269.25421375 2459269.7554676635 322.8991991956718 37.332532798172906 4.0 19.0 1.0 7501510.590413173 736463.6252770602 1.530681818181818
59269.25551005 2459269.756763974 324.7658712021075 39.1992048046086 4.0 19.0 0.0 7507174.541859637 736973.163529663 1.530681818181818
59269.256806345 2459269.7580602793 326.6325360001065 41.06586960260756 4.0 19.0 1.0 7502372.271723793 736553.0326984422 1.530681818181818
59269.25810264 2459269.759356583 328.49920079810545 42.93253440060653 4.0 19.0 0.0 7506743.764963948 736935.9961853988 1.530681818181818
59269.259398940005 2459269.760652892 330.36587280454114 44.79920640704222 4.0 19.0 1.0 7502179.382992577 736530.6542379863 1.530681818181818
59269.260695235 2459269.761949195 332.2325376025401 46.665871205041185 4.0 19.0 0.0 7505558.556511975 736820.9050127575 1.530681818181818
59269.26199153 2459269.7632454988 334.09920240053907 48.53253600304015 4.0 19.0 1.0 7502913.992574243 736601.2159349485 1.530681818181818
