# %ECSV 0.9
# ---
# datatype:
# - {name: t_mjd, datatype: float64}
# - {name: t_bjd, datatype: float64}
# - {name: t_visit, datatype: float64}
# - {name: t_orbit, datatype: float64}
# - {name: ivisit, datatype: float64}
# - {name: iorbit, datatype: float64}
# - {name: scan, datatype: float64}
# - {name: spec_opt, datatype: float64}
# - {name: var_opt, datatype: float64}
# - {name: wave, datatype: float64}
# schema: astropy-2.0
t_mjd t_bjd t_visit t_orbit ivisit iorbit scan spec_opt var_opt wave
58888.252084215 2458888.753034453 1.8658655940089375 1.8658655940089375 0.0 0.0 0.0 7533864.949014146 739523.7464074179 1.3875
58888.253380509996 2458888.7543307883 3.7325303920079023 3.7325303920079023 0.0 0.0 1.0 7580130.758124488 743991.7777138533 1.3875
58888.25467699 2458888.755627308 5.5994615983217955 5.5994615983217955 0.0 0.0 0.0 7589673.094485522 744891.4431946244 1.3875
58888.255973105 2458888.756923462 7.465867196442559 7.465867196442559 0.0 0.0 1.0 7611270.001303485 747015.9117791792 1.3875
58888.2572694 2458888.7582197953 9.332531994441524 9.332531994441524 0.0 0.0 0.0 7614268.532994557 747254.2430653098 1.3875
58888.258565694996 2458888.7595161274 11.199196792440489 11.199196792440489 0.0 0.0 1.0 7627781.685357667 748599.9314037138 1.3875
58888.259861989995 2458888.7608124586 13.065861590439454 13.065861590439454 0.0 0.0 0.0 7628462.083027717 748619.3031978597 1.3875
58888.261158285 2458888.7621087884 14.932526398915797 14.932526398915797 0.0 0.0 1.0 7637089.769468113 749467.1171174287 1.3875
58888.262454585 2458888.763405122 16.79919839487411 16.79919839487411 0.0 0.0 0.0 7636057.9053460425 749347.3272274913 1.3875
58888.263750879996 2458888.7647014484 18.665863192873076 18.665863192873076 0.0 0.0 1.0 7643726.467385343 750105.2137991805 1.3875
58888.265047175 2458888.765997773 20.53252800134942 20.53252800134942 0.0 0.0 0.0 7641148.135848095 749832.1514311682 1.3875
58888.266343475 2458888.7672941014 22.399199997307733 22.399199997307733 0.0 0.0 1.0 7648442.835177273 750555.0959402528 1.3875
58888.26763977 2458888.7685904233 24.265864795306697 24.265864795306697 0.0 0.0 0.0 7646405.486018588 750339.9139117047 1.3875
58888.268936065 2458888.7698867433 26.132529593305662 26.132529593305662 0.0 0.0 1.0 7650893.176039964 750816.7588384353 1.3875
58888.270232359995 2458888.7711830614 27.999194391304627 27.999194391304627 0.0 0.0 0.0 7649001.017581331 750586.5200477717 1.3875
58888.27152866 2458888.772479383 29.86586639774032 29.86586639774032 0.0 0.0 1.0 7651127.893163468 750813.9527999075 1.3875
58888.272824955 2458888.773775698 31.732531195739284 31.732531195739284 0.0 0.0 0.0 7649010.555015358 750585.2552267996 1.3875
58888.274121434995 2458888.7750721965 33.5994623915758 33.5994623915758 0.0 0.0 1.0 7653696.481972677 751084.5492760686 1.3875
58888.275417545 2458888.776368324 35.46586080221459 35.46586080221459 0.0 0.0 0.0 7649961.415099156 750680.4385627466 1.3875
58888.276713845 2458888.77766464 37.332532798172906 37.332532798172906 0.0 0.0 1.0 7654054.078451455 751093.1479415813 1.3875
58888.27801014 2458888.7789609507 39.19919759617187 39.19919759617187 0.0 0.0 0.0 7651597.210481938 750839.0054955564 1.3875
58888.279306435 2458888.78025726 41.065862394170836 41.065862394170836 0.0 0.0 1.0 7657450.762320198 751449.9038898939 1.3875
58888.280602735 2458888.7815535734 42.93253440060653 42.93253440060653 0.0 0.0 0.0 7653667.368360167 751033.2692730414 1.3875
58888.28189903 2458888.782849882 44.79919919860549 44.79919919860549 0.0 0.0 1.0 7653854.357177981 751076.2400836403 1.3875
58888.283195325 2458888.78414619 46.66586399660446 46.66586399660446 0.0 0.0 0.0 7653178.316230965 750990.0611411148 1.3875
58888.28449162 2458888.7854424976 48.53252879460342 48.53252879460342 0.0 0.0 1.0 7657314.774217292 751434.3924262061 1.3875
58888.318183845 2458888.8191354494 97.04933279310353 1.866132002323866 0.0 1.0 0.0 7639659.187767565 749697.7126390553 1.3875
58888.319480139995 2458888.8204317843 98.9159975911025 3.7327968003228307 0.0 1.0 1.0 7646201.297719066 750376.8074523901 1.3875
58888.320776435 2458888.821728119 100.78266239957884 5.599461608799174 0.0 1.0 0.0 7647548.2476511765 750456.5743140117 1.3875
58888.322072735 2458888.8230244583 102.64933439553715 7.466133604757488 0.0 1.0 1.0 7649605.454204259 750699.5814657569 1.3875
58888.32336903 2458888.8243207913 104.51599919353612 9.332798402756453 0.0 1.0 0.0 7647443.121017737 750442.1720536867 1.3875
58888.324665325 2458888.825617124 106.38266400201246 11.199463211232796 0.0 1.0 1.0 7651363.6360006565 750869.6241874181 1.3875
58888.32596162 2458888.826913455 108.24932880001143 13.066128009231761 0.0 1.0 0.0 7650083.7033371255 750697.627925494 1.3875
58888.32725773 2458888.8282095995 110.11572720017284 14.932526409393176 0.0 1.0 1.0 7654872.809048662 751206.7765735289 1.3875
58888.328554215 2458888.8295061174 111.9826655939687 16.79946480318904 0.0 1.0 0.0 7652763.447357952 750947.6417428761 1.3875
58888.329850509996 2458888.830802444 113.84933039196767 18.666129601188004 0.0 1.0 1.0 7656406.580250118 751348.2106582469 1.3875
58888.331146805 2458888.8320987695 115.71599520044401 20.532794409664348 0.0 1.0 0.0 7653236.921114393 751002.6084935846 1.3875
58888.332443105 2458888.833395098 117.58266719640233 22.39946640562266 0.0 1.0 1.0 7655722.999997893 751257.011284354 1.3875
58888.3337394 2458888.8346914193 119.44933199440129 24.266131203621626 0.0 1.0 0.0 7653210.318321615 750994.7904654249 1.3875
58888.335035694996 2458888.8359877393 121.31599679240026 26.13279600162059 0.0 1.0 1.0 7654903.945290774 751204.2581944473 1.3875
58888.336331989995 2458888.837284058 123.18266159039922 27.999460799619555 0.0 1.0 0.0 7651962.360940425 750871.8513699012 1.3875
58888.337628099995 2458888.8385801897 125.04905999056064 29.86585919978097 0.0 1.0 1.0 7655158.120229594 751201.5444822224 1.3875
58888.338924585 2458888.8398766946 126.91599839483388 31.732797604054213 0.0 1.0 0.0 7653441.258764556 751010.5224273411 1.3875
58888.340220879996 2458888.841173008 128.78266319283284 33.59946240205318 0.0 1.0 1.0 7655473.404651683 751261.0622583962 1.3875
58888.341517175 2458888.842469321 130.6493280013092 35.46612721052952 0.0 1.0 0.0 7654495.736177016 751117.4071745125 1.3875
58888.34281329 2458888.8437654525 132.51573359942995 37.332532808650285 0.0 1.0 1.0 7654606.202229848 751150.7263006106 1.3875
58888.34410977 2458888.845061947 134.38266479526646 39.1994640044868 0.0 1.0 0.0 7652837.017330419 750952.5974609728 1.3875
58888.345406065 2458888.8463582564 136.24932959326543 41.066128802485764 0.0 1.0 1.0 7654379.212261168 751125.8760365268 1.3875
58888.346702359995 2458888.8476545657 138.1159943912644 42.93279360048473 0.0 1.0 0.0 7652602.944281871 750933.2259267113 1.3875
58888.34799866 2458888.8489508787 139.9826663977001 44.79946560692042 0.0 1.0 1.0 7655228.005946317 751236.4202404609 1.3875
58888.349294955 2458888.8502471866 141.84933119569905 46.666130404919386 0.0 1.0 0.0 7652635.098584844 750940.0632294812 1.3875
58888.35059125 2458888.8515434945 143.71599599369802 48.53279520291835 0.0 1.0 1.0 7655311.214347527 751241.1339297995 1.3875
58888.384294955 2458888.8852479253 192.2493312007282 1.866132002323866 0.0 2.0 0.0 7632350.123392931 748989.5288650269 1.3875
58888.38559125 2458888.8865442607 194.11599599872716 3.7327968003228307 0.0 2.0 1.0 7640002.522212998 749777.818253698 1.3875
58888.38688736 2458888.88784041 195.98239439888857 5.599195200484246 0.0 2.0 0.0 7640227.869466841 749751.188358277 1.3875
58888.388183845 2458888.8891369347 197.84933280316181 7.466133604757488 0.0 2.0 1.0 7643824.929875371 750145.4938384516 1.3875
58888.389479955 2458888.890433083 199.71573120332323 9.332532004918903 0.0 2.0 0.0 7643138.789231755 750030.980732637 1.3875
58888.390776435 2458888.8917295993 201.58266239915974 11.199463200755417 0.0 2.0 1.0 7644776.641560421 750236.7540581835 1.3875
58888.392072735 2458888.8930259356 203.44933439511806 13.06613519671373 0.0 2.0 0.0 7643863.603879516 750096.7494246424 1.3875
58888.393369030004 2458888.8943222654 205.3159992035944 14.932800005190074 0.0 2.0 1.0 7646721.658417904 750422.6608932167 1.3875
58888.394665325 2458888.8956185933 207.18266400159337 16.79946480318904 0.0 2.0 0.0 7644920.07599938 750197.5528982964 1.3875
58888.39596162 2458888.89691492 209.04932879959233 18.666129601188004 0.0 2.0 1.0 7647047.575304575 750450.9413467739 1.3875
58888.397257915 2458888.898211245 210.9159935975913 20.53279439918697 0.0 2.0 0.0 7644261.028056212 750133.3359540481 1.3875
58888.398554215004 2458888.899507574 212.782665604027 22.39946640562266 0.0 2.0 1.0 7646876.13046334 750434.6922764932 1.3875
58888.39985051 2458888.900803895 214.64933040202595 24.266131203621626 0.0 2.0 0.0 7644949.347032814 750199.0707335005 1.3875
58888.401146805 2458888.902100215 216.51599520002492 26.13279600162059 0.0 2.0 1.0 7647760.612647248 750514.8171464431 1.3875
58888.402443105 2458888.9033965385 218.38266719598323 27.999467997578904 0.0 2.0 0.0 7644555.3753856225 750156.8077122791 1.3875
58888.403739400004 2458888.9046928557 220.24933200445957 29.866132806055248 0.0 2.0 1.0 7648380.205623437 750577.0219984438 1.3875
58888.405035695 2458888.9059891705 222.11599680245854 31.732797604054213 0.0 2.0 0.0 7645092.4930820605 750209.218049366 1.3875
58888.40633199 2458888.9072854845 223.9826616004575 33.59946240205318 0.0 2.0 1.0 7645580.402771618 750304.4637378268 1.3875
58888.407628285 2458888.9085817966 225.84932639845647 35.46612720005214 0.0 2.0 0.0 7646238.425823685 750321.827505486 1.3875
58888.408924585 2458888.9098781133 227.71599839441478 37.332799196010455 0.0 2.0 1.0 7648477.659413597 750586.8241502034 1.3875
58888.41022088 2458888.9111744235 229.58266320289113 39.1994640044868 0.0 2.0 0.0 7647130.689039935 750407.6664764944 1.3875
58888.411517175 2458888.912470733 231.4493280008901 41.066128802485764 0.0 2.0 1.0 7648406.882255282 750576.2862334277 1.3875
58888.412813475 2458888.9137670468 233.3159999968484 42.93280079844408 0.0 2.0 0.0 7650165.325257924 750694.8598134757 1.3875
58888.414109770005 2458888.9150633556 235.18266480532475 44.79946560692042 0.0 2.0 1.0 7652431.192335273 750964.9321418471 1.3875
58888.415406065 2458888.9163596635 237.0493296033237 46.666130404919386 0.0 2.0 0.0 7651202.335180944 750798.3546212229 1.3875
58888.41670236 2458888.9176559714 238.91599440132268 48.53279520291835 0.0 2.0 1.0 7651129.9146727845 750838.616960334 1.3875
58888.450417545 2458888.951371881 287.46586079592817 1.8658656044863164 0.0 3.0 0.0 7637631.6033121 749525.2685391086 1.3875
58888.451713845 2458888.952668221 289.33253280236386 3.7325376109220088 0.0 3.0 1.0 7641720.631929538 749943.1022169268 1.3875
58888.45301014 2458888.9539645556 291.1991976003628 5.5992024089209735 0.0 3.0 0.0 7643383.588210704 750049.2361495141 1.3875
58888.454306435 2458888.9552608896 293.0658623983618 7.465867206919938 0.0 3.0 1.0 7645444.222154983 750297.9650481644 1.3875
58888.455602735 2458888.9565572278 294.9325343943201 9.332539202878252 0.0 3.0 0.0 7644187.442066712 750129.3252660066 1.3875
58888.45689903 2458888.95785356 296.79919920279644 11.199204011354595 0.0 3.0 1.0 7648478.754081207 750592.1521173314 1.3875
58888.458195325 2458888.959149891 298.6658640007954 13.06586880935356 0.0 3.0 0.0 7645021.751648615 750206.8966701967 1.3875
58888.45949162 2458888.9604462204 300.5325287987944 14.932533607352525 0.0 3.0 1.0 7648071.445979565 750556.304208752 1.3875
58888.460787915 2458888.9617425487 302.39919359679334 16.79919840535149 0.0 3.0 0.0 7647815.361364635 750476.0813204132 1.3875
58888.462084215 2458888.9630388804 304.26586560322903 18.665870411787182 0.0 3.0 1.0 7648976.714525456 750636.0486574958 1.3875
58888.46338051 2458888.964335205 306.132530401228 20.532535209786147 0.0 3.0 0.0 7647210.192911241 750415.940334995 1.3875
58888.464676805 2458888.9656315283 307.99919519922696 22.39920000778511 0.0 3.0 1.0 7651214.719767193 750848.733964964 1.3875
58888.465973105 2458888.9669278553 309.8658671951853 24.265872003743425 0.0 3.0 0.0 7648001.263674598 750490.5487224886 1.3875
58888.467269400004 2458888.9682241757 311.7325320036616 26.13253681221977 0.0 3.0 1.0 7647601.725609581 750475.5841444291 1.3875
58888.46856588 2458888.9695206787 313.59946319949813 27.999468008056283 0.0 3.0 0.0 7646506.718898301 750345.8540601005 1.3875
58888.46986199 2458888.9708168106 315.46586159965955 29.8658664082177 0.0 3.0 1.0 7650004.2820563475 750731.9363195624 1.3875
58888.471158285 2458888.972113126 317.3325263976585 31.732531206216663 0.0 3.0 0.0 7649011.09431505 750587.795925508 1.3875
58888.472454585004 2458888.973409445 319.1991984040942 33.599203212652355 0.0 3.0 1.0 7649685.713301916 750704.2699380377 1.3875
58888.47375088 2458888.974705757 321.06586320209317 35.46586801065132 0.0 3.0 0.0 7648413.92646088 750529.7882951072 1.3875
58888.475047175 2458888.9760020687 322.93252800009213 37.332532808650285 0.0 3.0 1.0 7650102.987106095 750743.9402214729 1.3875
58888.476343475 2458888.977298384 324.79919999605045 39.1992048046086 0.0 3.0 0.0 7648707.75669256 750555.1034662588 1.3875
58888.477639770004 2458888.978594694 326.6658648045268 41.06586961308494 0.0 3.0 1.0 7649286.637569203 750664.2079368047 1.3875
58888.478936065 2458888.9798910026 328.53252960252576 42.93253441108391 0.0 3.0 0.0 7647914.077080546 750479.8796770212 1.3875
58888.48023236 2458888.981187311 330.3991944005247 44.79919920908287 0.0 3.0 1.0 7650803.800735121 750806.8134087004 1.3875
58888.48152866 2458888.982483624 332.26586639648303 46.665871205041185 0.0 3.0 0.0 7648141.191328158 750501.1823614609 1.3875
58888.482824955 2458888.9837799324 334.132531194482 48.53253600304015 0.0 3.0 1.0 7651190.205119597 750847.5858379714 1.3875
58946.83767614 2458947.3393639354 1.8658656044863164 1.8658656044863164 1.0 4.0 0.0 7586746.414748931 744625.5904328156 1.3875
58946.838972435 2458947.3406602414 3.7325304024852812 3.7325304024852812 1.0 4.0 1.0 7619736.758408059 747819.5596898125 1.3875
58946.84026873 2458947.3419565475 5.599195200484246 5.599195200484246 1.0 4.0 0.0 7625546.426302929 748355.2403566376 1.3875
58946.84156503 2458947.3432528577 7.465867206919938 7.465867206919938 1.0 4.0 1.0 7639214.808242329 749691.0200356271 1.3875
58946.842861325 2458947.3445491623 9.332532004918903 9.332532004918903 1.0 4.0 0.0 7638597.872020474 749609.6768853249 1.3875
58946.84415762 2458947.3458454665 11.199196802917868 11.199196802917868 1.0 4.0 1.0 7647041.544585553 750440.307249011 1.3875
58946.84545392 2458947.3471417744 13.06586880935356 13.06586880935356 1.0 4.0 0.0 7647088.261849657 750421.6478279167 1.3875
58946.846750215 2458947.348438077 14.932533607352525 14.932533607352525 1.0 4.0 1.0 7654831.439763718 751190.7093814686 1.3875
58946.84804651 2458947.3497343785 16.79919840535149 16.79919840535149 1.0 4.0 0.0 7652396.227502632 750930.9903678277 1.3875
58946.849342805 2458947.3510306785 18.665863203350455 18.665863203350455 1.0 4.0 1.0 7658021.209105008 751500.657721612 1.3875
58946.8506391 2458947.3523269785 20.53252800134942 20.53252800134942 1.0 4.0 0.0 7657445.066912326 751415.5413815337 1.3875
58946.8519354 2458947.3536232817 22.39920000778511 22.39920000778511 1.0 4.0 1.0 7659147.453702293 751606.9957388929 1.3875
58946.853231695 2458947.354919579 24.265864805784076 24.265864805784076 1.0 4.0 0.0 7657389.114516869 751405.1342512042 1.3875
58946.85452799 2458947.356215875 26.13252960378304 26.13252960378304 1.0 4.0 1.0 7662711.960844056 751943.0060453933 1.3875
58946.85582429 2458947.3575121756 27.999201610218734 27.999201610218734 1.0 4.0 0.0 7658802.908184974 751544.552178335 1.3875
58946.857120585 2458947.35880847 29.8658664082177 29.8658664082177 1.0 4.0 1.0 7664133.668211959 752078.5499684868 1.3875
58946.85841688 2458947.3601047634 31.732531206216663 31.732531206216663 1.0 4.0 0.0 7660376.436235712 751697.315352485 1.3875
58946.859713175 2458947.361401056 33.59919600421563 33.59919600421563 1.0 4.0 1.0 7665409.50953087 752209.7599242843 1.3875
58946.861009475004 2458947.3626973527 35.46586801065132 35.46586801065132 1.0 4.0 0.0 7661400.029934218 751797.6494379996 1.3875
58946.86230577 2458947.3639936442 37.332532808650285 37.332532808650285 1.0 4.0 1.0 7665209.237736568 752189.951810884 1.3875
58946.863602065 2458947.3652899344 39.19919760664925 39.19919760664925 1.0 4.0 0.0 7662536.68736588 751905.0541884215 1.3875
58946.86489836 2458947.3665862246 41.065862404648215 41.065862404648215 1.0 4.0 1.0 7664229.903689375 752091.2961202782 1.3875
58946.866194660004 2458947.3678825195 42.93253441108391 42.93253441108391 1.0 4.0 0.0 7663482.7245471785 751993.3815889665 1.3875
58946.867490955 2458947.3691788097 44.79919920908287 44.79919920908287 1.0 4.0 1.0 7667767.481612918 752430.971689935 1.3875
58946.86878725 2458947.370475099 46.66586400708184 46.66586400708184 1.0 4.0 0.0 7664982.69215364 752137.9177418653 1.3875
58946.870083545 2458947.3717713887 48.5325288050808 48.5325288050808 1.0 4.0 1.0 7666424.132731322 752294.4966768419 1.3875
58946.900754845 2458947.4024427715 92.69920080900192 1.8658656044863164 1.0 5.0 0.0 7649875.367928503 750691.065821023 1.3875
58946.90205114 2458947.4037390784 94.56586560700089 3.7325304024852812 1.0 5.0 1.0 7657184.820533824 751422.742932146 1.3875
58946.903347435 2458947.4050353845 96.43253040499985 5.599195200484246 1.0 5.0 0.0 7655899.291682923 751274.4621259915 1.3875
58946.904643735004 2458947.4063316956 98.29920241143554 7.465867206919938 1.0 5.0 1.0 7661732.692869642 751859.5536641356 1.3875
58946.90594003 2458947.4076280016 100.16586720943451 9.332532004918903 1.0 5.0 0.0 7657008.048104617 751378.4176014344 1.3875
58946.907236325 2458947.408924307 102.03253200743347 11.199196802917868 1.0 5.0 1.0 7664755.025327237 752147.2767158464 1.3875
58946.90853262 2458947.410220612 103.89919680543244 13.065861600916833 1.0 5.0 0.0 7661533.695217199 751814.1616309305 1.3875
58946.909828915 2458947.411516916 105.7658616034314 14.932526398915797 1.0 5.0 1.0 7664027.92564823 752079.8535844639 1.3875
58946.911125215 2458947.4128132244 107.6325336098671 16.79919840535149 1.0 5.0 0.0 7661318.459345378 751789.3540367585 1.3875
58946.91242151 2458947.414109527 109.49919840786606 18.665863203350455 1.0 5.0 1.0 7665893.962622535 752257.2403293492 1.3875
58946.913717805 2458947.415405829 111.36586320586503 20.53252800134942 1.0 5.0 0.0 7661536.974134013 751811.882821131 1.3875
58946.915014105 2458947.4167021345 113.23253520182334 22.399199997307733 1.0 5.0 1.0 7665537.797868042 752223.9769248405 1.3875
58946.9163104 2458947.417998434 115.09920001029968 24.265864805784076 1.0 5.0 0.0 7662364.26572042 751888.24900033 1.3875
58946.917606695 2458947.419294733 116.96586480829865 26.13252960378304 1.0 5.0 1.0 7665961.127232471 752258.2882284016 1.3875
58946.91890299 2458947.4205910307 118.83252960629761 27.999194401782006 1.0 5.0 0.0 7663614.479537154 752005.676038596 1.3875
58946.920199285 2458947.421887327 120.69919440429658 29.86585919978097 1.0 5.0 1.0 7665060.020884639 752172.5699318849 1.3875
58946.921495585004 2458947.4231836274 122.56586641073227 31.732531206216663 1.0 5.0 0.0 7663229.694186383 751967.015656806 1.3875
58946.92279188 2458947.4244799227 124.43253120873123 33.59919600421563 1.0 5.0 1.0 7665782.951132843 752241.9157742342 1.3875
58946.924088175 2458947.425776216 126.2991960067302 35.46586080221459 1.0 5.0 0.0 7661109.17813042 751768.3201327947 1.3875
58946.925384475 2458947.427072514 128.1658680026885 37.332532798172906 1.0 5.0 1.0 7665307.75975057 752195.0872571623 1.3875
58946.926680770004 2458947.428368806 130.03253281116486 39.19919760664925 1.0 5.0 0.0 7663377.04540182 751983.3553176526 1.3875
58946.927977065 2458947.4296650975 131.89919760916382 41.065862404648215 1.0 5.0 1.0 7665442.212268863 752208.4224466216 1.3875
58946.92927336 2458947.4309613886 133.76586240716279 42.93252720264718 1.0 5.0 0.0 7662891.383065679 751937.0866512015 1.3875
58946.930569660006 2458947.432257684 135.63253441359848 44.79919920908287 1.0 5.0 1.0 7663798.342698654 752054.5768639274 1.3875
58946.931865955004 2458947.4335539737 137.49919921159744 46.66586400708184 1.0 5.0 0.0 7662058.101483204 751862.6312556623 1.3875
58946.93316225 2458947.434850264 139.3658640095964 48.5325288050808 1.0 5.0 1.0 7665310.64876992 752195.8968411208 1.3875
58946.966831325 2458947.4685194087 187.84933200571686 1.865872791968286 1.0 6.0 0.0 7644666.259993757 750193.6281282874 1.3875
58946.96812762 2458947.4698157148 189.71599680371583 3.732537589967251 1.0 6.0 1.0 7652439.059820597 750967.8466032222 1.3875
58946.96942392 2458947.471112026 191.58266881015152 5.599209596402943 1.0 6.0 0.0 7649252.544263051 750636.2876401083 1.3875
58946.970720215 2458947.472408332 193.44933360815048 7.465874394401908 1.0 6.0 1.0 7654072.448654361 751124.019447217 1.3875
58946.97201651 2458947.473704638 195.31599840614945 9.332539192400873 1.0 6.0 0.0 7652476.856989264 750931.2323719313 1.3875
58946.973312805 2458947.475000943 197.1826632041484 11.199203990399837 1.0 6.0 1.0 7656496.986947703 751354.410558902 1.3875
58946.9746091 2458947.4762972477 199.04932800214738 13.065868788398802 1.0 6.0 0.0 7655671.601533933 751250.974124156 1.3875
58946.9759054 2458947.477593557 200.91600000858307 14.932540794834495 1.0 6.0 1.0 7657105.087742601 751410.1999324788 1.3875
58946.977201695 2458947.4788898607 202.78266480658203 16.79920559283346 1.0 6.0 0.0 7655054.752230338 751189.4058910551 1.3875
58946.97849799 2458947.480186163 204.649329604581 18.665870390832424 1.0 6.0 1.0 7658836.183297541 751578.1723480977 1.3875
58946.979794290004 2458947.4814824695 206.5160016110167 20.532542397268116 1.0 6.0 0.0 7655411.467060266 751219.4929715438 1.3875
58946.981090585 2458947.48277877 208.38266640901566 22.39920719526708 1.0 6.0 1.0 7656697.70998562 751375.6348513545 1.3875
58946.98238688 2458947.48407507 210.24933120701462 24.265871993266046 1.0 6.0 0.0 7655517.226429464 751231.2743500117 1.3875
58946.983683175 2458947.4853713685 212.11599600501359 26.13253679126501 1.0 6.0 1.0 7659761.814745042 751641.4841186237 1.3875
58946.984979475004 2458947.4866676712 213.98266801144928 27.999208797700703 1.0 6.0 0.0 7656767.611908064 751348.6710050114 1.3875
58946.98627577 2458947.4879639675 215.84933280944824 29.865873595699668 1.0 6.0 1.0 7658826.132206512 751573.9784704489 1.3875
58946.987572065 2458947.4892602633 217.7159976074472 31.732538393698633 1.0 6.0 0.0 7657390.419009009 751404.4048499806 1.3875
58946.98886836 2458947.490556558 219.58266240544617 33.5992031916976 1.0 6.0 1.0 7659077.679912787 751597.1599979621 1.3875
58946.990164660005 2458947.4918528567 221.44933441188186 35.46587519813329 1.0 6.0 0.0 7656529.166089429 751324.8541791075 1.3875
58946.991460955 2458947.4931491497 223.31599920988083 37.332539996132255 1.0 6.0 1.0 7659853.218995112 751671.7986701239 1.3875
58946.99275725 2458947.4944454418 225.1826640078798 39.19920479413122 1.0 6.0 0.0 7661477.822564324 751800.4874294016 1.3875
58946.994053545 2458947.4957417333 227.04932880587876 41.065869592130184 1.0 6.0 1.0 7663408.69556131 752017.0333902822 1.3875
58946.995349845005 2458947.497038029 228.91600081231445 42.93254159856588 1.0 6.0 0.0 7661377.961520399 751791.3709953566 1.3875
58946.99664614 2458947.4983343193 230.78266561031342 44.79920639656484 1.0 6.0 1.0 7663226.8102813205 751997.7565757284 1.3875
58946.997942435 2458947.49963061 232.64933040831238 46.665871194563806 1.0 6.0 0.0 7661901.189582112 751845.2036049453 1.3875
58946.99923873 2458947.5009268997 234.51599520631135 48.53253599256277 1.0 6.0 1.0 7661974.210975455 751878.989935007 1.3875
58947.03290762 2458947.5345958583 282.99919680459425 1.8658656044863164 1.0 7.0 0.0 7647449.316347561 750461.6367941316 1.3875
58947.034203920004 2458947.5358921695 284.86586881102994 3.7325376109220088 1.0 7.0 1.0 7653797.450857564 751099.0278074273 1.3875
58947.035500215 2458947.5371884755 286.7325336090289 5.5992024089209735 1.0 7.0 0.0 7653878.085119248 751080.4796632687 1.3875
58947.03679651 2458947.538484782 288.59919840702787 7.465867206919938 1.0 7.0 1.0 7658946.478625569 751592.2933449093 1.3875
58947.038092805 2458947.5397810875 290.46586320502684 9.332532004918903 1.0 7.0 0.0 7656637.634167241 751343.6764016063 1.3875
58947.0393891 2458947.5410773926 292.3325280030258 11.199196802917868 1.0 7.0 1.0 7658551.791637821 751552.6329875713 1.3875
58947.0406854 2458947.542373702 294.1992000094615 13.06586880935356 1.0 7.0 0.0 7658277.685043164 751500.034407234 1.3875
58947.041981695 2458947.5436700066 296.06586480746046 14.932533607352525 1.0 7.0 1.0 7658416.792156152 751541.0055471666 1.3875
58947.04327799 2458947.5449663093 297.9325296054594 16.79919840535149 1.0 7.0 0.0 7658730.892843583 751548.0681156276 1.3875
58947.044574290005 2458947.5462626168 299.7992016118951 18.665870411787182 1.0 7.0 1.0 7660923.418248901 751780.5261707281 1.3875
58947.045870585 2458947.5475589186 301.6658664098941 20.532535209786147 1.0 7.0 0.0 7658741.038145837 751544.3208960725 1.3875
58947.04716688 2458947.5488552195 303.53253120789304 22.39920000778511 1.0 7.0 1.0 7661573.229957017 751840.6327628273 1.3875
58947.048463175 2458947.550151519 305.399196005892 24.265864805784076 1.0 7.0 0.0 7660096.474605088 751672.914175217 1.3875
58947.049759475005 2458947.5514478222 307.2658680123277 26.13253681221977 1.0 7.0 1.0 7662873.582934791 751968.7683560514 1.3875
58947.05105577 2458947.55274412 309.13253281032667 27.999201610218734 1.0 7.0 0.0 7658551.273559228 751526.6286887621 1.3875
58947.052352065 2458947.5540404166 310.99919760832563 29.8658664082177 1.0 7.0 1.0 7662018.741700158 751885.4627016686 1.3875
58947.05364836 2458947.5553367124 312.8658624063246 31.732531206216663 1.0 7.0 0.0 7660042.4251000965 751668.6801485837 1.3875
58947.054944660005 2458947.556633012 314.7325344127603 33.599203212652355 1.0 7.0 1.0 7662070.4013343705 751883.7389019786 1.3875
58947.056240955004 2458947.5579293054 316.59919921075925 35.46586801065132 1.0 7.0 0.0 7660787.256432013 751733.4030922747 1.3875
58947.05753725 2458947.559225599 318.4658640087582 37.332532808650285 1.0 7.0 1.0 7662019.043991023 751876.6582880121 1.3875
58947.058833545 2458947.560521891 320.3325288067572 39.19919760664925 1.0 7.0 0.0 7659729.07277991 751637.455836433 1.3875
58947.060129845006 2458947.5618181876 322.1992008131929 41.06586961308494 1.0 7.0 1.0 7662828.190582805 751958.4896729965 1.3875
58947.061426140004 2458947.5631144783 324.06586561119184 42.93253441108391 1.0 7.0 0.0 7660458.9522840995 751706.9996978584 1.3875
58947.062722435 2458947.564410769 325.9325304091908 44.79919920908287 1.0 7.0 1.0 7661710.768158522 751846.38322665 1.3875
58947.06401873 2458947.565707059 327.79919520718977 46.66586400708184 1.0 7.0 0.0 7659754.297028092 751636.5838480137 1.3875
58947.065315030006 2458947.567003354 329.66586721362546 48.53253601351753 1.0 7.0 1.0 7662350.3480860535 751912.07794308 1.3875
59120.318630155 2459120.8177504004 1.8658656044863164 1.8658656044863164 2.0 8.0 0.0 7600837.976133096 745990.3643176154 1.3875
59120.319926455 2459120.819046701 3.73253760044463 3.73253760044463 2.0 8.0 1.0 7622796.040893604 748121.5391603955 1.3875
59120.321222750004 2459120.8203429957 5.5992024089209735 5.5992024089209735 2.0 8.0 0.0 7624688.712780153 748278.6827404652 1.3875
59120.322519045 2459120.82163929 7.465867206919938 7.465867206919938 2.0 8.0 1.0 7638685.238828066 749647.3033562892 1.3875
59120.32381534 2459120.822935584 9.332532004918903 9.332532004918903 2.0 8.0 0.0 7638211.968606093 749577.4987044558 1.3875
59120.32511164 2459120.824231882 11.199204000877216 11.199204000877216 2.0 8.0 1.0 7647529.274472485 750496.0811470287 1.3875
59120.326407935 2459120.8255281746 13.065868798876181 13.065868798876181 2.0 8.0 0.0 7644704.161388741 750201.1518618508 1.3875
59120.32770423 2459120.8268244658 14.932533607352525 14.932533607352525 2.0 8.0 1.0 7653048.727383995 751026.0479574724 1.3875
59120.329000525 2459120.8281207564 16.79919840535149 16.79919840535149 2.0 8.0 0.0 7648129.030195271 750530.7679982836 1.3875
59120.330296825 2459120.829417051 18.665870401309803 18.665870401309803 2.0 8.0 1.0 7656071.5468206275 751318.5781775445 1.3875
59120.331593120005 2459120.830713339 20.532535209786147 20.532535209786147 2.0 8.0 0.0 7655508.634151983 751240.4269750066 1.3875
59120.332889415 2459120.832009626 22.39920000778511 22.39920000778511 2.0 8.0 1.0 7657225.815141956 751431.4237774211 1.3875
59120.334185715 2459120.833305917 24.265872003743425 24.265872003743425 2.0 8.0 0.0 7657207.186829301 751405.9854049918 1.3875
59120.33548201 2459120.8346022028 26.13253680174239 26.13253680174239 2.0 8.0 1.0 7660987.929655321 751793.4214043665 1.3875
59120.336778305 2459120.8358984864 27.999201599741355 27.999201599741355 2.0 8.0 0.0 7658363.759970491 751512.930610852 1.3875
59120.338074600004 2459120.837194769 29.8658664082177 29.8658664082177 2.0 8.0 1.0 7662872.3862672085 751972.215125828 1.3875
59120.339370895 2459120.838491051 31.732531206216663 31.732531206216663 2.0 8.0 0.0 7661066.913080489 751779.6382515198 1.3875
59120.340667195 2459120.839787337 33.59920320217498 33.59920320217498 2.0 8.0 1.0 7662341.388751291 751925.6362761123 1.3875
59120.341963490006 2459120.841083617 35.46586801065132 35.46586801065132 2.0 8.0 0.0 7661041.10000871 751772.4836613928 1.3875
59120.343259785004 2459120.842379896 37.332532808650285 37.332532808650285 2.0 8.0 1.0 7662785.165109624 751966.0413165627 1.3875
59120.344556085 2459120.8436761796 39.1992048046086 39.1992048046086 2.0 8.0 0.0 7660992.155283321 751765.5379482599 1.3875
59120.34585238 2459120.844972458 41.06586960260756 41.06586960260756 2.0 8.0 1.0 7664603.038535088 752136.809182432 1.3875
59120.347148675 2459120.846268736 42.93253440060653 42.93253440060653 2.0 8.0 0.0 7662502.223517534 751912.9316467821 1.3875
59120.348444970004 2459120.847565013 44.79919920908287 44.79919920908287 2.0 8.0 1.0 7664433.994281193 752117.9493993085 1.3875
59120.349741265 2459120.8488612906 46.66586400708184 46.66586400708184 2.0 8.0 0.0 7661270.818242187 751792.3138734376 1.3875
59120.351037565 2459120.850157573 48.53253600304015 48.53253600304015 2.0 8.0 1.0 7663710.193796421 752050.9586886573 1.3875
59120.382449785 2459120.8815695937 93.76613280270249 1.866132002323866 2.0 9.0 0.0 7647348.984579955 750465.3070333342 1.3875
59120.383746085 2459120.8828658946 95.6328047986608 3.7328039982821792 2.0 9.0 1.0 7655549.250130058 751276.5965037391 1.3875
59120.38504238 2459120.8841621904 97.49946960713714 5.599468806758523 2.0 9.0 0.0 7654019.784061394 751101.7082653878 1.3875
59120.38633849 2459120.8854583004 99.36586800729856 7.465867206919938 2.0 9.0 1.0 7658718.461186737 751578.1119186275 1.3875
59120.38763497 2459120.88675478 101.23279920313507 9.332798402756453 2.0 9.0 0.0 7656324.081587717 751324.3435229011 1.3875
59120.38893108 2459120.8880508896 103.09919760329649 11.199196802917868 2.0 9.0 1.0 7660632.965804878 751759.688013344 1.3875
59120.390227565 2459120.8893473735 104.96613600756973 13.06613520719111 2.0 9.0 0.0 7657444.1508889925 751429.7453739564 1.3875
59120.39152386 2459120.8906436665 106.8328008055687 14.932800005190074 2.0 9.0 1.0 7660934.94896655 751790.2923474264 1.3875
59120.392820155 2459120.8919399586 108.69946560356766 16.79946480318904 2.0 9.0 0.0 7659212.152135752 751597.6362803248 1.3875
59120.39411627 2459120.89323607 110.56587120168842 18.665870401309803 2.0 9.0 1.0 7662009.278918052 751893.5318928023 1.3875
59120.395412750004 2459120.8945325455 112.43280240800232 20.532801607623696 2.0 9.0 0.0 7658518.7947535245 751528.2948903249 1.3875
59120.396709045 2459120.8958288347 114.29946720600128 22.39946640562266 2.0 9.0 1.0 7663328.05339922 752018.7842610433 1.3875
59120.39800534 2459120.8971251226 116.16613200400025 24.266131203621626 2.0 9.0 0.0 7660230.591719453 751699.962148377 1.3875
59120.399301640005 2459120.898421415 118.03280401043594 26.132803210057318 2.0 9.0 1.0 7663274.5242756065 752010.0962626484 1.3875
59120.400597935004 2459120.8997177007 119.8994688084349 27.999468008056283 2.0 9.0 0.0 7661737.12338329 751840.9409972567 1.3875
59120.40189423 2459120.9010139853 121.76613360643387 29.866132806055248 2.0 9.0 1.0 7664524.229089908 752132.8368796896 1.3875
59120.403190525 2459120.902310269 123.63279840443283 31.732797604054213 2.0 9.0 0.0 7661618.997549423 751817.1352035274 1.3875
59120.404486825 2459120.903606557 125.49947040039115 33.599469600012526 2.0 9.0 1.0 7663742.629333686 752060.6761102219 1.3875
59120.405783120004 2459120.9049028386 127.36613520886749 35.46613440848887 2.0 9.0 0.0 7660378.365746225 751712.165310781 1.3875
59120.407079415 2459120.906199119 129.23280000686646 37.332799206487834 2.0 9.0 1.0 7662335.675011097 751919.9415287469 1.3875
59120.408375715 2459120.9074954037 131.09947200282477 39.19947120244615 2.0 9.0 0.0 7659914.123736086 751666.0136668086 1.3875
59120.40967201 2459120.908791683 132.96613680082373 41.06613600044511 2.0 9.0 1.0 7663856.705188698 752068.1832351626 1.3875
59120.410968305 2459120.9100879612 134.8328015988227 42.93280079844408 2.0 9.0 0.0 7658759.445707557 751552.0489268816 1.3875
59120.4122646 2459120.9113842393 136.69946640729904 44.79946560692042 2.0 9.0 1.0 7662063.274115292 751891.8903998031 1.3875
59120.413560895 2459120.9126805165 138.566131205298 46.666130404919386 2.0 9.0 0.0 7660874.915177561 751753.5723826813 1.3875
59120.414857195 2459120.9139767997 140.43280320125632 48.5328024008777 2.0 9.0 1.0 7661973.716128736 751883.1340780051 1.3875
59120.44857238 2459120.947691755 188.9826696063392 1.865872802445665 2.0 10.0 0.0 7640843.126001996 749840.5584189709 1.3875
59120.449868675 2459120.9489880507 190.84933440433815 3.73253760044463 2.0 10.0 1.0 7647155.276973159 750469.596703098 1.3875
59120.45116497 2459120.9502843465 192.71599920233712 5.599202398443595 2.0 10.0 0.0 7646707.8652256895 750394.9388219259 1.3875
59120.452461265 2459120.951580642 194.58266400033608 7.465867196442559 2.0 10.0 1.0 7652692.655523121 750997.6416291919 1.3875
59120.453757565 2459120.9528769418 196.44933600677177 9.332539202878252 2.0 10.0 0.0 7647743.886575225 750497.8119789883 1.3875
59120.45505386 2459120.954173236 198.31600080477074 11.199204000877216 2.0 10.0 1.0 7653026.122828006 751026.2856009748 1.3875
59120.456350155 2459120.9554695305 200.1826656027697 13.065868798876181 2.0 10.0 0.0 7650284.714740479 750738.8013505589 1.3875
59120.457646455 2459120.9567658287 202.04933759872802 14.932540794834495 2.0 10.0 1.0 7652204.920640228 750944.8625896235 1.3875
59120.45894275 2459120.9580621207 203.91600240720436 16.79920560331084 2.0 10.0 0.0 7652756.237407996 750973.7148548642 1.3875
59120.460239045 2459120.959358412 205.78266720520332 18.665870401309803 2.0 10.0 1.0 7653683.175148801 751095.5729965332 1.3875
59120.46153534 2459120.9606547025 207.6493320032023 20.532535199308768 2.0 10.0 0.0 7651234.298017423 750828.9451976987 1.3875
59120.462831640005 2459120.961950997 209.51600400963798 22.39920720574446 2.0 10.0 1.0 7654797.275463314 751198.9596353865 1.3875
59120.464127935 2459120.9632472848 211.38266880763695 24.265872003743425 2.0 10.0 0.0 7651002.80424243 750809.0669138147 1.3875
59120.46542423 2459120.9645435717 213.2493336056359 26.13253680174239 2.0 10.0 1.0 7653261.139183956 751050.9012702433 1.3875
59120.466720525 2459120.965839858 215.11599840363488 27.999201599741355 2.0 10.0 0.0 7652621.483002897 750962.7671092041 1.3875
59120.468016825 2459120.967136148 216.9826703995932 29.865873595699668 2.0 10.0 1.0 7654438.816135446 751165.0548694857 1.3875
59120.469313120004 2459120.968432431 218.84933520806953 31.73253840417601 2.0 10.0 0.0 7652671.508368039 750968.275038967 1.3875
59120.470609415 2459120.969728714 220.7160000060685 33.59920320217498 2.0 10.0 1.0 7653746.777042484 751099.3784010733 1.3875
59120.471905715 2459120.9710250003 222.5826720020268 35.46587519813329 2.0 10.0 0.0 7651475.970724708 750855.1056676329 1.3875
59120.473202010005 2459120.972321281 224.44933681050315 37.332540006609634 2.0 10.0 1.0 7655441.72887818 751257.7700648209 1.3875
59120.474498305004 2459120.9736175607 226.31600160850212 39.1992048046086 2.0 10.0 0.0 7651258.130340453 750832.0708792699 1.3875
59120.4757946 2459120.9749138397 228.18266640650108 41.06586960260756 2.0 10.0 1.0 7654742.20127748 751191.7572994725 1.3875
59120.477090895 2459120.9762101183 230.04933120450005 42.93253440060653 2.0 10.0 0.0 7651470.11209487 750853.6217482532 1.3875
59120.478387195 2459120.9775064015 231.91600320045836 44.79920639656484 2.0 10.0 1.0 7654483.629657059 751166.6739711999 1.3875
59120.479683490004 2459120.9788026786 233.7826680089347 46.665871205041185 2.0 10.0 0.0 7653471.410186441 751039.9982548009 1.3875
59120.480979785 2459120.980098956 235.64933280693367 48.53253600304015 2.0 10.0 1.0 7655178.22711288 751229.4212893868 1.3875
59120.51469497 2459121.0138139124 284.19919920153916 1.865858396049589 2.0 11.0 0.0 7642870.0419462025 750035.2424480869 1.3875
59120.515991265 2459121.015110208 286.0658639995381 3.7325231940485537 2.0 11.0 1.0 7650710.603735048 750806.4510287504 1.3875
59120.517287565 2459121.016406509 287.9325360059738 5.599195200484246 2.0 11.0 0.0 7649544.474129904 750670.3618991293 1.3875
59120.51858386 2459121.0177028044 289.7992008039728 7.465859998483211 2.0 11.0 1.0 7652580.538071606 750985.8051688113 1.3875
59120.519880155 2459121.0189991 291.66586560197175 9.332524796482176 2.0 11.0 0.0 7651610.5551132085 750869.9053635524 1.3875
59120.521176455004 2459121.0202953997 293.53253760840744 11.199196802917868 2.0 11.0 1.0 7655687.53552244 751279.6311583966 1.3875
59120.52247275 2459121.0215916936 295.3992024064064 13.065861600916833 2.0 11.0 0.0 7653182.778196179 751015.4877933704 1.3875
59120.523769045 2459121.0228879866 297.26586720440537 14.932526398915797 2.0 11.0 1.0 7657335.59762162 751468.3262720557 1.3875
59120.52506534 2459121.024184279 299.13253200240433 16.799191196914762 2.0 11.0 0.0 7653961.841800984 751091.4355304377 1.3875
59120.526361640004 2459121.025480576 300.99920400884 18.665863203350455 2.0 11.0 1.0 7658051.335709849 751541.1433687398 1.3875
59120.527657935 2459121.026776866 302.865868806839 20.53252800134942 2.0 11.0 0.0 7655780.047579694 751266.1843975737 1.3875
59120.52895423 2459121.0280731553 304.73253360483795 22.399192799348384 2.0 11.0 1.0 7657628.489871972 751471.511022588 1.3875
59120.530250525 2459121.0293694437 306.5991984028369 24.26585759734735 2.0 11.0 0.0 7654885.832026434 751181.2768121765 1.3875
59120.531546825 2459121.0306657357 308.46587039879523 26.132529593305662 2.0 11.0 1.0 7657334.988452293 751447.8140812117 1.3875
59120.53284312 2459121.0319620213 310.3325352072716 27.999194401782006 2.0 11.0 0.0 7653543.3974846555 751057.4172832336 1.3875
59120.534139415 2459121.033258306 312.19920000527054 29.86585919978097 2.0 11.0 1.0 7657272.238106742 751434.4968856074 1.3875
59120.535435715 2459121.034554595 314.06587200122885 31.732531195739284 2.0 11.0 0.0 7655202.71813452 751210.8430119383 1.3875
59120.536732010005 2459121.0358508774 315.9325368097052 33.59919600421563 2.0 11.0 1.0 7658523.865385093 751557.0286068391 1.3875
59120.538028305 2459121.0371471588 317.79920160770416 35.46586080221459 2.0 11.0 0.0 7656202.424452785 751306.4307119197 1.3875
59120.5393246 2459121.038443439 319.6658664057031 37.33252560021356 2.0 11.0 1.0 7658816.691167998 751585.9008043777 1.3875
59120.540620895 2459121.0397397196 321.5325312037021 39.19919039821252 2.0 11.0 0.0 7655689.670545363 751259.6048791195 1.3875
59120.541917195 2459121.0410360033 323.3992031996604 41.065862394170836 2.0 11.0 1.0 7656874.359523809 751397.5556116011 1.3875
59120.543213490004 2459121.042332282 325.26586800813675 42.93252720264718 2.0 11.0 0.0 7654385.06966137 751119.5500240356 1.3875
59120.544509785 2459121.0436285594 327.1325328061357 44.799192000646144 2.0 11.0 1.0 7658254.425036556 751525.1322006597 1.3875
59120.545806085 2459121.044924842 328.999204802094 46.66586399660446 2.0 11.0 0.0 7653301.461037839 751023.5310503793 1.3875
59120.547102380006 2459121.0462211194 330.86586961057037 48.5325288050808 2.0 11.0 1.0 7657995.618452322 751502.0366535523 1.3875
59178.899314755 2459179.3987022704 1.8658655940089375 1.8658655940089375 3.0 12.0 0.0 7570806.966761403 743083.5363993786 1.3875
59178.900611054996 2459179.399998604 3.732537589967251 3.732537589967251 3.0 12.0 1.0 7598869.21666728 745830.8000205538 1.3875
59178.901907349995 2459179.401294932 5.599202387966216 5.599202387966216 3.0 12.0 0.0 7602554.104883744 746135.7437239207 1.3875
59178.903203645 2459179.4025912588 7.465867196442559 7.465867196442559 3.0 12.0 1.0 7618625.098215434 747731.8190086576 1.3875
59178.90449994 2459179.4038875857 9.332531994441524 9.332531994441524 3.0 12.0 0.0 7617756.517826066 747598.0842713302 1.3875
59178.905796235 2459179.405183911 11.199196792440489 11.199196792440489 3.0 12.0 1.0 7630725.615051883 748895.5753706261 1.3875
59178.907092535 2459179.4064802397 13.065868798876181 13.065868798876181 3.0 12.0 0.0 7627557.0652242815 748547.1859542895 1.3875
59178.90838883 2459179.407776562 14.932533596875146 14.932533596875146 3.0 12.0 1.0 7637240.845248899 749524.6476610154 1.3875
59178.909685125 2459179.4090728834 16.79919839487411 16.79919839487411 3.0 12.0 0.0 7635063.898256788 749264.7679572335 1.3875
59178.910981425 2459179.410369208 18.665870390832424 18.665870390832424 3.0 12.0 1.0 7642854.22308081 750064.6403109543 1.3875
59178.912277719995 2459179.4116655253 20.53253518883139 20.53253518883139 3.0 12.0 0.0 7639689.6086321 749705.1176051828 1.3875
59178.913574015 2459179.412961841 22.399199997307733 22.399199997307733 3.0 12.0 1.0 7645277.966116897 750269.5746979798 1.3875
59178.91487031 2459179.4142581555 24.265864795306697 24.265864795306697 3.0 12.0 0.0 7641600.863406296 749889.8676211485 1.3875
59178.91616661 2459179.4155544727 26.13253679126501 26.13253679126501 3.0 12.0 1.0 7647831.412710279 750542.7672730747 1.3875
59178.917462904996 2459179.4168507834 27.999201589263976 27.999201589263976 3.0 12.0 0.0 7644152.6311521325 750137.6581935935 1.3875
59178.918759199994 2459179.418147092 29.86586638726294 29.86586638726294 3.0 12.0 1.0 7649324.4458438195 750688.4755264806 1.3875
59178.920055495 2459179.4194433996 31.732531195739284 31.732531195739284 3.0 12.0 0.0 7645266.427437554 750242.0043114915 1.3875
59178.921351795 2459179.420739711 33.5992031916976 33.5992031916976 3.0 12.0 1.0 7650984.216673092 750847.7754320567 1.3875
59178.922648089996 2459179.422036015 35.46586798969656 35.46586798969656 3.0 12.0 0.0 7646647.967768991 750374.366417477 1.3875
59178.923944385 2459179.423332318 37.332532798172906 37.332532798172906 3.0 12.0 1.0 7651189.686404289 750867.188343441 1.3875
59178.925240685 2459179.4246286256 39.19920479413122 39.19920479413122 3.0 12.0 0.0 7647207.86180089 750430.5011525247 1.3875
59178.92653698 2459179.425924927 41.065869592130184 41.065869592130184 3.0 12.0 1.0 7651001.630540756 750853.5208232822 1.3875
59178.927833275 2459179.427221228 42.93253439012915 42.93253439012915 3.0 12.0 0.0 7649213.182395389 750628.2613668708 1.3875
59178.929129569995 2459179.428517528 44.799199188128114 44.799199188128114 3.0 12.0 1.0 7650757.208063067 750830.6482617583 1.3875
59178.96190735 2459179.4612957714 91.99920239509083 1.865872802445665 3.0 13.0 0.0 7633304.771765288 749092.6739935125 1.3875
59178.963203645 2459179.4625921003 93.8658671930898 3.73253760044463 3.0 13.0 1.0 7640458.401084181 749828.0809454 1.3875
59178.964499940004 2459179.4638884296 95.73253200156614 5.5992024089209735 3.0 13.0 0.0 7639217.550945355 749655.3775175938 1.3875
59178.965796235 2459179.4651847584 97.5991967995651 7.465867206919938 3.0 13.0 1.0 7644843.26795944 750223.225966626 1.3875
59178.967092535 2459179.466481092 99.46586879552342 9.332539202878252 3.0 13.0 0.0 7643751.944188198 750095.8881977544 1.3875
59178.96838883 2459179.46777742 101.33253359352238 11.199204000877216 3.0 13.0 1.0 7646616.085106131 750420.8933410897 1.3875
59178.969685125 2459179.4690737473 103.19919839152135 13.065868798876181 3.0 13.0 0.0 7646022.859467181 750314.2610620107 1.3875
59178.970981425 2459179.4703700785 105.06587039795704 14.932540805311874 3.0 13.0 1.0 7648278.890933614 750582.1486994309 1.3875
59178.97227772 2459179.4716664036 106.932535195956 16.79920560331084 3.0 13.0 0.0 7643560.6934562335 750080.07109739 1.3875
59178.973574015 2459179.4729627273 108.79919999395497 18.665870401309803 3.0 13.0 1.0 7650665.938521144 750813.4371194255 1.3875
59178.974870310005 2459179.4742590496 110.66586480243132 20.532535209786147 3.0 13.0 0.0 7647278.028779383 750435.922482202 1.3875
59178.976166609995 2459179.475555375 112.53253678791225 22.39920719526708 3.0 13.0 1.0 7652007.186420545 750945.0236299114 1.3875
59178.977462905 2459179.4768516943 114.3992015963886 24.265872003743425 3.0 13.0 0.0 7647271.240727291 750435.3964086446 1.3875
59178.9787592 2459179.478148011 116.26586639438756 26.13253680174239 3.0 13.0 1.0 7650296.670122632 750779.8889436097 1.3875
59178.980055495 2459179.479444327 118.13253119238652 27.999201599741355 3.0 13.0 0.0 7648671.653841265 750573.402258191 1.3875
59178.981351795 2459179.4807406454 119.99920319882222 29.865873606177047 3.0 13.0 1.0 7649117.167043374 750667.020419248 1.3875
59178.98264809 2459179.4820369575 121.86586799682118 31.73253840417601 3.0 13.0 0.0 7646065.097169262 750316.236797829 1.3875
59178.983944385 2459179.4833332673 123.73253279482014 33.59920320217498 3.0 13.0 1.0 7650794.825091466 750827.2724283589 1.3875
59178.985240685 2459179.4846295808 125.59920479077846 35.46587519813329 3.0 13.0 0.0 7646293.126930036 750340.8214435321 1.3875
59178.986536979995 2459179.485925888 127.46586958877742 37.332539996132255 3.0 13.0 1.0 7649827.319259215 750736.0065082583 1.3875
59178.987833275 2459179.4872221933 129.33253439725377 39.1992048046086 3.0 13.0 0.0 7646034.234641372 750315.2383987718 1.3875
59178.98912957 2459179.4885184974 131.19919919525273 41.06586960260756 3.0 13.0 1.0 7650268.562521001 750775.8191996851 1.3875
59178.990425865 2459179.4898148007 133.0658639932517 42.93253440060653 3.0 13.0 0.0 7649274.723601199 750630.7758355462 1.3875
59178.991722164996 2459179.4911111076 134.93253598921 44.79920639656484 3.0 13.0 1.0 7651671.894386016 750914.291414412 1.3875
59178.993018459994 2459179.4924074085 136.79920078720897 46.665871194563806 3.0 13.0 0.0 7647451.620908174 750454.2456338432 1.3875
59178.994314755 2459179.493703709 138.66586559568532 48.53253600304015 3.0 13.0 1.0 7651116.110146857 750864.3761347036 1.3875
59179.028087905 2459179.527477328 187.29920159094036 1.865872791968286 3.0 14.0 0.0 7627942.9523634035 748570.3596880866 1.3875
59179.029384199996 2459179.528773657 189.16586638893932 3.732537589967251 3.0 14.0 1.0 7636769.812043371 749474.5614137048 1.3875
59179.030680494994 2459179.5300699864 191.0325311869383 5.599202387966216 3.0 14.0 0.0 7633757.248279938 749132.4086219325 1.3875
59179.031976795 2459179.5313663203 192.89920319337398 7.465874394401908 3.0 14.0 1.0 7639303.256293482 749717.2861282388 1.3875
59179.03327309 2459179.532662649 194.76586799137294 9.332539192400873 3.0 14.0 0.0 7635403.925016675 749290.6221010642 1.3875
59179.034569384996 2459179.533958977 196.6325327893719 11.199203990399837 3.0 14.0 1.0 7640669.899002618 749846.032352242 1.3875
59179.035865679994 2459179.5352553045 198.49919758737087 13.065868788398802 3.0 14.0 0.0 7638073.391186683 749547.3171961665 1.3875
59179.03716198 2459179.5365516357 200.36586959380656 14.932540794834495 3.0 14.0 1.0 7641877.724235359 749969.0031782443 1.3875
59179.038458275 2459179.537847961 202.23253439180553 16.79920559283346 3.0 14.0 0.0 7637341.630559641 749477.1607254914 1.3875
59179.039754569996 2459179.5391442846 204.0991991898045 18.665870390832424 3.0 14.0 1.0 7643508.430520155 750126.1806323387 1.3875
59179.04105087 2459179.5404406115 205.9658711962402 20.532542397268116 3.0 14.0 0.0 7637710.336732417 749516.973313035 1.3875
59179.042347165 2459179.541736932 207.83253599423915 22.39920719526708 3.0 14.0 1.0 7644439.327233315 750215.5203539169 1.3875
59179.04364346 2459179.5430332515 209.69920079223812 24.265871993266046 3.0 14.0 0.0 7639174.431005697 749652.9141805618 1.3875
59179.044939755 2459179.5443295687 211.56586559023708 26.13253679126501 3.0 14.0 1.0 7642264.906963251 750004.9397173547 1.3875
59179.046236049995 2459179.545625884 213.43253038823605 27.999201589263976 3.0 14.0 0.0 7640728.0565962205 749804.4944891596 1.3875
59179.04753235 2459179.5469222027 215.29920239467174 29.865873595699668 3.0 14.0 1.0 7643371.879343483 750112.0857109748 1.3875
59179.048828645 2459179.548218515 217.1658671926707 31.732538393698633 3.0 14.0 0.0 7639221.060202152 749658.334064131 1.3875
59179.05012494 2459179.5495148245 219.03253199066967 33.5992031916976 3.0 14.0 1.0 7644097.541461349 750181.3259959607 1.3875
59179.05142124 2459179.550811138 220.89920399710536 35.46587519813329 3.0 14.0 0.0 7639490.175759654 749684.698289323 1.3875
59179.052717535 2459179.5521074445 222.76586879510432 37.332539996132255 3.0 14.0 1.0 7643390.4395398805 750114.952867315 1.3875
59179.05401383 2459179.5534037505 224.6325335931033 39.19920479413122 3.0 14.0 0.0 7640839.905239391 749815.0613506883 1.3875
59179.055310125 2459179.554700054 226.49919839110225 41.065869592130184 3.0 14.0 1.0 7644109.108023347 750159.5969009392 1.3875
59179.056606425 2459179.555996362 228.36587039753795 42.93254159856588 3.0 14.0 0.0 7639627.26193846 749699.9290242805 1.3875
59179.05790272 2459179.557292664 230.2325351955369 44.79920639656484 3.0 14.0 1.0 7643963.227081544 750175.8868739603 1.3875
59179.059199015 2459179.5585889653 232.09919999353588 46.665871194563806 3.0 14.0 0.0 7640099.059561101 749745.2533938901 1.3875
59179.06049531 2459179.559885266 233.96586479153484 48.53253599256277 3.0 14.0 1.0 7642709.297190405 750057.3268984102 1.3875
59179.09426846 2459179.5936588855 282.59920079726726 1.865872802445665 3.0 15.0 0.0 7631042.639806806 748868.0834633976 1.3875
59179.095564755 2459179.594955215 284.4658655952662 3.73253760044463 3.0 15.0 1.0 7640706.772640153 749852.1102641639 1.3875
59179.096861055004 2459179.5962515497 286.3325376017019 5.599209606880322 3.0 15.0 0.0 7637072.240020791 749446.73923139 1.3875
59179.09815735 2459179.5975478785 288.1992023997009 7.465874404879287 3.0 15.0 1.0 7642274.483825463 750003.1349652985 1.3875
59179.099453645 2459179.5988442074 290.06586719769984 9.332539202878252 3.0 15.0 0.0 7638686.0314098485 749606.8237772585 1.3875
59179.10074994 2459179.6001405357 291.9325319956988 11.199204000877216 3.0 15.0 1.0 7643027.030511212 750071.5254252959 1.3875
59179.102046235 2459179.6014368627 293.7991967936978 13.065868798876181 3.0 15.0 0.0 7641047.836836933 749830.745203735 1.3875
59179.103342535 2459179.6027331944 295.66586880013347 14.932540805311874 3.0 15.0 1.0 7643932.19418006 750164.9268094125 1.3875
59179.10463883 2459179.604029519 297.53253359813243 16.79920560331084 3.0 15.0 0.0 7642892.1102946615 750038.0939028924 1.3875
59179.105935125 2459179.605325843 299.3991983961314 18.665870401309803 3.0 15.0 1.0 7645375.234564481 750305.7890209397 1.3875
59179.107231425 2459179.6066221707 301.2658703920897 20.532542397268116 3.0 15.0 0.0 7641280.376159407 749851.8337031923 1.3875
59179.10852772 2459179.607918491 303.13253520056605 22.39920720574446 3.0 15.0 1.0 7645990.389715697 750361.1113721199 1.3875
59179.109824015 2459179.6092148097 304.999199998565 24.265872003743425 3.0 15.0 0.0 7643197.10618969 750038.0793402237 1.3875
59179.11112031 2459179.6105111274 306.865864796564 26.13253680174239 3.0 15.0 1.0 7647134.912836981 750475.2424768412 1.3875
59179.112416610005 2459179.611807448 308.7325368029997 27.999208808178082 3.0 15.0 0.0 7644496.115000737 750164.4266101486 1.3875
59179.113712905004 2459179.613103761 310.59920160099864 29.865873606177047 3.0 15.0 1.0 7647577.129123516 750517.4594778538 1.3875
59179.1150092 2459179.614400073 312.4658663989976 31.73253840417601 3.0 15.0 0.0 7643428.815095204 750060.4509788456 1.3875
59179.116305495 2459179.615696383 314.33253119699657 33.59920320217498 3.0 15.0 1.0 7646991.775487632 750463.2037996001 1.3875
59179.117601795 2459179.6169926967 316.1992031929549 35.46587519813329 3.0 15.0 0.0 7643069.423980055 750026.5816558037 1.3875
59179.118898090004 2459179.618289003 318.0658680014312 37.332540006609634 3.0 15.0 1.0 7646743.37632495 750439.1891797656 1.3875
59179.120194385 2459179.6195853082 319.9325327994302 39.1992048046086 3.0 15.0 0.0 7644143.583061807 750132.8623118642 1.3875
59179.121490685 2459179.620881617 321.7992047953885 41.06587680056691 3.0 15.0 1.0 7647266.4137942055 750488.1655244901 1.3875
59179.12278698 2459179.6221779203 323.66586959338747 42.93254159856588 3.0 15.0 0.0 7642775.104569333 749998.0305021664 1.3875
59179.124083275 2459179.623474222 325.53253439138643 44.79920639656484 3.0 15.0 1.0 7647194.912597115 750486.1728479253 1.3875
59179.12537957 2459179.624770523 327.3991991998628 46.665871205041185 3.0 15.0 0.0 7643708.099999522 750092.4185496905 1.3875
59179.126675865 2459179.6260668235 329.26586399786174 48.53253600304015 3.0 15.0 1.0 7646993.239747145 750470.3805298063 1.3875
59269.031274124995 2459269.53252416 1.8661391898058355 1.8661391898058355 4.0 16.0 0.0 7566870.213837616 742706.299479524 1.3875
59269.03257042 2459269.5338204913 3.7328039982821792 3.7328039982821792 4.0 16.0 1.0 7599139.5976278465 745853.166449617 1.3875
59269.033866715006 2459269.535116822 5.599468806758523 5.599468806758523 4.0 16.0 0.0 7604640.476415345 746339.5958422212 1.3875
59269.035163010005 2459269.536413152 7.466133604757488 7.466133604757488 4.0 16.0 1.0 7623064.440336143 748151.8829992851 1.3875
59269.036459309995 2459269.5377094857 9.332805590238422 9.332805590238422 4.0 16.0 0.0 7621826.64933145 747987.5574709525 1.3875
59269.03775560499 2459269.539005813 11.199470388237387 11.199470388237387 4.0 16.0 1.0 7632922.81612788 749100.6114534626 1.3875
59269.0390519 2459269.54030214 13.06613519671373 13.06613519671373 4.0 16.0 0.0 7632906.576210419 749054.1779790231 1.3875
59269.040348195005 2459269.5415984653 14.932800005190074 14.932800005190074 4.0 16.0 1.0 7641429.149438039 749919.100230372 1.3875
59269.041644494995 2459269.542894794 16.79947199067101 16.79947199067101 4.0 16.0 0.0 7638693.107392844 749611.7514028882 1.3875
59269.04294079 2459269.544191116 18.666136799147353 18.666136799147353 4.0 16.0 1.0 7645651.188708431 750322.1705112392 1.3875
59269.04423708501 2459269.545487437 20.532801607623696 20.532801607623696 4.0 16.0 0.0 7642444.9458476985 749965.7777393067 1.3875
59269.045533380006 2459269.5467837555 22.39946640562266 22.39946640562266 4.0 16.0 1.0 7649757.423759096 750717.4442431119 1.3875
59269.046829679995 2459269.5480800774 24.266138391103595 24.266138391103595 4.0 16.0 0.0 7645820.523677413 750290.9909935562 1.3875
59269.048125789996 2459269.549376208 26.13253679126501 26.13253679126501 4.0 16.0 1.0 7652116.941828329 750935.8662195397 1.3875
59269.049422085 2459269.5506725213 27.999201599741355 27.999201599741355 4.0 16.0 0.0 7648828.366075998 750575.6010877521 1.3875
59269.050718385 2459269.551968838 29.865873595699668 29.865873595699668 4.0 16.0 1.0 7651621.059113991 750887.9089576384 1.3875
59269.05201468 2459269.5532651492 31.732538393698633 31.732538393698633 4.0 16.0 0.0 7649104.179398269 750602.0526656025 1.3875
59269.053310974996 2459269.5545614576 33.5992031916976 33.5992031916976 4.0 16.0 1.0 7652979.975505032 751016.5644345653 1.3875
59269.054607269994 2459269.555857765 35.46586798969656 35.46586798969656 4.0 16.0 0.0 7652016.138684966 750875.6296386892 1.3875
59269.055903565 2459269.557154072 37.332532798172906 37.332532798172906 4.0 16.0 1.0 7656403.127164999 751347.4114753994 1.3875
59269.057199865 2459269.558450382 39.19920479413122 39.19920479413122 4.0 16.0 0.0 7651731.838448937 750850.3989072028 1.3875
59269.058496159996 2459269.559746687 41.065869592130184 41.065869592130184 4.0 16.0 1.0 7655334.147276727 751241.6543406964 1.3875
59269.059792455 2459269.5610429905 42.93253440060653 42.93253440060653 4.0 16.0 0.0 7652205.435058286 750898.0301142226 1.3875
59269.061088755 2459269.562339299 44.79920639656484 44.79920639656484 4.0 16.0 1.0 7655257.540107265 751235.3988758284 1.3875
59269.06238505 2459269.5636356026 46.665871194563806 46.665871194563806 4.0 16.0 0.0 7652360.849226097 750914.6214630908 1.3875
59269.063681345 2459269.5649319054 48.53253599256277 48.53253599256277 4.0 16.0 1.0 7657026.753715934 751406.993248912 1.3875
59269.097373565004 2459269.5986247375 97.04933280358091 1.8658656044863164 4.0 17.0 0.0 7638637.040895051 749608.0188346124 1.3875
59269.098669865 2459269.5999210733 98.91600479953922 3.73253760044463 4.0 17.0 1.0 7646962.496264056 750430.1336647957 1.3875
59269.09996616 2459269.6012174035 100.78266959753819 5.599202398443595 4.0 17.0 0.0 7645504.138994168 750264.637975662 1.3875
59269.101262455 2459269.6025137333 102.64933439553715 7.465867196442559 4.0 17.0 1.0 7650148.93785712 750758.2343922292 1.3875
59269.102558754996 2459269.6038100673 104.51600639149547 9.332539192400873 4.0 17.0 0.0 7647096.348194605 750416.8689255471 1.3875
59269.103855049994 2459269.605106395 106.38267118949443 11.199203990399837 4.0 17.0 1.0 7653531.480242604 751079.2684454356 1.3875
59269.105151345 2459269.6064027217 108.24933599797077 13.065868798876181 4.0 17.0 0.0 7651697.9670359185 750853.4886289675 1.3875
59269.10644764 2459269.607699047 110.11600079596974 14.932533596875146 4.0 17.0 1.0 7653397.164620333 751062.3031200909 1.3875
59269.107743935 2459269.6089953706 111.9826655939687 16.79919839487411 4.0 17.0 0.0 7651863.028157294 750869.7198714012 1.3875
59269.109040235 2459269.610291698 113.8493376004044 18.665870401309803 4.0 17.0 1.0 7653946.481544835 751119.376398572 1.3875
59269.11033653 2459269.611588018 115.71600239840336 20.532535199308768 4.0 17.0 0.0 7651089.09187489 750793.0365316637 1.3875
59269.111632825 2459269.612884337 117.58266719640233 22.399199997307733 4.0 17.0 1.0 7653073.133638467 751033.4254539547 1.3875
59269.112929124996 2459269.614180659 119.44933919236064 24.265871993266046 4.0 17.0 0.0 7653684.734110894 751045.8102929384 1.3875
59269.114225419995 2459269.6154769748 121.3160039903596 26.13253679126501 4.0 17.0 1.0 7655445.000621226 751258.482116034 1.3875
59269.115521715 2459269.616773288 123.18266879883595 27.999201599741355 4.0 17.0 0.0 7653234.017931423 751000.4238803615 1.3875
59269.11681801 2459269.6180696 125.04933359683491 29.86586639774032 4.0 17.0 1.0 7654567.58048372 751175.4396232745 1.3875
59269.11811431 2459269.619365915 126.91600559279323 31.732538393698633 4.0 17.0 0.0 7653126.996658865 750986.8184868221 1.3875
59269.119410605 2459269.6206622245 128.78267040126957 33.59920320217498 4.0 17.0 1.0 7654954.775423559 751208.4687833568 1.3875
59269.1207069 2459269.6219585324 130.64933519926853 35.46586800017394 4.0 17.0 0.0 7652418.1592881605 750920.8751361751 1.3875
59269.122003195 2459269.6232548384 132.5159999972675 37.332532798172906 4.0 17.0 1.0 7655876.861481478 751295.7873970838 1.3875
59269.123299495 2459269.624551149 134.3826719932258 39.19920479413122 4.0 17.0 0.0 7653470.637903596 751018.1711786205 1.3875
59269.124595789996 2459269.6258474537 136.24933679122478 41.065869592130184 4.0 17.0 1.0 7653063.071517158 751028.6586951404 1.3875
59269.125892085 2459269.627143758 138.11600159970112 42.93253440060653 4.0 17.0 0.0 7652465.697712145 750924.2880713934 1.3875
59269.127188385 2459269.6284400662 139.98267359565943 44.79920639656484 4.0 17.0 1.0 7654210.919260317 751135.3283559333 1.3875
59269.12848468 2459269.6297363695 141.8493383936584 46.665871194563806 4.0 17.0 0.0 7650808.8421842335 750763.3532065692 1.3875
59269.129780974996 2459269.6310326727 143.71600319165736 48.53253599256277 4.0 17.0 1.0 7653434.235107466 751061.2902136038 1.3875
59269.163473010005 2459269.664725318 192.23253360483795 1.8658656044863164 4.0 18.0 0.0 7631205.15432657 748890.5835217007 1.3875
59269.164769309995 2459269.666021654 194.0992055903189 3.732537589967251 4.0 18.0 1.0 7638946.613513067 749634.5999078826 1.3875
59269.16606560499 2459269.667317984 195.96587038831785 5.599202387966216 4.0 18.0 0.0 7638115.6872294415 749553.6046744804 1.3875
59269.1673619 2459269.668614314 197.8325351967942 7.465867196442559 4.0 18.0 1.0 7641514.927661418 749904.2246184598 1.3875
59269.168658195005 2459269.669910643 199.69920000527054 9.332532004918903 4.0 18.0 0.0 7641274.5778307 749855.2632526782 1.3875
59269.169954494995 2459269.6712069754 201.56587199075148 11.199203990399837 4.0 18.0 1.0 7644022.79727995 750144.1016324805 1.3875
59269.17125079 2459269.672503302 203.43253679922782 13.065868798876181 4.0 18.0 0.0 7642445.260564502 749965.7906876568 1.3875
59269.17254708501 2459269.6737996275 205.29920160770416 14.932533607352525 4.0 18.0 1.0 7645551.660353225 750307.6865643159 1.3875
59269.173843380006 2459269.6750959507 207.16586640570313 16.79919840535149 4.0 18.0 0.0 7645269.553238217 750236.1233629067 1.3875
59269.175139679995 2459269.676392278 209.03253839118406 18.665870390832424 4.0 18.0 1.0 7647319.123817072 750461.5068260953 1.3875
59269.176435974994 2459269.677688598 210.89920318918303 20.53253518883139 4.0 18.0 0.0 7644548.7054636115 750172.6749254579 1.3875
59269.17773227 2459269.6789849172 212.76586799765937 22.399199997307733 4.0 18.0 1.0 7646574.269624121 750384.6816943134 1.3875
59269.17902857 2459269.6802812396 214.63253999361768 24.265871993266046 4.0 18.0 0.0 7644314.833821931 750140.9111763272 1.3875
59269.180324864996 2459269.681577555 216.49920479161665 26.13253679126501 4.0 18.0 1.0 7648968.57095999 750661.237107983 1.3875
59269.181621159994 2459269.6828738684 218.3658695896156 27.999201589263976 4.0 18.0 0.0 7643714.391243396 750082.1932449088 1.3875
59269.18291745499 2459269.6841701805 220.23253438761458 29.86586638726294 4.0 18.0 1.0 7649524.797006785 750708.789636705 1.3875
59269.18421375 2459269.685466491 222.09919919609092 31.732531195739284 4.0 18.0 0.0 7645602.6623061625 750259.7462906885 1.3875
59269.185510049996 2459269.686762805 223.96587119204924 33.5992031916976 4.0 18.0 1.0 7647746.929567928 750472.3207375658 1.3875
59269.186806344995 2459269.6880591125 225.8325359900482 35.46586798969656 4.0 18.0 0.0 7645158.844882791 750221.4701763925 1.3875
59269.18810264 2459269.6893554195 227.69920079852454 37.332532798172906 4.0 18.0 1.0 7650851.02329974 750800.7971652995 1.3875
59269.18939894 2459269.6906517297 229.56587279448286 39.19920479413122 4.0 18.0 0.0 7648394.506722778 750529.5879348349 1.3875
59269.190695235 2459269.6919480343 231.43253759248182 41.065869592130184 4.0 18.0 1.0 7651915.238875063 750914.1590207984 1.3875
59269.191991529995 2459269.6932443385 233.2992023904808 42.93253439012915 4.0 18.0 0.0 7650395.048360596 750720.4344381926 1.3875
59269.19328782499 2459269.694540642 235.16586718847975 44.799199188128114 4.0 18.0 1.0 7651934.686990533 750915.0504806397 1.3875
59269.194584125 2459269.6958369506 237.03253919491544 46.665871194563806 4.0 18.0 0.0 7652316.049845265 750909.4110958199 1.3875
59269.19588042 2459269.697133254 238.8992039929144 48.53253599256277 4.0 18.0 1.0 7651910.354043734 750913.2324182473 1.3875
59269.229584125 2459269.7308375677 287.4325391999446 1.865872802445665 4.0 19.0 0.0 7636837.46743659 749429.7751216089 1.3875
59269.23088042 2459269.732133899 289.29920399794355 3.73253760044463 4.0 19.0 1.0 7642670.636693517 750017.9467662121 1.3875
59269.232176715 2459269.7334302287 291.1658687959425 5.599202398443595 4.0 19.0 0.0 7641271.246532481 749855.4694660287 1.3875
59269.23347301 2459269.7347265584 293.0325335939415 7.465867196442559 4.0 19.0 1.0 7646295.720199569 750364.3685792749 1.3875
59269.23476931 2459269.736022892 294.8992056003772 9.332539202878252 4.0 19.0 0.0 7644309.867577332 750146.7296863946 1.3875
59269.236065605 2459269.73731922 296.76587039837614 11.199204000877216 4.0 19.0 1.0 7648549.791536376 750604.0363268321 1.3875
59269.2373619 2459269.7386155464 298.6325351963751 13.065868798876181 4.0 19.0 0.0 7647821.040404421 750486.4578367553 1.3875
59269.238658195 2459269.7399118715 300.49919999437407 14.932533596875146 4.0 19.0 1.0 7648469.637180596 750544.5036583061 1.3875
59269.239954495 2459269.7412082 302.36587200080976 16.79920560331084 4.0 19.0 0.0 7648544.779853069 750548.4935406651 1.3875
59269.24125079 2459269.742504522 304.2325367988087 18.665870401309803 4.0 19.0 1.0 7649608.74821777 750681.9522400284 1.3875
59269.242547085 2459269.7438008427 306.0992015968077 20.532535199308768 4.0 19.0 0.0 7648023.925534771 750500.5292494624 1.3875
59269.24384338 2459269.7450971613 307.96586639480665 22.399199997307733 4.0 19.0 1.0 7649910.729629795 750705.8543698193 1.3875
59269.24513968 2459269.7463934836 309.83253840124235 24.265872003743425 4.0 19.0 0.0 7648351.466421236 750531.6450614014 1.3875
59269.246435975 2459269.747689799 311.6992031992413 26.13253680174239 4.0 19.0 1.0 7650014.582173075 750736.1720010509 1.3875
59269.24773227 2459269.748986113 313.5658679972403 27.999201599741355 4.0 19.0 0.0 7646883.389209948 750385.3099132637 1.3875
59269.249028570004 2459269.7502824296 315.43254000367597 29.865873606177047 4.0 19.0 1.0 7650406.694116977 750750.4269897293 1.3875
59269.250324865 2459269.7515787403 317.29920480167493 31.73253840417601 4.0 19.0 0.0 7646292.612929522 750331.2674564659 1.3875
59269.25162116 2459269.7528750496 319.1658695996739 33.59920320217498 4.0 19.0 1.0 7648494.644015205 750568.8440436859 1.3875
59269.252917455 2459269.754171357 321.03253439767286 35.46586800017394 4.0 19.0 0.0 7647516.30594626 750443.2785557569 1.3875
59269.25421375 2459269.7554676635 322.8991991956718 37.332532798172906 4.0 19.0 1.0 7648796.9519191785 750592.2412264533 1.3875
59269.25551005 2459269.756763974 324.7658712021075 39.1992048046086 4.0 19.0 0.0 7647174.998091986 750411.1172437423 1.3875
59269.256806345 2459269.7580602793 326.6325360001065 41.06586960260756 4.0 19.0 1.0 7649253.532011285 750638.9792175894 1.3875
59269.25810264 2459269.759356583 328.49920079810545 42.93253440060653 4.0 19.0 0.0 7647610.184558684 750454.1912535953 1.3875
59269.259398940005 2459269.760652892 330.36587280454114 44.79920640704222 4.0 19.0 1.0 7648828.800378553 750596.2950546475 1.3875
59269.260695235 2459269.761949195 332.2325376025401 46.665871205041185 4.0 19.0 0.0 7647946.141487514 750484.9303367859 1.3875
59269.26199153 2459269.7632454988 334.09920240053907 48.53253600304015 4.0 19.0 1.0 7650070.521942896 750717.4103900768 1.3875
