# %ECSV 0.9
# ---
# datatype:
# - {name: t_mjd, datatype: float64}
# - {name: t_bjd, datatype: float64}
# - {name: t_visit, datatype: float64}
# - {name: t_orbit, datatype: float64}
# - {name: ivisit, datatype: float64}
# - {name: iorbit, datatype: float64}
# - {name: scan, datatype: float64}
# - {name: spec_opt, datatype: float64}
# - {name: var_opt, datatype: float64}
# - {name: wave, datatype: float64}
# schema: astropy-2.0
t_mjd t_bjd t_visit t_orbit ivisit iorbit scan spec_opt var_opt wave
58888.252084215 2458888.753034453 1.8658655940089375 1.8658655940089375 0.0 0.0 0.0 6107070.264281135 601129.0585999506 1.1488636363636364
58888.253380509996 2458888.7543307883 3.7325303920079023 3.7325303920079023 0.0 0.0 1.0 6144232.325445188 604716.364628842 1.1488636363636364
58888.25467699 2458888.755627308 5.5994615983217955 5.5994615983217955 0.0 0.0 0.0 6153692.606523635 605608.0111527491 1.1488636363636364
58888.255973105 2458888.756923462 7.465867196442559 7.465867196442559 0.0 0.0 1.0 6171048.884776375 607312.3223266434 1.1488636363636364
58888.2572694 2458888.7582197953 9.332531994441524 9.332531994441524 0.0 0.0 0.0 6174143.958513823 607569.7560582275 1.1488636363636364
58888.258565694996 2458888.7595161274 11.199196792440489 11.199196792440489 0.0 0.0 1.0 6184740.82628621 608631.5071677791 1.1488636363636364
58888.259861989995 2458888.7608124586 13.065861590439454 13.065861590439454 0.0 0.0 0.0 6185770.003454855 608688.1998516276 1.1488636363636364
58888.261158285 2458888.7621087884 14.932526398915797 14.932526398915797 0.0 0.0 1.0 6195482.572437204 609634.2459087837 1.1488636363636364
58888.262454585 2458888.763405122 16.79919839487411 16.79919839487411 0.0 0.0 0.0 6195920.517011475 609654.2301150904 1.1488636363636364
58888.263750879996 2458888.7647014484 18.665863192873076 18.665863192873076 0.0 0.0 1.0 6199295.616207747 609997.5399695925 1.1488636363636364
58888.265047175 2458888.765997773 20.53252800134942 20.53252800134942 0.0 0.0 0.0 6198475.799195453 609901.7825915589 1.1488636363636364
58888.266343475 2458888.7672941014 22.399199997307733 22.399199997307733 0.0 0.0 1.0 6202581.16755781 610311.1194177378 1.1488636363636364
58888.26763977 2458888.7685904233 24.265864795306697 24.265864795306697 0.0 0.0 0.0 6202946.8275189 610334.1222336073 1.1488636363636364
58888.268936065 2458888.7698867433 26.132529593305662 26.132529593305662 0.0 0.0 1.0 6206885.492917646 610744.8989086711 1.1488636363636364
58888.270232359995 2458888.7711830614 27.999194391304627 27.999194391304627 0.0 0.0 0.0 6205678.907931081 610593.4861853694 1.1488636363636364
58888.27152866 2458888.772479383 29.86586639774032 29.86586639774032 0.0 0.0 1.0 6208496.429723607 610880.2566492696 1.1488636363636364
58888.272824955 2458888.773775698 31.732531195739284 31.732531195739284 0.0 0.0 0.0 6206361.673539505 610654.5788999157 1.1488636363636364
58888.274121434995 2458888.7750721965 33.5994623915758 33.5994623915758 0.0 0.0 1.0 6210643.506518131 611111.9837975161 1.1488636363636364
58888.275417545 2458888.776368324 35.46586080221459 35.46586080221459 0.0 0.0 0.0 6209688.533195139 610975.2853133992 1.1488636363636364
58888.276713845 2458888.77766464 37.332532798172906 37.332532798172906 0.0 0.0 1.0 6210780.62505514 611095.3466553425 1.1488636363636364
58888.27801014 2458888.7789609507 39.19919759617187 39.19919759617187 0.0 0.0 0.0 6209680.0680880165 610975.4868272928 1.1488636363636364
58888.279306435 2458888.78025726 41.065862394170836 41.065862394170836 0.0 0.0 1.0 6212304.770001745 611263.1288677193 1.1488636363636364
58888.280602735 2458888.7815535734 42.93253440060653 42.93253440060653 0.0 0.0 0.0 6211678.29962851 611163.3593090026 1.1488636363636364
58888.28189903 2458888.782849882 44.79919919860549 44.79919919860549 0.0 0.0 1.0 6212371.074632868 611247.7764323377 1.1488636363636364
58888.283195325 2458888.78414619 46.66586399660446 46.66586399660446 0.0 0.0 0.0 6212003.277042343 611198.6258616351 1.1488636363636364
58888.28449162 2458888.7854424976 48.53252879460342 48.53252879460342 0.0 0.0 1.0 6214822.098780136 611507.6016169462 1.1488636363636364
58888.318183845 2458888.8191354494 97.04933279310353 1.866132002323866 0.0 1.0 0.0 6197585.620835981 609817.4053860145 1.1488636363636364
58888.319480139995 2458888.8204317843 98.9159975911025 3.7327968003228307 0.0 1.0 1.0 6205183.050218284 610588.15311284 1.1488636363636364
58888.320776435 2458888.821728119 100.78266239957884 5.599461608799174 0.0 1.0 0.0 6204104.314179105 610451.4074845316 1.1488636363636364
58888.322072735 2458888.8230244583 102.64933439553715 7.466133604757488 0.0 1.0 1.0 6208136.426628952 610869.8991919652 1.1488636363636364
58888.32336903 2458888.8243207913 104.51599919353612 9.332798402756453 0.0 1.0 0.0 6207596.881896017 610779.4034401937 1.1488636363636364
58888.324665325 2458888.825617124 106.38266400201246 11.199463211232796 0.0 1.0 1.0 6208748.685010276 610928.9361964476 1.1488636363636364
58888.32596162 2458888.826913455 108.24932880001143 13.066128009231761 0.0 1.0 0.0 6208556.093856899 610871.5037548313 1.1488636363636364
58888.32725773 2458888.8282095995 110.11572720017284 14.932526409393176 0.0 1.0 1.0 6211056.068576221 611149.5310247913 1.1488636363636364
58888.328554215 2458888.8295061174 111.9826655939687 16.79946480318904 0.0 1.0 0.0 6208732.794582603 610887.2196650759 1.1488636363636364
58888.329850509996 2458888.830802444 113.84933039196767 18.666129601188004 0.0 1.0 1.0 6212335.557821425 611271.8333997643 1.1488636363636364
58888.331146805 2458888.8320987695 115.71599520044401 20.532794409664348 0.0 1.0 0.0 6208930.8375689015 610909.2723762925 1.1488636363636364
58888.332443105 2458888.833395098 117.58266719640233 22.39946640562266 0.0 1.0 1.0 6211925.987196132 611209.6180125312 1.1488636363636364
58888.3337394 2458888.8346914193 119.44933199440129 24.266131203621626 0.0 1.0 0.0 6210170.293387407 611022.0692463623 1.1488636363636364
58888.335035694996 2458888.8359877393 121.31599679240026 26.13279600162059 0.0 1.0 1.0 6211204.260395192 611160.1102871827 1.1488636363636364
58888.336331989995 2458888.837284058 123.18266159039922 27.999460799619555 0.0 1.0 0.0 6209729.087015946 610979.9094787313 1.1488636363636364
58888.337628099995 2458888.8385801897 125.04905999056064 29.86585919978097 0.0 1.0 1.0 6210525.251118645 611080.2365061386 1.1488636363636364
58888.338924585 2458888.8398766946 126.91599839483388 31.732797604054213 0.0 1.0 0.0 6212127.823363906 611208.551060008 1.1488636363636364
58888.340220879996 2458888.841173008 128.78266319283284 33.59946240205318 0.0 1.0 1.0 6213488.206275794 611380.1561583589 1.1488636363636364
58888.341517175 2458888.842469321 130.6493280013092 35.46612721052952 0.0 1.0 0.0 6210815.723544342 611083.3094214961 1.1488636363636364
58888.34281329 2458888.8437654525 132.51573359942995 37.332532808650285 0.0 1.0 1.0 6212381.508591977 611251.2845926277 1.1488636363636364
58888.34410977 2458888.845061947 134.38266479526646 39.1994640044868 0.0 1.0 0.0 6213191.146926235 611308.0328555466 1.1488636363636364
58888.345406065 2458888.8463582564 136.24932959326543 41.066128802485764 0.0 1.0 1.0 6212057.599993152 611218.8305202449 1.1488636363636364
58888.346702359995 2458888.8476545657 138.1159943912644 42.93279360048473 0.0 1.0 0.0 6211880.483750255 611180.2913883899 1.1488636363636364
58888.34799866 2458888.8489508787 139.9826663977001 44.79946560692042 0.0 1.0 1.0 6210991.121225928 611141.2697247589 1.1488636363636364
58888.349294955 2458888.8502471866 141.84933119569905 46.666130404919386 0.0 1.0 0.0 6211128.0165925985 611112.9628465874 1.1488636363636364
58888.35059125 2458888.8515434945 143.71599599369802 48.53279520291835 0.0 1.0 1.0 6212641.383171229 611292.288406796 1.1488636363636364
58888.384294955 2458888.8852479253 192.2493312007282 1.866132002323866 0.0 2.0 0.0 6194381.44507885 609508.0977017811 1.1488636363636364
58888.38559125 2458888.8865442607 194.11599599872716 3.7327968003228307 0.0 2.0 1.0 6200182.80553375 610112.9711720868 1.1488636363636364
58888.38688736 2458888.88784041 195.98239439888857 5.599195200484246 0.0 2.0 0.0 6199249.697013314 609973.683997732 1.1488636363636364
58888.388183845 2458888.8891369347 197.84933280316181 7.466133604757488 0.0 2.0 1.0 6202540.620642801 610334.8388962431 1.1488636363636364
58888.389479955 2458888.890433083 199.71573120332323 9.332532004918903 0.0 2.0 0.0 6203820.761770482 610418.6099712343 1.1488636363636364
58888.390776435 2458888.8917295993 201.58266239915974 11.199463200755417 0.0 2.0 1.0 6204884.401600657 610562.1942229568 1.1488636363636364
58888.392072735 2458888.8930259356 203.44933439511806 13.06613519671373 0.0 2.0 0.0 6202449.708434805 610283.8822820311 1.1488636363636364
58888.393369030004 2458888.8943222654 205.3159992035944 14.932800005190074 0.0 2.0 1.0 6204687.31683289 610537.4542959719 1.1488636363636364
58888.394665325 2458888.8956185933 207.18266400159337 16.79946480318904 0.0 2.0 0.0 6202525.579524906 610292.3231893968 1.1488636363636364
58888.39596162 2458888.89691492 209.04932879959233 18.666129601188004 0.0 2.0 1.0 6204445.81824427 610513.3862407748 1.1488636363636364
58888.397257915 2458888.898211245 210.9159935975913 20.53279439918697 0.0 2.0 0.0 6204977.421868069 610522.6247258992 1.1488636363636364
58888.398554215004 2458888.899507574 212.782665604027 22.39946640562266 0.0 2.0 1.0 6205366.062890251 610597.3752799138 1.1488636363636364
58888.39985051 2458888.900803895 214.64933040202595 24.266131203621626 0.0 2.0 0.0 6204542.901945139 610480.9731029785 1.1488636363636364
58888.401146805 2458888.902100215 216.51599520002492 26.13279600162059 0.0 2.0 1.0 6205222.87137426 610583.1873772949 1.1488636363636364
58888.402443105 2458888.9033965385 218.38266719598323 27.999467997578904 0.0 2.0 0.0 6204672.58220791 610487.4804884146 1.1488636363636364
58888.403739400004 2458888.9046928557 220.24933200445957 29.866132806055248 0.0 2.0 1.0 6205400.255942927 610601.289323665 1.1488636363636364
58888.405035695 2458888.9059891705 222.11599680245854 31.732797604054213 0.0 2.0 0.0 6203769.95437551 610403.054282801 1.1488636363636364
58888.40633199 2458888.9072854845 223.9826616004575 33.59946240205318 0.0 2.0 1.0 6205117.40424571 610575.2955212469 1.1488636363636364
58888.407628285 2458888.9085817966 225.84932639845647 35.46612720005214 0.0 2.0 0.0 6206909.428878294 610706.2779759557 1.1488636363636364
58888.408924585 2458888.9098781133 227.71599839441478 37.332799196010455 0.0 2.0 1.0 6205920.441093774 610654.3543620256 1.1488636363636364
58888.41022088 2458888.9111744235 229.58266320289113 39.1994640044868 0.0 2.0 0.0 6205879.020048273 610606.7362367763 1.1488636363636364
58888.411517175 2458888.912470733 231.4493280008901 41.066128802485764 0.0 2.0 1.0 6205716.306641128 610629.3736238675 1.1488636363636364
58888.412813475 2458888.9137670468 233.3159999968484 42.93280079844408 0.0 2.0 0.0 6208123.059779802 610819.849975303 1.1488636363636364
58888.414109770005 2458888.9150633556 235.18266480532475 44.79946560692042 0.0 2.0 1.0 6208726.357270371 610922.2015621668 1.1488636363636364
58888.415406065 2458888.9163596635 237.0493296033237 46.666130404919386 0.0 2.0 0.0 6209142.970196127 610921.66351483 1.1488636363636364
58888.41670236 2458888.9176559714 238.91599440132268 48.53279520291835 0.0 2.0 1.0 6211017.893025434 611136.4528679935 1.1488636363636364
58888.450417545 2458888.951371881 287.46586079592817 1.8658656044863164 0.0 3.0 0.0 6197898.513087929 609867.7712841362 1.1488636363636364
58888.451713845 2458888.952668221 289.33253280236386 3.7325376109220088 0.0 3.0 1.0 6202393.10331956 610322.571988686 1.1488636363636364
58888.45301014 2458888.9539645556 291.1991976003628 5.5992024089209735 0.0 3.0 0.0 6202538.706457043 610291.8293530474 1.1488636363636364
58888.454306435 2458888.9552608896 293.0658623983618 7.465867206919938 0.0 3.0 1.0 6203467.208903252 610423.8416103913 1.1488636363636364
58888.455602735 2458888.9565572278 294.9325343943201 9.332539202878252 0.0 3.0 0.0 6203329.179045425 610367.5337191244 1.1488636363636364
58888.45689903 2458888.95785356 296.79919920279644 11.199204011354595 0.0 3.0 1.0 6206018.227114066 610669.6428104923 1.1488636363636364
58888.458195325 2458888.959149891 298.6658640007954 13.06586880935356 0.0 3.0 0.0 6205602.864936318 610587.5250049626 1.1488636363636364
58888.45949162 2458888.9604462204 300.5325287987944 14.932533607352525 0.0 3.0 1.0 6207119.94501659 610777.6382577838 1.1488636363636364
58888.460787915 2458888.9617425487 302.39919359679334 16.79919840535149 0.0 3.0 0.0 6206481.015730422 610670.7982900084 1.1488636363636364
58888.462084215 2458888.9630388804 304.26586560322903 18.665870411787182 0.0 3.0 1.0 6207533.306313508 610811.2158061472 1.1488636363636364
58888.46338051 2458888.964335205 306.132530401228 20.532535209786147 0.0 3.0 0.0 6207844.365879588 610797.6696569384 1.1488636363636364
58888.464676805 2458888.9656315283 307.99919519922696 22.39920000778511 0.0 3.0 1.0 6208744.190859664 610920.463708391 1.1488636363636364
58888.465973105 2458888.9669278553 309.8658671951853 24.265872003743425 0.0 3.0 0.0 6208455.289918343 610854.2859380508 1.1488636363636364
58888.467269400004 2458888.9682241757 311.7325320036616 26.13253681221977 0.0 3.0 1.0 6206893.216971202 610724.9909537294 1.1488636363636364
58888.46856588 2458888.9695206787 313.59946319949813 27.999468008056283 0.0 3.0 0.0 6207220.864759578 610733.8497678187 1.1488636363636364
58888.46986199 2458888.9708168106 315.46586159965955 29.8658664082177 0.0 3.0 1.0 6208104.671643681 610857.9965157586 1.1488636363636364
58888.471158285 2458888.972113126 317.3325263976585 31.732531206216663 0.0 3.0 0.0 6206236.2349782325 610645.1110648459 1.1488636363636364
58888.472454585004 2458888.973409445 319.1991984040942 33.599203212652355 0.0 3.0 1.0 6206737.991766422 610735.877422861 1.1488636363636364
58888.47375088 2458888.974705757 321.06586320209317 35.46586801065132 0.0 3.0 0.0 6209304.338939663 610940.2065709003 1.1488636363636364
58888.475047175 2458888.9760020687 322.93252800009213 37.332532808650285 0.0 3.0 1.0 6207674.145534931 610819.3733768597 1.1488636363636364
58888.476343475 2458888.977298384 324.79919999605045 39.1992048046086 0.0 3.0 0.0 6208228.324045117 610828.2171226465 1.1488636363636364
58888.477639770004 2458888.978594694 326.6658648045268 41.06586961308494 0.0 3.0 1.0 6207643.7890833365 610817.9859877498 1.1488636363636364
58888.478936065 2458888.9798910026 328.53252960252576 42.93253441108391 0.0 3.0 0.0 6207379.429220303 610748.1583550578 1.1488636363636364
58888.48023236 2458888.981187311 330.3991944005247 44.79919920908287 0.0 3.0 1.0 6207688.755565705 610820.0991657793 1.1488636363636364
58888.48152866 2458888.982483624 332.26586639648303 46.665871205041185 0.0 3.0 0.0 6206032.49360958 610622.5849115951 1.1488636363636364
58888.482824955 2458888.9837799324 334.132531194482 48.53253600304015 0.0 3.0 1.0 6208414.767854659 610887.9112410017 1.1488636363636364
58946.83767614 2458947.3393639354 1.8658656044863164 1.8658656044863164 1.0 4.0 0.0 6158344.832417576 606072.8898277711 1.1488636363636364
58946.838972435 2458947.3406602414 3.7325304024852812 3.7325304024852812 1.0 4.0 1.0 6183677.845187115 608519.4178114397 1.1488636363636364
58946.84026873 2458947.3419565475 5.599195200484246 5.599195200484246 1.0 4.0 0.0 6190374.497830832 609146.44496687 1.1488636363636364
58946.84156503 2458947.3432528577 7.465867206919938 7.465867206919938 1.0 4.0 1.0 6200412.326809511 610128.3923786285 1.1488636363636364
58946.842861325 2458947.3445491623 9.332532004918903 9.332532004918903 1.0 4.0 0.0 6203287.05184491 610387.8781564906 1.1488636363636364
58946.84415762 2458947.3458454665 11.199196802917868 11.199196802917868 1.0 4.0 1.0 6209777.902587179 611025.1552912985 1.1488636363636364
58946.84545392 2458947.3471417744 13.06586880935356 13.06586880935356 1.0 4.0 0.0 6209671.613677094 610991.8260031594 1.1488636363636364
58946.846750215 2458947.348438077 14.932533607352525 14.932533607352525 1.0 4.0 1.0 6215168.783949243 611540.9112714097 1.1488636363636364
58946.84804651 2458947.3497343785 16.79919840535149 16.79919840535149 1.0 4.0 0.0 6214650.9737741435 611468.3208115064 1.1488636363636364
58946.849342805 2458947.3510306785 18.665863203350455 18.665863203350455 1.0 4.0 1.0 6219746.748882804 611983.7560310295 1.1488636363636364
58946.8506391 2458947.3523269785 20.53252800134942 20.53252800134942 1.0 4.0 0.0 6218014.5175846135 611789.4835394823 1.1488636363636364
58946.8519354 2458947.3536232817 22.39920000778511 22.39920000778511 1.0 4.0 1.0 6221188.39816158 612114.7175163758 1.1488636363636364
58946.853231695 2458947.354919579 24.265864805784076 24.265864805784076 1.0 4.0 0.0 6220346.334009301 612013.3468539407 1.1488636363636364
58946.85452799 2458947.356215875 26.13252960378304 26.13252960378304 1.0 4.0 1.0 6222553.084123178 612241.6001074339 1.1488636363636364
58946.85582429 2458947.3575121756 27.999201610218734 27.999201610218734 1.0 4.0 0.0 6222564.146958412 612225.6046170789 1.1488636363636364
58946.857120585 2458947.35880847 29.8658664082177 29.8658664082177 1.0 4.0 1.0 6224719.371409596 612449.183853548 1.1488636363636364
58946.85841688 2458947.3601047634 31.732531206216663 31.732531206216663 1.0 4.0 0.0 6224266.319773676 612397.7460159448 1.1488636363636364
58946.859713175 2458947.361401056 33.59919600421563 33.59919600421563 1.0 4.0 1.0 6225875.126733877 612567.4245809752 1.1488636363636364
58946.861009475004 2458947.3626973527 35.46586801065132 35.46586801065132 1.0 4.0 0.0 6224304.761680659 612393.834667998 1.1488636363636364
58946.86230577 2458947.3639936442 37.332532808650285 37.332532808650285 1.0 4.0 1.0 6227884.093764151 612762.8432884726 1.1488636363636364
58946.863602065 2458947.3652899344 39.19919760664925 39.19919760664925 1.0 4.0 0.0 6225000.43138903 612460.5280928072 1.1488636363636364
58946.86489836 2458947.3665862246 41.065862404648215 41.065862404648215 1.0 4.0 1.0 6224058.299499129 612385.3065472886 1.1488636363636364
58946.866194660004 2458947.3678825195 42.93253441108391 42.93253441108391 1.0 4.0 0.0 6225786.881150782 612536.2325885035 1.1488636363636364
58946.867490955 2458947.3691788097 44.79919920908287 44.79919920908287 1.0 4.0 1.0 6227279.145430611 612694.8130036147 1.1488636363636364
58946.86878725 2458947.370475099 46.66586400708184 46.66586400708184 1.0 4.0 0.0 6225200.380625599 612476.7939171023 1.1488636363636364
58946.870083545 2458947.3717713887 48.5325288050808 48.5325288050808 1.0 4.0 1.0 6228437.565242907 612801.8723822475 1.1488636363636364
58946.900754845 2458947.4024427715 92.69920080900192 1.8658656044863164 1.0 5.0 0.0 6215670.556683813 611570.5084136364 1.1488636363636364
58946.90205114 2458947.4037390784 94.56586560700089 3.7325304024852812 1.0 5.0 1.0 6220599.14802483 612067.2897351178 1.1488636363636364
58946.903347435 2458947.4050353845 96.43253040499985 5.599195200484246 1.0 5.0 0.0 6220221.277396013 612010.1856774252 1.1488636363636364
58946.904643735004 2458947.4063316956 98.29920241143554 7.465867206919938 1.0 5.0 1.0 6224328.723009182 612425.9143633603 1.1488636363636364
58946.90594003 2458947.4076280016 100.16586720943451 9.332532004918903 1.0 5.0 0.0 6222063.877654637 612182.7087682177 1.1488636363636364
58946.907236325 2458947.408924307 102.03253200743347 11.199196802917868 1.0 5.0 1.0 6224905.060631356 612478.9272091404 1.1488636363636364
58946.90853262 2458947.410220612 103.89919680543244 13.065861600916833 1.0 5.0 0.0 6222579.988771003 612229.3564398583 1.1488636363636364
58946.909828915 2458947.411516916 105.7658616034314 14.932526398915797 1.0 5.0 1.0 6224161.476817808 612412.573619813 1.1488636363636364
58946.911125215 2458947.4128132244 107.6325336098671 16.79919840535149 1.0 5.0 0.0 6224041.259832528 612375.6565850276 1.1488636363636364
58946.91242151 2458947.414109527 109.49919840786606 18.665863203350455 1.0 5.0 1.0 6225590.532084877 612548.500956375 1.1488636363636364
58946.913717805 2458947.415405829 111.36586320586503 20.53252800134942 1.0 5.0 0.0 6224525.700109387 612413.692457852 1.1488636363636364
58946.915014105 2458947.4167021345 113.23253520182334 22.399199997307733 1.0 5.0 1.0 6225819.28111723 612568.5473392368 1.1488636363636364
58946.9163104 2458947.417998434 115.09920001029968 24.265864805784076 1.0 5.0 0.0 6224898.2390749045 612449.589454351 1.1488636363636364
58946.917606695 2458947.419294733 116.96586480829865 26.13252960378304 1.0 5.0 1.0 6226319.236920416 612603.5542435 1.1488636363636364
58946.91890299 2458947.4205910307 118.83252960629761 27.999194401782006 1.0 5.0 0.0 6225516.0275400225 612507.6832285324 1.1488636363636364
58946.920199285 2458947.421887327 120.69919440429658 29.86585919978097 1.0 5.0 1.0 6226240.66868753 612600.1171657918 1.1488636363636364
58946.921495585004 2458947.4231836274 122.56586641073227 31.732531206216663 1.0 5.0 0.0 6225743.934416158 612525.7986414394 1.1488636363636364
58946.92279188 2458947.4244799227 124.43253120873123 33.59919600421563 1.0 5.0 1.0 6227526.768665488 612717.650397905 1.1488636363636364
58946.924088175 2458947.425776216 126.2991960067302 35.46586080221459 1.0 5.0 0.0 6226796.899251028 612631.5162056289 1.1488636363636364
58946.925384475 2458947.427072514 128.1658680026885 37.332532798172906 1.0 5.0 1.0 6227636.230665046 612734.0662586713 1.1488636363636364
58946.926680770004 2458947.428368806 130.03253281116486 39.19919760664925 1.0 5.0 0.0 6225041.337195897 612464.2477335278 1.1488636363636364
58946.927977065 2458947.4296650975 131.89919760916382 41.065862404648215 1.0 5.0 1.0 6226991.008084041 612668.2361214323 1.1488636363636364
58946.92927336 2458947.4309613886 133.76586240716279 42.93252720264718 1.0 5.0 0.0 6224364.361670691 612397.2584447666 1.1488636363636364
58946.930569660006 2458947.432257684 135.63253441359848 44.79919920908287 1.0 5.0 1.0 6225817.129770299 612564.1436394672 1.1488636363636364
58946.931865955004 2458947.4335539737 137.49919921159744 46.66586400708184 1.0 5.0 0.0 6223452.893168538 612313.4599700776 1.1488636363636364
58946.93316225 2458947.434850264 139.3658640095964 48.5325288050808 1.0 5.0 1.0 6225697.642682251 612543.2965155264 1.1488636363636364
58946.966831325 2458947.4685194087 187.84933200571686 1.865872791968286 1.0 6.0 0.0 6210699.247731473 611093.0136125169 1.1488636363636364
58946.96812762 2458947.4698157148 189.71599680371583 3.732537589967251 1.0 6.0 1.0 6215299.343457148 611559.3025623634 1.1488636363636364
58946.96942392 2458947.471112026 191.58266881015152 5.599209596402943 1.0 6.0 0.0 6214294.526888158 611443.4384187221 1.1488636363636364
58946.970720215 2458947.472408332 193.44933360815048 7.465874394401908 1.0 6.0 1.0 6218012.543191639 611821.1052552167 1.1488636363636364
58946.97201651 2458947.473704638 195.31599840614945 9.332539192400873 1.0 6.0 0.0 6216214.305156983 611620.3643923904 1.1488636363636364
58946.973312805 2458947.475000943 197.1826632041484 11.199203990399837 1.0 6.0 1.0 6218880.286678197 611899.9201643665 1.1488636363636364
58946.9746091 2458947.4762972477 199.04932800214738 13.065868788398802 1.0 6.0 0.0 6218315.958343908 611822.0139568311 1.1488636363636364
58946.9759054 2458947.477593557 200.91600000858307 14.932540794834495 1.0 6.0 1.0 6220107.690337999 612014.6354600195 1.1488636363636364
58946.977201695 2458947.4788898607 202.78266480658203 16.79920559283346 1.0 6.0 0.0 6218435.63040186 611834.4328898593 1.1488636363636364
58946.97849799 2458947.480186163 204.649329604581 18.665870390832424 1.0 6.0 1.0 6219304.866912569 611939.1663043791 1.1488636363636364
58946.979794290004 2458947.4814824695 206.5160016110167 20.532542397268116 1.0 6.0 0.0 6218627.546442949 611846.6434728525 1.1488636363636364
58946.981090585 2458947.48277877 208.38266640901566 22.39920719526708 1.0 6.0 1.0 6220271.523675701 612040.7894072637 1.1488636363636364
58946.98238688 2458947.48407507 210.24933120701462 24.265871993266046 1.0 6.0 0.0 6218089.029274038 611797.1475859951 1.1488636363636364
58946.983683175 2458947.4853713685 212.11599600501359 26.13253679126501 1.0 6.0 1.0 6220691.3467408875 612053.3600666074 1.1488636363636364
58946.984979475004 2458947.4866676712 213.98266801144928 27.999208797700703 1.0 6.0 0.0 6218216.02694831 611806.5353172653 1.1488636363636364
58946.98627577 2458947.4879639675 215.84933280944824 29.865873595699668 1.0 6.0 1.0 6222714.519218884 612263.866054854 1.1488636363636364
58946.987572065 2458947.4892602633 217.7159976074472 31.732538393698633 1.0 6.0 0.0 6220984.324996338 612073.2021380179 1.1488636363636364
58946.98886836 2458947.490556558 219.58266240544617 33.5992031916976 1.0 6.0 1.0 6220728.923977868 612070.9767640316 1.1488636363636364
58946.990164660005 2458947.4918528567 221.44933441188186 35.46587519813329 1.0 6.0 0.0 6221250.153847356 612095.4786415879 1.1488636363636364
58946.991460955 2458947.4931491497 223.31599920988083 37.332539996132255 1.0 6.0 1.0 6222487.058217706 612238.1121699808 1.1488636363636364
58946.99275725 2458947.4944454418 225.1826640078798 39.19920479413122 1.0 6.0 0.0 6224150.119619534 612374.826257083 1.1488636363636364
58946.994053545 2458947.4957417333 227.04932880587876 41.065869592130184 1.0 6.0 1.0 6225067.331057477 612488.6985559096 1.1488636363636364
58946.995349845005 2458947.497038029 228.91600081231445 42.93254159856588 1.0 6.0 0.0 6224637.480864637 612419.2258154334 1.1488636363636364
58946.99664614 2458947.4983343193 230.78266561031342 44.79920639656484 1.0 6.0 1.0 6225924.3950360445 612569.8009670984 1.1488636363636364
58946.997942435 2458947.49963061 232.64933040831238 46.665871194563806 1.0 6.0 0.0 6221969.242580436 612173.1412947614 1.1488636363636364
58946.99923873 2458947.5009268997 234.51599520631135 48.53253599256277 1.0 6.0 1.0 6225753.751386117 612551.8524702012 1.1488636363636364
58947.03290762 2458947.5345958583 282.99919680459425 1.8658656044863164 1.0 7.0 0.0 6214127.23854117 611423.8640350436 1.1488636363636364
58947.034203920004 2458947.5358921695 284.86586881102994 3.7325376109220088 1.0 7.0 1.0 6217409.6276337905 611761.216271032 1.1488636363636364
58947.035500215 2458947.5371884755 286.7325336090289 5.5992024089209735 1.0 7.0 0.0 6216736.040800381 611683.222811985 1.1488636363636364
58947.03679651 2458947.538484782 288.59919840702787 7.465867206919938 1.0 7.0 1.0 6220997.754169626 612105.7317385785 1.1488636363636364
58947.038092805 2458947.5397810875 290.46586320502684 9.332532004918903 1.0 7.0 0.0 6220571.294809772 612038.5882962326 1.1488636363636364
58947.0393891 2458947.5410773926 292.3325280030258 11.199196802917868 1.0 7.0 1.0 6222377.765175647 612236.8035394527 1.1488636363636364
58947.0406854 2458947.542373702 294.1992000094615 13.06586880935356 1.0 7.0 0.0 6221464.431219352 612126.3120624662 1.1488636363636364
58947.041981695 2458947.5436700066 296.06586480746046 14.932533607352525 1.0 7.0 1.0 6223416.414271493 612341.0383807557 1.1488636363636364
58947.04327799 2458947.5449663093 297.9325296054594 16.79919840535149 1.0 7.0 0.0 6221545.276807684 612133.7206918373 1.1488636363636364
58947.044574290005 2458947.5462626168 299.7992016118951 18.665870411787182 1.0 7.0 1.0 6222682.983404574 612264.653388254 1.1488636363636364
58947.045870585 2458947.5475589186 301.6658664098941 20.532535209786147 1.0 7.0 0.0 6222432.429164902 612218.853794224 1.1488636363636364
58947.04716688 2458947.5488552195 303.53253120789304 22.39920000778511 1.0 7.0 1.0 6224154.069165336 612407.0063414698 1.1488636363636364
58947.048463175 2458947.550151519 305.399196005892 24.265864805784076 1.0 7.0 0.0 6223163.360105499 612288.5514146854 1.1488636363636364
58947.049759475005 2458947.5514478222 307.2658680123277 26.13253681221977 1.0 7.0 1.0 6224367.959180183 612427.1401405006 1.1488636363636364
58947.05105577 2458947.55274412 309.13253281032667 27.999201610218734 1.0 7.0 0.0 6222467.766280126 612225.1245749459 1.1488636363636364
58947.052352065 2458947.5540404166 310.99919760832563 29.8658664082177 1.0 7.0 1.0 6224897.110033113 612476.2228425159 1.1488636363636364
58947.05364836 2458947.5553367124 312.8658624063246 31.732531206216663 1.0 7.0 0.0 6222664.3705145875 612236.7634938097 1.1488636363636364
58947.054944660005 2458947.556633012 314.7325344127603 33.599203212652355 1.0 7.0 1.0 6224265.603212947 612409.8157595884 1.1488636363636364
58947.056240955004 2458947.5579293054 316.59919921075925 35.46586801065132 1.0 7.0 0.0 6222303.818548417 612195.297629086 1.1488636363636364
58947.05753725 2458947.559225599 318.4658640087582 37.332532808650285 1.0 7.0 1.0 6225107.1543868 612483.9026394484 1.1488636363636364
58947.058833545 2458947.560521891 320.3325288067572 39.19919760664925 1.0 7.0 0.0 6223146.38435516 612282.8878357529 1.1488636363636364
58947.060129845006 2458947.5618181876 322.1992008131929 41.06586961308494 1.0 7.0 1.0 6222833.610200442 612276.9255870094 1.1488636363636364
58947.061426140004 2458947.5631144783 324.06586561119184 42.93253441108391 1.0 7.0 0.0 6222782.414483298 612248.150227646 1.1488636363636364
58947.062722435 2458947.564410769 325.9325304091908 44.79919920908287 1.0 7.0 1.0 6223265.444942255 612314.3093264521 1.1488636363636364
58947.06401873 2458947.565707059 327.79919520718977 46.66586400708184 1.0 7.0 0.0 6222539.074330503 612224.4378383994 1.1488636363636364
58947.065315030006 2458947.567003354 329.66586721362546 48.53253601351753 1.0 7.0 1.0 6223522.423893329 612340.6754783222 1.1488636363636364
59120.318630155 2459120.8177504004 1.8658656044863164 1.8658656044863164 2.0 8.0 0.0 6177326.32682459 607897.0745041321 1.1488636363636364
59120.319926455 2459120.819046701 3.73253760044463 3.73253760044463 2.0 8.0 1.0 6194513.034738619 609566.6974552575 1.1488636363636364
59120.321222750004 2459120.8203429957 5.5992024089209735 5.5992024089209735 2.0 8.0 0.0 6194934.39787544 609583.5195513054 1.1488636363636364
59120.322519045 2459120.82163929 7.465867206919938 7.465867206919938 2.0 8.0 1.0 6204774.900927967 610550.6303346842 1.1488636363636364
59120.32381534 2459120.822935584 9.332532004918903 9.332532004918903 2.0 8.0 0.0 6204568.8236056585 610509.5061881528 1.1488636363636364
59120.32511164 2459120.824231882 11.199204000877216 11.199204000877216 2.0 8.0 1.0 6210670.355347958 611113.6654952704 1.1488636363636364
59120.326407935 2459120.8255281746 13.065868798876181 13.065868798876181 2.0 8.0 0.0 6211100.778551271 611130.2342353724 1.1488636363636364
59120.32770423 2459120.8268244658 14.932533607352525 14.932533607352525 2.0 8.0 1.0 6217476.860237516 611766.7165843287 1.1488636363636364
59120.329000525 2459120.8281207564 16.79919840535149 16.79919840535149 2.0 8.0 0.0 6214501.2464145245 611462.8507882134 1.1488636363636364
59120.330296825 2459120.829417051 18.665870401309803 18.665870401309803 2.0 8.0 1.0 6221038.151943957 612111.0320641334 1.1488636363636364
59120.331593120005 2459120.830713339 20.532535209786147 20.532535209786147 2.0 8.0 0.0 6217709.976231426 611769.5513937143 1.1488636363636364
59120.332889415 2459120.832009626 22.39920000778511 22.39920000778511 2.0 8.0 1.0 6221567.853458817 612161.5372367421 1.1488636363636364
59120.334185715 2459120.833305917 24.265872003743425 24.265872003743425 2.0 8.0 0.0 6219298.53017021 611923.8125005339 1.1488636363636364
59120.33548201 2459120.8346022028 26.13253680174239 26.13253680174239 2.0 8.0 1.0 6224110.25587394 612406.6290836895 1.1488636363636364
59120.336778305 2459120.8358984864 27.999201599741355 27.999201599741355 2.0 8.0 0.0 6222920.340541884 612271.6414429316 1.1488636363636364
59120.338074600004 2459120.837194769 29.8658664082177 29.8658664082177 2.0 8.0 1.0 6223938.853981438 612389.0618030278 1.1488636363636364
59120.339370895 2459120.838491051 31.732531206216663 31.732531206216663 2.0 8.0 0.0 6222298.48759436 612209.6050215274 1.1488636363636364
59120.340667195 2459120.839787337 33.59920320217498 33.59920320217498 2.0 8.0 1.0 6225536.018333351 612543.4384872601 1.1488636363636364
59120.341963490006 2459120.841083617 35.46586801065132 35.46586801065132 2.0 8.0 0.0 6223300.359964108 612306.9038238667 1.1488636363636364
59120.343259785004 2459120.842379896 37.332532808650285 37.332532808650285 2.0 8.0 1.0 6226782.8528055055 612661.7463523706 1.1488636363636364
59120.344556085 2459120.8436761796 39.1992048046086 39.1992048046086 2.0 8.0 0.0 6224587.91696568 612430.7782828206 1.1488636363636364
59120.34585238 2459120.844972458 41.06586960260756 41.06586960260756 2.0 8.0 1.0 6226579.883037739 612641.6897118692 1.1488636363636364
59120.347148675 2459120.846268736 42.93253440060653 42.93253440060653 2.0 8.0 0.0 6224187.371973289 612388.2042773727 1.1488636363636364
59120.348444970004 2459120.847565013 44.79919920908287 44.79919920908287 2.0 8.0 1.0 6226914.032893633 612666.8810969727 1.1488636363636364
59120.349741265 2459120.8488612906 46.66586400708184 46.66586400708184 2.0 8.0 0.0 6224362.822630944 612402.6926278564 1.1488636363636364
59120.351037565 2459120.850157573 48.53253600304015 48.53253600304015 2.0 8.0 1.0 6224264.910079054 612416.764771277 1.1488636363636364
59120.382449785 2459120.8815695937 93.76613280270249 1.866132002323866 2.0 9.0 0.0 6214335.938360232 611452.9049518977 1.1488636363636364
59120.383746085 2459120.8828658946 95.6328047986608 3.7328039982821792 2.0 9.0 1.0 6220176.787804257 612035.4837583082 1.1488636363636364
59120.38504238 2459120.8841621904 97.49946960713714 5.599468806758523 2.0 9.0 0.0 6218124.418479025 611816.3609819927 1.1488636363636364
59120.38633849 2459120.8854583004 99.36586800729856 7.465867206919938 2.0 9.0 1.0 6222308.658893514 612235.8655827022 1.1488636363636364
59120.38763497 2459120.88675478 101.23279920313507 9.332798402756453 2.0 9.0 0.0 6220226.558535342 612013.7952972155 1.1488636363636364
59120.38893108 2459120.8880508896 103.09919760329649 11.199196802917868 2.0 9.0 1.0 6222631.642334563 612266.5753313304 1.1488636363636364
59120.390227565 2459120.8893473735 104.96613600756973 13.06613520719111 2.0 9.0 0.0 6222679.228641288 612250.3758445394 1.1488636363636364
59120.39152386 2459120.8906436665 106.8328008055687 14.932800005190074 2.0 9.0 1.0 6225110.410778884 612507.974417543 1.1488636363636364
59120.392820155 2459120.8919399586 108.69946560356766 16.79946480318904 2.0 9.0 0.0 6223607.357851451 612343.0091930971 1.1488636363636364
59120.39411627 2459120.89323607 110.56587120168842 18.665870401309803 2.0 9.0 1.0 6224208.439795944 612416.6622235999 1.1488636363636364
59120.395412750004 2459120.8945325455 112.43280240800232 20.532801607623696 2.0 9.0 0.0 6223781.653776616 612350.2517281262 1.1488636363636364
59120.396709045 2459120.8958288347 114.29946720600128 22.39946640562266 2.0 9.0 1.0 6227420.102396534 612725.4379886414 1.1488636363636364
59120.39800534 2459120.8971251226 116.16613200400025 24.266131203621626 2.0 9.0 0.0 6223268.603414375 612300.9779069116 1.1488636363636364
59120.399301640005 2459120.898421415 118.03280401043594 26.132803210057318 2.0 9.0 1.0 6225754.233016259 612559.5232516911 1.1488636363636364
59120.400597935004 2459120.8997177007 119.8994688084349 27.999468008056283 2.0 9.0 0.0 6225008.169670468 612474.3088068697 1.1488636363636364
59120.40189423 2459120.9010139853 121.76613360643387 29.866132806055248 2.0 9.0 1.0 6223639.964230047 612362.4370260054 1.1488636363636364
59120.403190525 2459120.902310269 123.63279840443283 31.732797604054213 2.0 9.0 0.0 6223799.005544736 612352.8308669919 1.1488636363636364
59120.404486825 2459120.903606557 125.49947040039115 33.599469600012526 2.0 9.0 1.0 6227305.842135949 612714.9289606347 1.1488636363636364
59120.405783120004 2459120.9049028386 127.36613520886749 35.46613440848887 2.0 9.0 0.0 6224645.622439646 612440.0571685712 1.1488636363636364
59120.407079415 2459120.906199119 129.23280000686646 37.332799206487834 2.0 9.0 1.0 6226980.213880577 612679.7340754681 1.1488636363636364
59120.408375715 2459120.9074954037 131.09947200282477 39.19947120244615 2.0 9.0 0.0 6225044.558884369 612471.4448409645 1.1488636363636364
59120.40967201 2459120.908791683 132.96613680082373 41.06613600044511 2.0 9.0 1.0 6225991.9070640085 612583.1244759577 1.1488636363636364
59120.410968305 2459120.9100879612 134.8328015988227 42.93280079844408 2.0 9.0 0.0 6224287.331739749 612398.6372273731 1.1488636363636364
59120.4122646 2459120.9113842393 136.69946640729904 44.79946560692042 2.0 9.0 1.0 6225461.603389666 612529.2296815491 1.1488636363636364
59120.413560895 2459120.9126805165 138.566131205298 46.666130404919386 2.0 9.0 0.0 6224787.336926942 612441.5173319293 1.1488636363636364
59120.414857195 2459120.9139767997 140.43280320125632 48.5328024008777 2.0 9.0 1.0 6226201.506157056 612609.1718034957 1.1488636363636364
59120.44857238 2459120.947691755 188.9826696063392 1.865872802445665 2.0 10.0 0.0 6208516.401423086 610894.2378214702 1.1488636363636364
59120.449868675 2459120.9489880507 190.84933440433815 3.73253760044463 2.0 10.0 1.0 6214342.104111958 611474.0797376297 1.1488636363636364
59120.45116497 2459120.9502843465 192.71599920233712 5.599202398443595 2.0 10.0 0.0 6212668.792033688 611294.0686948051 1.1488636363636364
59120.452461265 2459120.951580642 194.58266400033608 7.465867196442559 2.0 10.0 1.0 6216959.091804105 611728.1008384028 1.1488636363636364
59120.453757565 2459120.9528769418 196.44933600677177 9.332539202878252 2.0 10.0 0.0 6214058.862104282 611425.6068971797 1.1488636363636364
59120.45505386 2459120.954173236 198.31600080477074 11.199204000877216 2.0 10.0 1.0 6217596.06181373 611775.8068617469 1.1488636363636364
59120.456350155 2459120.9554695305 200.1826656027697 13.065868798876181 2.0 10.0 0.0 6217659.035792399 611766.6587555145 1.1488636363636364
59120.457646455 2459120.9567658287 202.04933759872802 14.932540794834495 2.0 10.0 1.0 6218454.719590544 611864.2051533324 1.1488636363636364
59120.45894275 2459120.9580621207 203.91600240720436 16.79920560331084 2.0 10.0 0.0 6217474.056020563 611742.7412774756 1.1488636363636364
59120.460239045 2459120.959358412 205.78266720520332 18.665870401309803 2.0 10.0 1.0 6218465.057928698 611866.3573910345 1.1488636363636364
59120.46153534 2459120.9606547025 207.6493320032023 20.532535199308768 2.0 10.0 0.0 6216724.896539155 611668.3957535356 1.1488636363636364
59120.462831640005 2459120.961950997 209.51600400963798 22.39920720574446 2.0 10.0 1.0 6219446.194256901 611960.6883260498 1.1488636363636364
59120.464127935 2459120.9632472848 211.38266880763695 24.265872003743425 2.0 10.0 0.0 6219388.556631994 611926.8855893798 1.1488636363636364
59120.46542423 2459120.9645435717 213.2493336056359 26.13253680174239 2.0 10.0 1.0 6219801.876005222 611991.625472415 1.1488636363636364
59120.466720525 2459120.965839858 215.11599840363488 27.999201599741355 2.0 10.0 0.0 6218070.021045419 611801.9698142323 1.1488636363636364
59120.468016825 2459120.967136148 216.9826703995932 29.865873595699668 2.0 10.0 1.0 6219718.792788408 611985.7136048567 1.1488636363636364
59120.469313120004 2459120.968432431 218.84933520806953 31.73253840417601 2.0 10.0 0.0 6219188.327200289 611909.6371977655 1.1488636363636364
59120.470609415 2459120.969728714 220.7160000060685 33.59920320217498 2.0 10.0 1.0 6219679.39485931 611979.707597663 1.1488636363636364
59120.471905715 2459120.9710250003 222.5826720020268 35.46587519813329 2.0 10.0 0.0 6218590.3905303795 611856.7075368061 1.1488636363636364
59120.473202010005 2459120.972321281 224.44933681050315 37.332540006609634 2.0 10.0 1.0 6219643.171992873 611977.9859134102 1.1488636363636364
59120.474498305004 2459120.9736175607 226.31600160850212 39.1992048046086 2.0 10.0 0.0 6216911.2057084935 611682.5794840918 1.1488636363636364
59120.4757946 2459120.9749138397 228.18266640650108 41.06586960260756 2.0 10.0 1.0 6220357.549453379 612049.7327181405 1.1488636363636364
59120.477090895 2459120.9762101183 230.04933120450005 42.93253440060653 2.0 10.0 0.0 6218888.694997197 611884.7278446049 1.1488636363636364
59120.478387195 2459120.9775064015 231.91600320045836 44.79920639656484 2.0 10.0 1.0 6219523.940062636 611967.382506725 1.1488636363636364
59120.479683490004 2459120.9788026786 233.7826680089347 46.665871205041185 2.0 10.0 0.0 6220007.13008535 611986.7335824323 1.1488636363636364
59120.480979785 2459120.980098956 235.64933280693367 48.53253600304015 2.0 10.0 1.0 6220888.553832023 612090.8874307056 1.1488636363636364
59120.51469497 2459121.0138139124 284.19919920153916 1.865858396049589 2.0 11.0 0.0 6212176.418726182 611246.3373398434 1.1488636363636364
59120.515991265 2459121.015110208 286.0658639995381 3.7325231940485537 2.0 11.0 1.0 6216453.302294037 611676.4665865826 1.1488636363636364
59120.517287565 2459121.016406509 287.9325360059738 5.599195200484246 2.0 11.0 0.0 6216723.054026794 611675.5035646767 1.1488636363636364
59120.51858386 2459121.0177028044 289.7992008039728 7.465859998483211 2.0 11.0 1.0 6219396.219436989 611952.5901197616 1.1488636363636364
59120.519880155 2459121.0189991 291.66586560197175 9.332524796482176 2.0 11.0 0.0 6217473.2856903905 611748.3425104541 1.1488636363636364
59120.521176455004 2459121.0202953997 293.53253760840744 11.199196802917868 2.0 11.0 1.0 6219197.70942957 611936.646147029 1.1488636363636364
59120.52247275 2459121.0215916936 295.3992024064064 13.065861600916833 2.0 11.0 0.0 6218850.773740235 611876.2189746979 1.1488636363636364
59120.523769045 2459121.0228879866 297.26586720440537 14.932526398915797 2.0 11.0 1.0 6220436.642977063 612072.0985897846 1.1488636363636364
59120.52506534 2459121.024184279 299.13253200240433 16.799191196914762 2.0 11.0 0.0 6218504.251417901 611844.6960290968 1.1488636363636364
59120.526361640004 2459121.025480576 300.99920400884 18.665863203350455 2.0 11.0 1.0 6220890.967449947 612121.2554963076 1.1488636363636364
59120.527657935 2459121.026776866 302.865868806839 20.53252800134942 2.0 11.0 0.0 6219562.003427701 611946.7368747514 1.1488636363636364
59120.52895423 2459121.0280731553 304.73253360483795 22.399192799348384 2.0 11.0 1.0 6222215.705843216 612225.800164346 1.1488636363636364
59120.530250525 2459121.0293694437 306.5991984028369 24.26585759734735 2.0 11.0 0.0 6219402.350157576 611929.9957965954 1.1488636363636364
59120.531546825 2459121.0306657357 308.46587039879523 26.132529593305662 2.0 11.0 1.0 6221531.257538555 612166.0572936508 1.1488636363636364
59120.53284312 2459121.0319620213 310.3325352072716 27.999194401782006 2.0 11.0 0.0 6220793.186017562 612065.3938163146 1.1488636363636364
59120.534139415 2459121.033258306 312.19920000527054 29.86585919978097 2.0 11.0 1.0 6221691.505499827 612173.4195690097 1.1488636363636364
59120.535435715 2459121.034554595 314.06587200122885 31.732531195739284 2.0 11.0 0.0 6221294.291347592 612115.0427459677 1.1488636363636364
59120.536732010005 2459121.0358508774 315.9325368097052 33.59919600421563 2.0 11.0 1.0 6221459.145721759 612151.8303511653 1.1488636363636364
59120.538028305 2459121.0371471588 317.79920160770416 35.46586080221459 2.0 11.0 0.0 6220288.478126295 612014.5346462794 1.1488636363636364
59120.5393246 2459121.038443439 319.6658664057031 37.33252560021356 2.0 11.0 1.0 6221803.686647562 612187.405220319 1.1488636363636364
59120.540620895 2459121.0397397196 321.5325312037021 39.19919039821252 2.0 11.0 0.0 6219659.6319851205 611957.4081622036 1.1488636363636364
59120.541917195 2459121.0410360033 323.3992031996604 41.065862394170836 2.0 11.0 1.0 6222861.4682545485 612288.5095087445 1.1488636363636364
59120.543213490004 2459121.042332282 325.26586800813675 42.93252720264718 2.0 11.0 0.0 6221035.973630077 612083.7095931616 1.1488636363636364
59120.544509785 2459121.0436285594 327.1325328061357 44.799192000646144 2.0 11.0 1.0 6222056.5939698145 612202.5854320482 1.1488636363636364
59120.545806085 2459121.044924842 328.999204802094 46.66586399660446 2.0 11.0 0.0 6220346.527045737 612020.8252337521 1.1488636363636364
59120.547102380006 2459121.0462211194 330.86586961057037 48.5325288050808 2.0 11.0 1.0 6221933.798555456 612197.2816299964 1.1488636363636364
59178.899314755 2459179.3987022704 1.8658655940089375 1.8658655940089375 3.0 12.0 0.0 6150924.331206622 605346.4041606057 1.1488636363636364
59178.900611054996 2459179.399998604 3.732537589967251 3.732537589967251 3.0 12.0 1.0 6173425.343346288 607547.840250544 1.1488636363636364
59178.901907349995 2459179.401294932 5.599202387966216 5.599202387966216 3.0 12.0 0.0 6176153.016699351 607762.8208433468 1.1488636363636364
59178.903203645 2459179.4025912588 7.465867196442559 7.465867196442559 3.0 12.0 1.0 6187830.396032237 608934.5580790007 1.1488636363636364
59178.90449994 2459179.4038875857 9.332531994441524 9.332531994441524 3.0 12.0 0.0 6189172.175211791 609018.4193757392 1.1488636363636364
59178.905796235 2459179.405183911 11.199196792440489 11.199196792440489 3.0 12.0 1.0 6198771.138754901 609985.1385288133 1.1488636363636364
59178.907092535 2459179.4064802397 13.065868798876181 13.065868798876181 3.0 12.0 0.0 6198625.625255181 609925.833681912 1.1488636363636364
59178.90838883 2459179.407776562 14.932533596875146 14.932533596875146 3.0 12.0 1.0 6204446.772822868 610532.2948711002 1.1488636363636364
59178.909685125 2459179.4090728834 16.79919839487411 16.79919839487411 3.0 12.0 0.0 6203134.301180932 610360.0041782131 1.1488636363636364
59178.910981425 2459179.410369208 18.665870390832424 18.665870390832424 3.0 12.0 1.0 6207534.244843389 610826.6356799244 1.1488636363636364
59178.912277719995 2459179.4116655253 20.53253518883139 20.53253518883139 3.0 12.0 0.0 6207475.925493561 610783.9293486791 1.1488636363636364
59178.913574015 2459179.412961841 22.399199997307733 22.399199997307733 3.0 12.0 1.0 6211551.373778772 611189.3456155927 1.1488636363636364
59178.91487031 2459179.4142581555 24.265864795306697 24.265864795306697 3.0 12.0 0.0 6209366.779168324 610951.8825662101 1.1488636363636364
59178.91616661 2459179.4155544727 26.13253679126501 26.13253679126501 3.0 12.0 1.0 6215401.822931791 611581.9026789763 1.1488636363636364
59178.917462904996 2459179.4168507834 27.999201589263976 27.999201589263976 3.0 12.0 0.0 6212996.023654255 611311.2414074191 1.1488636363636364
59178.918759199994 2459179.418147092 29.86586638726294 29.86586638726294 3.0 12.0 1.0 6215906.805202461 611630.4642516428 1.1488636363636364
59178.920055495 2459179.4194433996 31.732531195739284 31.732531195739284 3.0 12.0 0.0 6212345.135713893 611239.0399757242 1.1488636363636364
59178.921351795 2459179.420739711 33.5992031916976 33.5992031916976 3.0 12.0 1.0 6217309.888966751 611764.0484861718 1.1488636363636364
59178.922648089996 2459179.422036015 35.46586798969656 35.46586798969656 3.0 12.0 0.0 6214533.10083843 611451.4221719089 1.1488636363636364
59178.923944385 2459179.423332318 37.332532798172906 37.332532798172906 3.0 12.0 1.0 6217893.008716364 611820.4332123487 1.1488636363636364
59178.925240685 2459179.4246286256 39.19920479413122 39.19920479413122 3.0 12.0 0.0 6215066.936238047 611499.5683811845 1.1488636363636364
59178.92653698 2459179.425924927 41.065869592130184 41.065869592130184 3.0 12.0 1.0 6218607.094833262 611891.2469837952 1.1488636363636364
59178.927833275 2459179.427221228 42.93253439012915 42.93253439012915 3.0 12.0 0.0 6216375.380507135 611633.7413942458 1.1488636363636364
59178.929129569995 2459179.428517528 44.799199188128114 44.799199188128114 3.0 12.0 1.0 6219981.898702909 612025.4703054718 1.1488636363636364
59178.96190735 2459179.4612957714 91.99920239509083 1.865872802445665 3.0 13.0 0.0 6203145.996611345 610355.2472445891 1.1488636363636364
59178.963203645 2459179.4625921003 93.8658671930898 3.73253760044463 3.0 13.0 1.0 6210737.670806652 611133.4296340275 1.1488636363636364
59178.964499940004 2459179.4638884296 95.73253200156614 5.5992024089209735 3.0 13.0 0.0 6210028.470710531 611017.5077104538 1.1488636363636364
59178.965796235 2459179.4651847584 97.5991967995651 7.465867206919938 3.0 13.0 1.0 6215838.6295456635 611597.5863492329 1.1488636363636364
59178.967092535 2459179.466481092 99.46586879552342 9.332539202878252 3.0 13.0 0.0 6212634.42244841 611266.5509882062 1.1488636363636364
59178.96838883 2459179.46777742 101.33253359352238 11.199204000877216 3.0 13.0 1.0 6216102.826509828 611643.0902547254 1.1488636363636364
59178.969685125 2459179.4690737473 103.19919839152135 13.065868798876181 3.0 13.0 0.0 6212734.033827883 611288.9655542539 1.1488636363636364
59178.970981425 2459179.4703700785 105.06587039795704 14.932540805311874 3.0 13.0 1.0 6217945.4227791885 611818.8390837023 1.1488636363636364
59178.97227772 2459179.4716664036 106.932535195956 16.79920560331084 3.0 13.0 0.0 6214805.096038608 611479.7299262477 1.1488636363636364
59178.973574015 2459179.4729627273 108.79919999395497 18.665870401309803 3.0 13.0 1.0 6218434.991784791 611871.5509008324 1.1488636363636364
59178.974870310005 2459179.4742590496 110.66586480243132 20.532535209786147 3.0 13.0 0.0 6214207.831203373 611426.6976707389 1.1488636363636364
59178.976166609995 2459179.475555375 112.53253678791225 22.39920719526708 3.0 13.0 1.0 6219296.178734834 611957.2983772084 1.1488636363636364
59178.977462905 2459179.4768516943 114.3992015963886 24.265872003743425 3.0 13.0 0.0 6217888.904187584 611771.413051181 1.1488636363636364
59178.9787592 2459179.478148011 116.26586639438756 26.13253680174239 3.0 13.0 1.0 6218727.12001009 611902.732489158 1.1488636363636364
59178.980055495 2459179.479444327 118.13253119238652 27.999201599741355 3.0 13.0 0.0 6216039.302890136 611598.2034258923 1.1488636363636364
59178.981351795 2459179.4807406454 119.99920319882222 29.865873606177047 3.0 13.0 1.0 6218289.7940516425 611860.9685000376 1.1488636363636364
59178.98264809 2459179.4820369575 121.86586799682118 31.73253840417601 3.0 13.0 0.0 6216893.456714164 611674.1955858162 1.1488636363636364
59178.983944385 2459179.4833332673 123.73253279482014 33.59920320217498 3.0 13.0 1.0 6218888.868289805 611920.6523768938 1.1488636363636364
59178.985240685 2459179.4846295808 125.59920479077846 35.46587519813329 3.0 13.0 0.0 6217308.091690956 611715.7061565851 1.1488636363636364
59178.986536979995 2459179.485925888 127.46586958877742 37.332539996132255 3.0 13.0 1.0 6219377.135144614 611964.6032781343 1.1488636363636364
59178.987833275 2459179.4872221933 129.33253439725377 39.1992048046086 3.0 13.0 0.0 6217721.640672322 611755.759083222 1.1488636363636364
59178.98912957 2459179.4885184974 131.19919919525273 41.06586960260756 3.0 13.0 1.0 6218250.680632441 611852.510984542 1.1488636363636364
59178.990425865 2459179.4898148007 133.0658639932517 42.93253440060653 3.0 13.0 0.0 6216549.007224898 611641.1456184664 1.1488636363636364
59178.991722164996 2459179.4911111076 134.93253598921 44.79920639656484 3.0 13.0 1.0 6218009.801828291 611831.6766480596 1.1488636363636364
59178.993018459994 2459179.4924074085 136.79920078720897 46.665871194563806 3.0 13.0 0.0 6217530.898910121 611735.9915279554 1.1488636363636364
59178.994314755 2459179.493703709 138.66586559568532 48.53253600304015 3.0 13.0 1.0 6219577.141381277 611985.7628166826 1.1488636363636364
59179.028087905 2459179.527477328 187.29920159094036 1.865872791968286 3.0 14.0 0.0 6200235.181234147 610076.7796532697 1.1488636363636364
59179.029384199996 2459179.528773657 189.16586638893932 3.732537589967251 3.0 14.0 1.0 6207293.881366038 610799.0779603273 1.1488636363636364
59179.030680494994 2459179.5300699864 191.0325311869383 5.599202387966216 3.0 14.0 0.0 6205715.570296679 610602.2635786084 1.1488636363636364
59179.031976795 2459179.5313663203 192.89920319337398 7.465874394401908 3.0 14.0 1.0 6211366.894765522 611186.2797009305 1.1488636363636364
59179.03327309 2459179.532662649 194.76586799137294 9.332539192400873 3.0 14.0 0.0 6207972.460109366 610816.0880069078 1.1488636363636364
59179.034569384996 2459179.533958977 196.6325327893719 11.199203990399837 3.0 14.0 1.0 6210915.703196828 611141.3756699724 1.1488636363636364
59179.035865679994 2459179.5352553045 198.49919758737087 13.065868788398802 3.0 14.0 0.0 6208001.322255294 610824.7885559051 1.1488636363636364
59179.03716198 2459179.5365516357 200.36586959380656 14.932540794834495 3.0 14.0 1.0 6211790.886917023 611235.2425859561 1.1488636363636364
59179.038458275 2459179.537847961 202.23253439180553 16.79920559283346 3.0 14.0 0.0 6209766.594533732 610987.5608839917 1.1488636363636364
59179.039754569996 2459179.5391442846 204.0991991898045 18.665870390832424 3.0 14.0 1.0 6212771.869942909 611334.6158243553 1.1488636363636364
59179.04105087 2459179.5404406115 205.9658711962402 20.532542397268116 3.0 14.0 0.0 6210631.322369239 611078.1229306359 1.1488636363636364
59179.042347165 2459179.541736932 207.83253599423915 22.39920719526708 3.0 14.0 1.0 6214337.846647424 611478.3353654647 1.1488636363636364
59179.04364346 2459179.5430332515 209.69920079223812 24.265871993266046 3.0 14.0 0.0 6210153.75974147 611025.1770072924 1.1488636363636364
59179.044939755 2459179.5443295687 211.56586559023708 26.13253679126501 3.0 14.0 1.0 6214119.366148038 611455.6274283509 1.1488636363636364
59179.046236049995 2459179.545625884 213.43253038823605 27.999201589263976 3.0 14.0 0.0 6210341.728990988 611049.1644284597 1.1488636363636364
59179.04753235 2459179.5469222027 215.29920239467174 29.865873595699668 3.0 14.0 1.0 6212346.482792171 611288.1166132349 1.1488636363636364
59179.048828645 2459179.548218515 217.1658671926707 31.732538393698633 3.0 14.0 0.0 6212191.08290595 611231.0389120858 1.1488636363636364
59179.05012494 2459179.5495148245 219.03253199066967 33.5992031916976 3.0 14.0 1.0 6212367.15144615 611291.6948959777 1.1488636363636364
59179.05142124 2459179.550811138 220.89920399710536 35.46587519813329 3.0 14.0 0.0 6211722.799528945 611177.3998412575 1.1488636363636364
59179.052717535 2459179.5521074445 222.76586879510432 37.332539996132255 3.0 14.0 1.0 6211685.525070961 611223.9528072596 1.1488636363636364
59179.05401383 2459179.5534037505 224.6325335931033 39.19920479413122 3.0 14.0 0.0 6211774.4353971565 611186.6159773059 1.1488636363636364
59179.055310125 2459179.554700054 226.49919839110225 41.065869592130184 3.0 14.0 1.0 6213781.836585588 611422.572497998 1.1488636363636364
59179.056606425 2459179.555996362 228.36587039753795 42.93254159856588 3.0 14.0 0.0 6211651.849800075 611170.5358152818 1.1488636363636364
59179.05790272 2459179.557292664 230.2325351955369 44.79920639656484 3.0 14.0 1.0 6213783.743358759 611431.1448201739 1.1488636363636364
59179.059199015 2459179.5585889653 232.09919999353588 46.665871194563806 3.0 14.0 0.0 6210585.649958735 611072.8003572876 1.1488636363636364
59179.06049531 2459179.559885266 233.96586479153484 48.53253599256277 3.0 14.0 1.0 6213467.470197609 611401.2099895567 1.1488636363636364
59179.09426846 2459179.5936588855 282.59920079726726 1.865872802445665 3.0 15.0 0.0 6202294.318614904 610275.9341371395 1.1488636363636364
59179.095564755 2459179.594955215 284.4658655952662 3.73253760044463 3.0 15.0 1.0 6209975.912066267 611060.1731442892 1.1488636363636364
59179.096861055004 2459179.5962515497 286.3325376017019 5.599209606880322 3.0 15.0 0.0 6207931.215055215 610813.4227060422 1.1488636363636364
59179.09815735 2459179.5975478785 288.1992023997009 7.465874404879287 3.0 15.0 1.0 6211306.378621022 611188.5554104735 1.1488636363636364
59179.099453645 2459179.5988442074 290.06586719769984 9.332539202878252 3.0 15.0 0.0 6210464.602118192 611069.27048313 1.1488636363636364
59179.10074994 2459179.6001405357 291.9325319956988 11.199204000877216 3.0 15.0 1.0 6213038.073826015 611352.7207430608 1.1488636363636364
59179.102046235 2459179.6014368627 293.7991967936978 13.065868798876181 3.0 15.0 0.0 6212407.748873237 611246.119520052 1.1488636363636364
59179.103342535 2459179.6027331944 295.66586880013347 14.932540805311874 3.0 15.0 1.0 6213669.810318758 611413.4774022222 1.1488636363636364
59179.10463883 2459179.604029519 297.53253359813243 16.79920560331084 3.0 15.0 0.0 6211905.94911049 611215.5006600637 1.1488636363636364
59179.105935125 2459179.605325843 299.3991983961314 18.665870401309803 3.0 15.0 1.0 6213458.978218278 611390.4009383002 1.1488636363636364
59179.107231425 2459179.6066221707 301.2658703920897 20.532542397268116 3.0 15.0 0.0 6212543.139908521 611251.9037267861 1.1488636363636364
59179.10852772 2459179.607918491 303.13253520056605 22.39920720574446 3.0 15.0 1.0 6215449.8803397035 611578.6499036851 1.1488636363636364
59179.109824015 2459179.6092148097 304.999199998565 24.265872003743425 3.0 15.0 0.0 6213054.485199107 611307.3101796258 1.1488636363636364
59179.11112031 2459179.6105111274 306.865864796564 26.13253680174239 3.0 15.0 1.0 6215693.478384496 611607.4533944727 1.1488636363636364
59179.112416610005 2459179.611807448 308.7325368029997 27.999208808178082 3.0 15.0 0.0 6213269.805090542 611330.9438896169 1.1488636363636364
59179.113712905004 2459179.613103761 310.59920160099864 29.865873606177047 3.0 15.0 1.0 6214520.979779325 611494.1212892971 1.1488636363636364
59179.1150092 2459179.614400073 312.4658663989976 31.73253840417601 3.0 15.0 0.0 6213576.226937812 611356.7547082502 1.1488636363636364
59179.116305495 2459179.615696383 314.33253119699657 33.59920320217498 3.0 15.0 1.0 6215568.233329276 611596.6228723188 1.1488636363636364
59179.117601795 2459179.6169926967 316.1992031929549 35.46587519813329 3.0 15.0 0.0 6212697.642571836 611266.4788123495 1.1488636363636364
59179.118898090004 2459179.618289003 318.0658680014312 37.332540006609634 3.0 15.0 1.0 6215615.168377141 611599.182876036 1.1488636363636364
59179.120194385 2459179.6195853082 319.9325327994302 39.1992048046086 3.0 15.0 0.0 6213625.932220847 611360.9301502203 1.1488636363636364
59179.121490685 2459179.620881617 321.7992047953885 41.06587680056691 3.0 15.0 1.0 6215989.666101769 611641.3309693547 1.1488636363636364
59179.12278698 2459179.6221779203 323.66586959338747 42.93254159856588 3.0 15.0 0.0 6213123.447396529 611311.9528474354 1.1488636363636364
59179.124083275 2459179.623474222 325.53253439138643 44.79920639656484 3.0 15.0 1.0 6214748.733507149 611522.0465263391 1.1488636363636364
59179.12537957 2459179.624770523 327.3991991998628 46.665871205041185 3.0 15.0 0.0 6213414.930642009 611341.9750399233 1.1488636363636364
59179.126675865 2459179.6260668235 329.26586399786174 48.53253600304015 3.0 15.0 1.0 6215826.249427587 611629.8276926929 1.1488636363636364
59269.031274124995 2459269.53252416 1.8661391898058355 1.8661391898058355 4.0 16.0 0.0 6161838.967100813 606396.3675476825 1.1488636363636364
59269.03257042 2459269.5338204913 3.7328039982821792 3.7328039982821792 4.0 16.0 1.0 6182189.096496557 608385.2253004161 1.1488636363636364
59269.033866715006 2459269.535116822 5.599468806758523 5.599468806758523 4.0 16.0 0.0 6184322.747591907 608550.2249890203 1.1488636363636364
59269.035163010005 2459269.536413152 7.466133604757488 7.466133604757488 4.0 16.0 1.0 6197052.385379234 609811.3964596987 1.1488636363636364
59269.036459309995 2459269.5377094857 9.332805590238422 9.332805590238422 4.0 16.0 0.0 6194608.202609313 609536.9185249923 1.1488636363636364
59269.03775560499 2459269.539005813 11.199470388237387 11.199470388237387 4.0 16.0 1.0 6203777.026054675 610454.6182339846 1.1488636363636364
59269.0390519 2459269.54030214 13.06613519671373 13.06613519671373 4.0 16.0 0.0 6202495.049048805 610293.592475518 1.1488636363636364
59269.040348195005 2459269.5415984653 14.932800005190074 14.932800005190074 4.0 16.0 1.0 6207950.909182711 610860.6711115596 1.1488636363636364
59269.041644494995 2459269.542894794 16.79947199067101 16.79947199067101 4.0 16.0 0.0 6206125.2748436425 610647.7283849382 1.1488636363636364
59269.04294079 2459269.544191116 18.666136799147353 18.666136799147353 4.0 16.0 1.0 6211479.7022403665 611196.6205053153 1.1488636363636364
59269.04423708501 2459269.545487437 20.532801607623696 20.532801607623696 4.0 16.0 0.0 6209882.570107908 611000.2022725557 1.1488636363636364
59269.045533380006 2459269.5467837555 22.39946640562266 22.39946640562266 4.0 16.0 1.0 6214736.373039302 611505.9903324984 1.1488636363636364
59269.046829679995 2459269.5480800774 24.266138391103595 24.266138391103595 4.0 16.0 0.0 6211607.80836893 611167.640431926 1.1488636363636364
59269.048125789996 2459269.549376208 26.13253679126501 26.13253679126501 4.0 16.0 1.0 6215114.32800772 611537.9011504382 1.1488636363636364
59269.049422085 2459269.5506725213 27.999201599741355 27.999201599741355 4.0 16.0 0.0 6212838.703158033 611276.3683397574 1.1488636363636364
59269.050718385 2459269.551968838 29.865873595699668 29.865873595699668 4.0 16.0 1.0 6217630.176588326 611778.364800926 1.1488636363636364
59269.05201468 2459269.5532651492 31.732538393698633 31.732538393698633 4.0 16.0 0.0 6214536.866052833 611440.0372451509 1.1488636363636364
59269.053310974996 2459269.5545614576 33.5992031916976 33.5992031916976 4.0 16.0 1.0 6217344.207864086 611750.841860354 1.1488636363636364
59269.054607269994 2459269.555857765 35.46586798969656 35.46586798969656 4.0 16.0 0.0 6216442.6260668775 611617.9677932808 1.1488636363636364
59269.055903565 2459269.557154072 37.332532798172906 37.332532798172906 4.0 16.0 1.0 6218033.163510438 611815.7505524388 1.1488636363636364
59269.057199865 2459269.558450382 39.19920479413122 39.19920479413122 4.0 16.0 0.0 6216870.53259158 611663.4108115442 1.1488636363636364
59269.058496159996 2459269.559746687 41.065869592130184 41.065869592130184 4.0 16.0 1.0 6218699.990702925 611877.7793506286 1.1488636363636364
59269.059792455 2459269.5610429905 42.93253440060653 42.93253440060653 4.0 16.0 0.0 6216714.672942143 611650.9203597252 1.1488636363636364
59269.061088755 2459269.562339299 44.79920639656484 44.79920639656484 4.0 16.0 1.0 6218349.612676367 611849.48160902 1.1488636363636364
59269.06238505 2459269.5636356026 46.665871194563806 46.665871194563806 4.0 16.0 0.0 6217073.555032619 611685.6256678854 1.1488636363636364
59269.063681345 2459269.5649319054 48.53253599256277 48.53253599256277 4.0 16.0 1.0 6218234.047254975 611836.8915045919 1.1488636363636364
59269.097373565004 2459269.5986247375 97.04933280358091 1.8658656044863164 4.0 17.0 0.0 6204044.272490972 610449.1997176936 1.1488636363636364
59269.098669865 2459269.5999210733 98.91600479953922 3.73253760044463 4.0 17.0 1.0 6211687.887223451 611206.5476942762 1.1488636363636364
59269.09996616 2459269.6012174035 100.78266959753819 5.599202398443595 4.0 17.0 0.0 6211268.380529918 611138.5359998969 1.1488636363636364
59269.101262455 2459269.6025137333 102.64933439553715 7.465867196442559 4.0 17.0 1.0 6212770.856660503 611328.0066555648 1.1488636363636364
59269.102558754996 2459269.6038100673 104.51600639149547 9.332539192400873 4.0 17.0 0.0 6211690.63192588 611179.9949110433 1.1488636363636364
59269.103855049994 2459269.605106395 106.38267118949443 11.199203990399837 4.0 17.0 1.0 6215871.128407644 611615.2113775593 1.1488636363636364
59269.105151345 2459269.6064027217 108.24933599797077 13.065868798876181 4.0 17.0 0.0 6213842.50284188 611381.0631360932 1.1488636363636364
59269.10644764 2459269.607699047 110.11600079596974 14.932533596875146 4.0 17.0 1.0 6217494.197137869 611770.2605956144 1.1488636363636364
59269.107743935 2459269.6089953706 111.9826655939687 16.79919839487411 4.0 17.0 0.0 6214625.897458161 611454.8638035845 1.1488636363636364
59269.109040235 2459269.610291698 113.8493376004044 18.665870401309803 4.0 17.0 1.0 6216574.631631508 611682.1004237414 1.1488636363636364
59269.11033653 2459269.611588018 115.71600239840336 20.532535199308768 4.0 17.0 0.0 6215604.494822475 611547.4798544914 1.1488636363636364
59269.111632825 2459269.612884337 117.58266719640233 22.399199997307733 4.0 17.0 1.0 6218847.99428419 611904.339781863 1.1488636363636364
59269.112929124996 2459269.614180659 119.44933919236064 24.265871993266046 4.0 17.0 0.0 6214237.43687085 611413.3523772738 1.1488636363636364
59269.114225419995 2459269.6154769748 121.3160039903596 26.13253679126501 4.0 17.0 1.0 6217491.679671473 611775.3902574278 1.1488636363636364
59269.115521715 2459269.616773288 123.18266879883595 27.999201599741355 4.0 17.0 0.0 6216722.448175296 611651.2259185272 1.1488636363636364
59269.11681801 2459269.6180696 125.04933359683491 29.86586639774032 4.0 17.0 1.0 6219246.472821647 611938.812532207 1.1488636363636364
59269.11811431 2459269.619365915 126.91600559279323 31.732538393698633 4.0 17.0 0.0 6217141.197876786 611692.1661667278 1.1488636363636364
59269.119410605 2459269.6206622245 128.78267040126957 33.59920320217498 4.0 17.0 1.0 6217792.611282214 611792.8393133217 1.1488636363636364
59269.1207069 2459269.6219585324 130.64933519926853 35.46586800017394 4.0 17.0 0.0 6217465.39419068 611719.609828605 1.1488636363636364
59269.122003195 2459269.6232548384 132.5159999972675 37.332532798172906 4.0 17.0 1.0 6218106.367216738 611820.7556559404 1.1488636363636364
59269.123299495 2459269.624551149 134.3826719932258 39.19920479413122 4.0 17.0 0.0 6216559.387418432 611636.9552245545 1.1488636363636364
59269.124595789996 2459269.6258474537 136.24933679122478 41.065869592130184 4.0 17.0 1.0 6217586.673624474 611774.3877994502 1.1488636363636364
59269.125892085 2459269.627143758 138.11600159970112 42.93253440060653 4.0 17.0 0.0 6216436.851864059 611623.5182039788 1.1488636363636364
59269.127188385 2459269.6284400662 139.98267359565943 44.79920639656484 4.0 17.0 1.0 6217568.357521811 611772.0444110269 1.1488636363636364
59269.12848468 2459269.6297363695 141.8493383936584 46.665871194563806 4.0 17.0 0.0 6215916.95053155 611574.3232368573 1.1488636363636364
59269.129780974996 2459269.6310326727 143.71600319165736 48.53253599256277 4.0 17.0 1.0 6219846.268315754 611994.4977612554 1.1488636363636364
59269.163473010005 2459269.664725318 192.23253360483795 1.8658656044863164 4.0 18.0 0.0 6199969.207041554 610054.1551077572 1.1488636363636364
59269.164769309995 2459269.666021654 194.0992055903189 3.732537589967251 4.0 18.0 1.0 6206218.3817351675 610658.4520069333 1.1488636363636364
59269.16606560499 2459269.667317984 195.96587038831785 5.599202387966216 4.0 18.0 0.0 6204597.686195688 610500.4417066341 1.1488636363636364
59269.1673619 2459269.668614314 197.8325351967942 7.465867196442559 4.0 18.0 1.0 6210254.49177434 611059.7519478414 1.1488636363636364
59269.168658195005 2459269.669910643 199.69920000527054 9.332532004918903 4.0 18.0 0.0 6206534.386505065 610681.7523230747 1.1488636363636364
59269.169954494995 2459269.6712069754 201.56587199075148 11.199203990399837 4.0 18.0 1.0 6210107.216287089 611044.891717329 1.1488636363636364
59269.17125079 2459269.672503302 203.43253679922782 13.065868798876181 4.0 18.0 0.0 6209225.44103269 610938.8333009093 1.1488636363636364
59269.17254708501 2459269.6737996275 205.29920160770416 14.932533607352525 4.0 18.0 1.0 6211851.763613737 611229.0970283248 1.1488636363636364
59269.173843380006 2459269.6750959507 207.16586640570313 16.79919840535149 4.0 18.0 0.0 6210363.916717476 611048.1345215972 1.1488636363636364
59269.175139679995 2459269.676392278 209.03253839118406 18.665870390832424 4.0 18.0 1.0 6212246.562505512 611248.3640783898 1.1488636363636364
59269.176435974994 2459269.677688598 210.89920318918303 20.53253518883139 4.0 18.0 0.0 6210768.1439354485 611084.8763385837 1.1488636363636364
59269.17773227 2459269.6789849172 212.76586799765937 22.399199997307733 4.0 18.0 1.0 6213165.629064951 611342.8488775841 1.1488636363636364
59269.17902857 2459269.6802812396 214.63253999361768 24.265871993266046 4.0 18.0 0.0 6211030.8665864365 611113.1544557998 1.1488636363636364
59269.180324864996 2459269.681577555 216.49920479161665 26.13253679126501 4.0 18.0 1.0 6212335.43910206 611289.875551221 1.1488636363636364
59269.181621159994 2459269.6828738684 218.3658695896156 27.999201589263976 4.0 18.0 0.0 6212587.034022896 611262.0516597416 1.1488636363636364
59269.18291745499 2459269.6841701805 220.23253438761458 29.86586638726294 4.0 18.0 1.0 6213430.850040429 611389.730068025 1.1488636363636364
59269.18421375 2459269.685466491 222.09919919609092 31.732531195739284 4.0 18.0 0.0 6210484.189472029 611049.4670039773 1.1488636363636364
59269.185510049996 2459269.686762805 223.96587119204924 33.5992031916976 4.0 18.0 1.0 6212607.777723044 611262.0961987652 1.1488636363636364
59269.186806344995 2459269.6880591125 225.8325359900482 35.46586798969656 4.0 18.0 0.0 6211218.897865497 611123.0955346251 1.1488636363636364
59269.18810264 2459269.6893554195 227.69920079852454 37.332532798172906 4.0 18.0 1.0 6217552.794744853 611769.3037917007 1.1488636363636364
59269.18939894 2459269.6906517297 229.56587279448286 39.19920479413122 4.0 18.0 0.0 6214870.37925775 611474.4408108818 1.1488636363636364
59269.190695235 2459269.6919480343 231.43253759248182 41.065869592130184 4.0 18.0 1.0 6215621.770586877 611581.8649577977 1.1488636363636364
59269.191991529995 2459269.6932443385 233.2992023904808 42.93253439012915 4.0 18.0 0.0 6214132.730513445 611400.04971857 1.1488636363636364
59269.19328782499 2459269.694540642 235.16586718847975 44.799199188128114 4.0 18.0 1.0 6216984.133450963 611716.6346956457 1.1488636363636364
59269.194584125 2459269.6958369506 237.03253919491544 46.665871194563806 4.0 18.0 0.0 6215726.124938632 611553.3617852409 1.1488636363636364
59269.19588042 2459269.697133254 238.8992039929144 48.53253599256277 4.0 18.0 1.0 6217147.613823828 611732.1780173349 1.1488636363636364
59269.229584125 2459269.7308375677 287.4325391999446 1.865872802445665 4.0 19.0 0.0 6203218.112230157 610364.3742682623 1.1488636363636364
59269.23088042 2459269.732133899 289.29920399794355 3.73253760044463 4.0 19.0 1.0 6208870.180446495 610926.7196310798 1.1488636363636364
59269.232176715 2459269.7334302287 291.1658687959425 5.599202398443595 4.0 19.0 0.0 6208900.36236552 610912.0045386598 1.1488636363636364
59269.23347301 2459269.7347265584 293.0325335939415 7.465867196442559 4.0 19.0 1.0 6209653.1794257285 611001.0338289994 1.1488636363636364
59269.23476931 2459269.736022892 294.8992056003772 9.332539202878252 4.0 19.0 0.0 6209639.81043387 610984.5244392258 1.1488636363636364
59269.236065605 2459269.73731922 296.76587039837614 11.199204000877216 4.0 19.0 1.0 6213071.035631454 611343.7453959283 1.1488636363636364
59269.2373619 2459269.7386155464 298.6325351963751 13.065868798876181 4.0 19.0 0.0 6210010.233284781 611013.7500511699 1.1488636363636364
59269.238658195 2459269.7399118715 300.49919999437407 14.932533596875146 4.0 19.0 1.0 6212582.29282275 611263.9814900622 1.1488636363636364
59269.239954495 2459269.7412082 302.36587200080976 16.79920560331084 4.0 19.0 0.0 6211300.875990709 611136.3303441722 1.1488636363636364
59269.24125079 2459269.742504522 304.2325367988087 18.665870401309803 4.0 19.0 1.0 6213485.829582685 611369.8930620285 1.1488636363636364
59269.242547085 2459269.7438008427 306.0992015968077 20.532535199308768 4.0 19.0 0.0 6212337.696199984 611234.5003311415 1.1488636363636364
59269.24384338 2459269.7450971613 307.96586639480665 22.399199997307733 4.0 19.0 1.0 6213895.4107166035 611406.1892795238 1.1488636363636364
59269.24513968 2459269.7463934836 309.83253840124235 24.265872003743425 4.0 19.0 0.0 6212560.9841883 611253.6057519059 1.1488636363636364
59269.246435975 2459269.747689799 311.6992031992413 26.13253680174239 4.0 19.0 1.0 6214303.030099226 611449.9809757138 1.1488636363636364
59269.24773227 2459269.748986113 313.5658679972403 27.999201599741355 4.0 19.0 0.0 6213165.734426009 611307.5036476261 1.1488636363636364
59269.249028570004 2459269.7502824296 315.43254000367597 29.865873606177047 4.0 19.0 1.0 6214835.42297706 611492.1005704241 1.1488636363636364
59269.250324865 2459269.7515787403 317.29920480167493 31.73253840417601 4.0 19.0 0.0 6214276.362477912 611415.010871258 1.1488636363636364
59269.25162116 2459269.7528750496 319.1658695996739 33.59920320217498 4.0 19.0 1.0 6214346.440606198 611446.9611572995 1.1488636363636364
59269.252917455 2459269.754171357 321.03253439767286 35.46586800017394 4.0 19.0 0.0 6213560.889293547 611345.7962968961 1.1488636363636364
59269.25421375 2459269.7554676635 322.8991991956718 37.332532798172906 4.0 19.0 1.0 6215321.4815694 611532.9793677907 1.1488636363636364
59269.25551005 2459269.756763974 324.7658712021075 39.1992048046086 4.0 19.0 0.0 6212913.484250454 611284.4083077479 1.1488636363636364
59269.256806345 2459269.7580602793 326.6325360001065 41.06586960260756 4.0 19.0 1.0 6215291.152698072 611539.6309080808 1.1488636363636364
59269.25810264 2459269.759356583 328.49920079810545 42.93253440060653 4.0 19.0 0.0 6213827.969757799 611379.8292764236 1.1488636363636364
59269.259398940005 2459269.760652892 330.36587280454114 44.79920640704222 4.0 19.0 1.0 6214568.037718281 611462.848508472 1.1488636363636364
59269.260695235 2459269.761949195 332.2325376025401 46.665871205041185 4.0 19.0 0.0 6214368.59174833 611420.3576857615 1.1488636363636364
59269.26199153 2459269.7632454988 334.09920240053907 48.53253600304015 4.0 19.0 1.0 6215392.882335688 611543.2293711852 1.1488636363636364
