# %ECSV 0.9
# ---
# datatype:
# - {name: t_mjd, datatype: float64}
# - {name: t_bjd, datatype: float64}
# - {name: t_visit, datatype: float64}
# - {name: t_orbit, datatype: float64}
# - {name: ivisit, datatype: float64}
# - {name: iorbit, datatype: float64}
# - {name: scan, datatype: float64}
# - {name: spec_opt, datatype: float64}
# - {name: var_opt, datatype: float64}
# - {name: wave, datatype: float64}
# schema: astropy-2.0
t_mjd t_bjd t_visit t_orbit ivisit iorbit scan spec_opt var_opt wave
58888.252084215 2458888.753034453 1.8658655940089375 1.8658655940089375 0.0 0.0 0.0 7833645.825738668 766986.2158913631 1.3397727272727271
58888.253380509996 2458888.7543307883 3.7325303920079023 3.7325303920079023 0.0 0.0 1.0 7880746.01059774 771522.2433060746 1.3397727272727271
58888.25467699 2458888.755627308 5.5994615983217955 5.5994615983217955 0.0 0.0 0.0 7891967.863245127 772585.5326884657 1.3397727272727271
58888.255973105 2458888.756923462 7.465867196442559 7.465867196442559 0.0 0.0 1.0 7912688.084570033 774617.0319184674 1.3397727272727271
58888.2572694 2458888.7582197953 9.332531994441524 9.332531994441524 0.0 0.0 0.0 7914577.109784933 774754.1624088105 1.3397727272727271
58888.258565694996 2458888.7595161274 11.199196792440489 11.199196792440489 0.0 0.0 1.0 7928540.34515802 776139.229337005 1.3397727272727271
58888.259861989995 2458888.7608124586 13.065861590439454 13.065861590439454 0.0 0.0 0.0 7929762.051739791 776211.3402216857 1.3397727272727271
58888.261158285 2458888.7621087884 14.932526398915797 14.932526398915797 0.0 0.0 1.0 7937943.634218163 777010.8048459276 1.3397727272727271
58888.262454585 2458888.763405122 16.79919839487411 16.79919839487411 0.0 0.0 0.0 7935311.853937157 776742.8082007639 1.3397727272727271
58888.263750879996 2458888.7647014484 18.665863192873076 18.665863192873076 0.0 0.0 1.0 7943207.849334742 777514.2171449641 1.3397727272727271
58888.265047175 2458888.765997773 20.53252800134942 20.53252800134942 0.0 0.0 0.0 7940671.751698546 777252.5518998208 1.3397727272727271
58888.266343475 2458888.7672941014 22.399199997307733 22.399199997307733 0.0 0.0 1.0 7948143.230919221 777987.0237025449 1.3397727272727271
58888.26763977 2458888.7685904233 24.265864795306697 24.265864795306697 0.0 0.0 0.0 7944760.747255869 777644.9548487813 1.3397727272727271
58888.268936065 2458888.7698867433 26.132529593305662 26.132529593305662 0.0 0.0 1.0 7951079.7630960625 778291.4848143017 1.3397727272727271
58888.270232359995 2458888.7711830614 27.999194391304627 27.999194391304627 0.0 0.0 0.0 7949254.378371662 778074.9864599463 1.3397727272727271
58888.27152866 2458888.772479383 29.86586639774032 29.86586639774032 0.0 0.0 1.0 7951865.505056795 778342.9218968281 1.3397727272727271
58888.272824955 2458888.773775698 31.732531195739284 31.732531195739284 0.0 0.0 0.0 7948856.527432636 778036.0474876587 1.3397727272727271
58888.274121434995 2458888.7750721965 33.5994623915758 33.5994623915758 0.0 0.0 1.0 7952992.187316581 778478.7661699941 1.3397727272727271
58888.275417545 2458888.776368324 35.46586080221459 35.46586080221459 0.0 0.0 0.0 7950926.2769967895 778234.0671011484 1.3397727272727271
58888.276713845 2458888.77766464 37.332532798172906 37.332532798172906 0.0 0.0 1.0 7954578.377924932 778601.0087036084 1.3397727272727271
58888.27801014 2458888.7789609507 39.19919759617187 39.19919759617187 0.0 0.0 0.0 7951005.717319817 778246.86592608 1.3397727272727271
58888.279306435 2458888.78025726 41.065862394170836 41.065862394170836 0.0 0.0 1.0 7954398.2302507525 778613.1865919309 1.3397727272727271
58888.280602735 2458888.7815535734 42.93253440060653 42.93253440060653 0.0 0.0 0.0 7953281.215800723 778460.8834261064 1.3397727272727271
58888.28189903 2458888.782849882 44.79919919860549 44.79919919860549 0.0 0.0 1.0 7955651.156015995 778704.0339426213 1.3397727272727271
58888.283195325 2458888.78414619 46.66586399660446 46.66586399660446 0.0 0.0 0.0 7954596.465586329 778590.0304185542 1.3397727272727271
58888.28449162 2458888.7854424976 48.53252879460342 48.53252879460342 0.0 0.0 1.0 7956538.199231265 778816.7919854885 1.3397727272727271
58888.318183845 2458888.8191354494 97.04933279310353 1.866132002323866 0.0 1.0 0.0 7937311.997870929 776934.9590442472 1.3397727272727271
58888.319480139995 2458888.8204317843 98.9159975911025 3.7327968003228307 0.0 1.0 1.0 7946877.961676853 777899.0726064626 1.3397727272727271
58888.320776435 2458888.821728119 100.78266239957884 5.599461608799174 0.0 1.0 0.0 7944018.811491212 777583.7012554752 1.3397727272727271
58888.322072735 2458888.8230244583 102.64933439553715 7.466133604757488 0.0 1.0 1.0 7950798.047503071 778272.1666484964 1.3397727272727271
58888.32336903 2458888.8243207913 104.51599919353612 9.332798402756453 0.0 1.0 0.0 7946146.609395357 777780.4340611193 1.3397727272727271
58888.324665325 2458888.825617124 106.38266400201246 11.199463211232796 0.0 1.0 1.0 7952399.153681731 778424.7651366306 1.3397727272727271
58888.32596162 2458888.826913455 108.24932880001143 13.066128009231761 0.0 1.0 0.0 7950005.629675248 778155.0084549933 1.3397727272727271
58888.32725773 2458888.8282095995 110.11572720017284 14.932526409393176 0.0 1.0 1.0 7951958.457631596 778381.7696189292 1.3397727272727271
58888.328554215 2458888.8295061174 111.9826655939687 16.79946480318904 0.0 1.0 0.0 7948283.392490735 777988.3403122757 1.3397727272727271
58888.329850509996 2458888.830802444 113.84933039196767 18.666129601188004 0.0 1.0 1.0 7952082.420972315 778393.1972424056 1.3397727272727271
58888.331146805 2458888.8320987695 115.71599520044401 20.532794409664348 0.0 1.0 0.0 7952123.991773472 778355.017114153 1.3397727272727271
58888.332443105 2458888.833395098 117.58266719640233 22.39946640562266 0.0 1.0 1.0 7953801.594866936 778531.2400320395 1.3397727272727271
58888.3337394 2458888.8346914193 119.44933199440129 24.266131203621626 0.0 1.0 0.0 7951504.78291064 778293.86076028 1.3397727272727271
58888.335035694996 2458888.8359877393 121.31599679240026 26.13279600162059 0.0 1.0 1.0 7955483.413134957 778715.760550899 1.3397727272727271
58888.336331989995 2458888.837284058 123.18266159039922 27.999460799619555 0.0 1.0 0.0 7950671.897822225 778208.6257527588 1.3397727272727271
58888.337628099995 2458888.8385801897 125.04905999056064 29.86585919978097 0.0 1.0 1.0 7953689.452448364 778519.4072166521 1.3397727272727271
58888.338924585 2458888.8398766946 126.91599839483388 31.732797604054213 0.0 1.0 0.0 7951906.877146587 778329.7611612156 1.3397727272727271
58888.340220879996 2458888.841173008 128.78266319283284 33.59946240205318 0.0 1.0 1.0 7954428.567695514 778616.8044778657 1.3397727272727271
58888.341517175 2458888.842469321 130.6493280013092 35.46612721052952 0.0 1.0 0.0 7950313.384668595 778175.8947292067 1.3397727272727271
58888.34281329 2458888.8437654525 132.51573359942995 37.332532808650285 0.0 1.0 1.0 7952907.032030826 778444.7934445968 1.3397727272727271
58888.34410977 2458888.845061947 134.38266479526646 39.1994640044868 0.0 1.0 0.0 7951331.109185609 778274.380422827 1.3397727272727271
58888.345406065 2458888.8463582564 136.24932959326543 41.066128802485764 0.0 1.0 1.0 7953550.725174588 778502.5225475116 1.3397727272727271
58888.346702359995 2458888.8476545657 138.1159943912644 42.93279360048473 0.0 1.0 0.0 7952302.668638835 778366.5670704785 1.3397727272727271
58888.34799866 2458888.8489508787 139.9826663977001 44.79946560692042 0.0 1.0 1.0 7953882.5472115865 778564.9436344912 1.3397727272727271
58888.349294955 2458888.8502471866 141.84933119569905 46.666130404919386 0.0 1.0 0.0 7950680.299961539 778212.6697775761 1.3397727272727271
58888.35059125 2458888.8515434945 143.71599599369802 48.53279520291835 0.0 1.0 1.0 7953678.206941111 778542.0664129467 1.3397727272727271
58888.384294955 2458888.8852479253 192.2493312007282 1.866132002323866 0.0 2.0 0.0 7930630.473562839 776290.7697269111 1.3397727272727271
58888.38559125 2458888.8865442607 194.11599599872716 3.7327968003228307 0.0 2.0 1.0 7939372.9288389 777177.6968629117 1.3397727272727271
58888.38688736 2458888.88784041 195.98239439888857 5.599195200484246 0.0 2.0 0.0 7937010.9772288855 776906.7910172831 1.3397727272727271
58888.388183845 2458888.8891369347 197.84933280316181 7.466133604757488 0.0 2.0 1.0 7944043.828880812 777625.7153045195 1.3397727272727271
58888.389479955 2458888.890433083 199.71573120332323 9.332532004918903 0.0 2.0 0.0 7939570.25236857 777150.4845078547 1.3397727272727271
58888.390776435 2458888.8917295993 201.58266239915974 11.199463200755417 0.0 2.0 1.0 7944655.555118167 777683.0132154779 1.3397727272727271
58888.392072735 2458888.8930259356 203.44933439511806 13.06613519671373 0.0 2.0 0.0 7941313.235051688 777314.2424720522 1.3397727272727271
58888.393369030004 2458888.8943222654 205.3159992035944 14.932800005190074 0.0 2.0 1.0 7945545.244190632 777768.1786810043 1.3397727272727271
58888.394665325 2458888.8956185933 207.18266400159337 16.79946480318904 0.0 2.0 0.0 7944049.2768304385 777581.941516604 1.3397727272727271
58888.39596162 2458888.89691492 209.04932879959233 18.666129601188004 0.0 2.0 1.0 7946551.290171194 777860.3588460861 1.3397727272727271
58888.397257915 2458888.898211245 210.9159935975913 20.53279439918697 0.0 2.0 0.0 7943313.993726995 777506.2692568309 1.3397727272727271
58888.398554215004 2458888.899507574 212.782665604027 22.39946640562266 0.0 2.0 1.0 7945316.769446192 777743.471449976 1.3397727272727271
58888.39985051 2458888.900803895 214.64933040202595 24.266131203621626 0.0 2.0 0.0 7943340.141677347 777507.1036760744 1.3397727272727271
58888.401146805 2458888.902100215 216.51599520002492 26.13279600162059 0.0 2.0 1.0 7945935.797200386 777800.3323749361 1.3397727272727271
58888.402443105 2458888.9033965385 218.38266719598323 27.999467997578904 0.0 2.0 0.0 7942714.052412711 777444.7227180668 1.3397727272727271
58888.403739400004 2458888.9046928557 220.24933200445957 29.866132806055248 0.0 2.0 1.0 7945504.250993974 777758.5100224009 1.3397727272727271
58888.405035695 2458888.9059891705 222.11599680245854 31.732797604054213 0.0 2.0 0.0 7943568.837740882 777527.1750521322 1.3397727272727271
58888.40633199 2458888.9072854845 223.9826616004575 33.59946240205318 0.0 2.0 1.0 7944937.566602987 777702.5043018913 1.3397727272727271
58888.407628285 2458888.9085817966 225.84932639845647 35.46612720005214 0.0 2.0 0.0 7942886.080315348 777464.7896219008 1.3397727272727271
58888.408924585 2458888.9098781133 227.71599839441478 37.332799196010455 0.0 2.0 1.0 7945679.237088404 777775.6200624773 1.3397727272727271
58888.41022088 2458888.9111744235 229.58266320289113 39.1994640044868 0.0 2.0 0.0 7943572.0829910245 777528.8082163146 1.3397727272727271
58888.411517175 2458888.912470733 231.4493280008901 41.066128802485764 0.0 2.0 1.0 7948101.7784488425 778006.7574008852 1.3397727272727271
58888.412813475 2458888.9137670468 233.3159999968484 42.93280079844408 0.0 2.0 0.0 7947372.5494116135 777890.8527582351 1.3397727272727271
58888.414109770005 2458888.9150633556 235.18266480532475 44.79946560692042 0.0 2.0 1.0 7951557.8094619885 778341.6289114478 1.3397727272727271
58888.415406065 2458888.9163596635 237.0493296033237 46.666130404919386 0.0 2.0 0.0 7948856.260777432 778035.7762036984 1.3397727272727271
58888.41670236 2458888.9176559714 238.91599440132268 48.53279520291835 0.0 2.0 1.0 7949217.760178309 778111.9773555791 1.3397727272727271
58888.450417545 2458888.951371881 287.46586079592817 1.8658656044863164 0.0 3.0 0.0 7934825.682796288 776715.7047972672 1.3397727272727271
58888.451713845 2458888.952668221 289.33253280236386 3.7325376109220088 0.0 3.0 1.0 7940672.407647895 777301.5429154473 1.3397727272727271
58888.45301014 2458888.9539645556 291.1991976003628 5.5992024089209735 0.0 3.0 0.0 7942080.0314342575 777386.7727946701 1.3397727272727271
58888.454306435 2458888.9552608896 293.0658623983618 7.465867206919938 0.0 3.0 1.0 7945127.385417069 777726.4399972872 1.3397727272727271
58888.455602735 2458888.9565572278 294.9325343943201 9.332539202878252 0.0 3.0 0.0 7944029.573692505 777579.9970643381 1.3397727272727271
58888.45689903 2458888.95785356 296.79919920279644 11.199204011354595 0.0 3.0 1.0 7945736.06465851 777785.9550211391 1.3397727272727271
58888.458195325 2458888.959149891 298.6658640007954 13.06586880935356 0.0 3.0 0.0 7945173.785082403 777685.0029586426 1.3397727272727271
58888.45949162 2458888.9604462204 300.5325287987944 14.932533607352525 0.0 3.0 1.0 7947079.138238009 777919.9453397217 1.3397727272727271
58888.460787915 2458888.9617425487 302.39919359679334 16.79919840535149 0.0 3.0 0.0 7945362.9750832515 777704.4163315883 1.3397727272727271
58888.462084215 2458888.9630388804 304.26586560322903 18.665870411787182 0.0 3.0 1.0 7949936.663250594 778186.3114020273 1.3397727272727271
58888.46338051 2458888.964335205 306.132530401228 20.532535209786147 0.0 3.0 0.0 7945627.696319707 777726.7313935272 1.3397727272727271
58888.464676805 2458888.9656315283 307.99919519922696 22.39920000778511 0.0 3.0 1.0 7947768.942210386 777979.248959152 1.3397727272727271
58888.465973105 2458888.9669278553 309.8658671951853 24.265872003743425 0.0 3.0 0.0 7943681.836345793 777539.3663528014 1.3397727272727271
58888.467269400004 2458888.9682241757 311.7325320036616 26.13253681221977 0.0 3.0 1.0 7947881.577520333 777962.751970182 1.3397727272727271
58888.46856588 2458888.9695206787 313.59946319949813 27.999468008056283 0.0 3.0 0.0 7948646.125780498 778014.0111029412 1.3397727272727271
58888.46986199 2458888.9708168106 315.46586159965955 29.8658664082177 0.0 3.0 1.0 7948910.636033516 778084.9996588476 1.3397727272727271
58888.471158285 2458888.972113126 317.3325263976585 31.732531206216663 0.0 3.0 0.0 7947766.805589661 777929.4649567091 1.3397727272727271
58888.472454585004 2458888.973409445 319.1991984040942 33.599203212652355 0.0 3.0 1.0 7950198.53844635 778210.948479004 1.3397727272727271
58888.47375088 2458888.974705757 321.06586320209317 35.46586801065132 0.0 3.0 0.0 7946478.014748234 777805.2521002522 1.3397727272727271
58888.475047175 2458888.9760020687 322.93252800009213 37.332532808650285 0.0 3.0 1.0 7949355.995961183 778130.7281438312 1.3397727272727271
58888.476343475 2458888.977298384 324.79919999605045 39.1992048046086 0.0 3.0 0.0 7945419.935137436 777705.3108633554 1.3397727272727271
58888.477639770004 2458888.978594694 326.6658648045268 41.06586961308494 0.0 3.0 1.0 7947788.376955809 777979.7607459679 1.3397727272727271
58888.478936065 2458888.9798910026 328.53252960252576 42.93253441108391 0.0 3.0 0.0 7945910.530271394 777751.2927651504 1.3397727272727271
58888.48023236 2458888.981187311 330.3991944005247 44.79919920908287 0.0 3.0 1.0 7950424.785789834 778230.129680751 1.3397727272727271
58888.48152866 2458888.982483624 332.26586639648303 46.665871205041185 0.0 3.0 0.0 7946078.1953444155 777768.7542954069 1.3397727272727271
58888.482824955 2458888.9837799324 334.132531194482 48.53253600304015 0.0 3.0 1.0 7948806.23901295 778074.5921211551 1.3397727272727271
58946.83767614 2458947.3393639354 1.8658656044863164 1.8658656044863164 1.0 4.0 0.0 7888722.172109488 772281.2730613772 1.3397727272727271
58946.838972435 2458947.3406602414 3.7325304024852812 3.7325304024852812 1.0 4.0 1.0 7919419.450419891 775252.32262921 1.3397727272727271
58946.84026873 2458947.3419565475 5.599195200484246 5.599195200484246 1.0 4.0 0.0 7926425.700531731 775906.2070679351 1.3397727272727271
58946.84156503 2458947.3432528577 7.465867206919938 7.465867206919938 1.0 4.0 1.0 7940201.843189594 777245.8403159135 1.3397727272727271
58946.842861325 2458947.3445491623 9.332532004918903 9.332532004918903 1.0 4.0 0.0 7940731.792247831 777277.6384567375 1.3397727272727271
58946.84415762 2458947.3458454665 11.199196802917868 11.199196802917868 1.0 4.0 1.0 7951196.200439427 778300.0121080482 1.3397727272727271
58946.84545392 2458947.3471417744 13.06586880935356 13.06586880935356 1.0 4.0 0.0 7948482.360353011 778018.468455362 1.3397727272727271
58946.846750215 2458947.348438077 14.932533607352525 14.932533607352525 1.0 4.0 1.0 7958394.2703621555 778991.7393745442 1.3397727272727271
58946.84804651 2458947.3497343785 16.79919840535149 16.79919840535149 1.0 4.0 0.0 7953959.035036634 778540.6062553772 1.3397727272727271
58946.849342805 2458947.3510306785 18.665863203350455 18.665863203350455 1.0 4.0 1.0 7960920.927476193 779234.8756580943 1.3397727272727271
58946.8506391 2458947.3523269785 20.53252800134942 20.53252800134942 1.0 4.0 0.0 7956239.8097457765 778757.0232841339 1.3397727272727271
58946.8519354 2458947.3536232817 22.39920000778511 22.39920000778511 1.0 4.0 1.0 7962774.494394926 779408.6827852095 1.3397727272727271
58946.853231695 2458947.354919579 24.265864805784076 24.265864805784076 1.0 4.0 0.0 7959655.247370474 779083.4911816433 1.3397727272727271
58946.85452799 2458947.356215875 26.13252960378304 26.13252960378304 1.0 4.0 1.0 7965131.257747459 779630.5537556703 1.3397727272727271
58946.85582429 2458947.3575121756 27.999201610218734 27.999201610218734 1.0 4.0 0.0 7963132.348815785 779421.9514263548 1.3397727272727271
58946.857120585 2458947.35880847 29.8658664082177 29.8658664082177 1.0 4.0 1.0 7966585.121936523 779773.4230632123 1.3397727272727271
58946.85841688 2458947.3601047634 31.732531206216663 31.732531206216663 1.0 4.0 0.0 7964452.973448199 779550.3000843225 1.3397727272727271
58946.859713175 2458947.361401056 33.59919600421563 33.59919600421563 1.0 4.0 1.0 7965751.981334365 779696.7435444815 1.3397727272727271
58946.861009475004 2458947.3626973527 35.46586801065132 35.46586801065132 1.0 4.0 0.0 7962961.527062804 779408.419337034 1.3397727272727271
58946.86230577 2458947.3639936442 37.332532808650285 37.332532808650285 1.0 4.0 1.0 7968016.005627029 779913.5390896017 1.3397727272727271
58946.863602065 2458947.3652899344 39.19919760664925 39.19919760664925 1.0 4.0 0.0 7964517.962471662 779554.5381000058 1.3397727272727271
58946.86489836 2458947.3665862246 41.065862404648215 41.065862404648215 1.0 4.0 1.0 7965670.885367547 779685.782037135 1.3397727272727271
58946.866194660004 2458947.3678825195 42.93253441108391 42.93253441108391 1.0 4.0 0.0 7964345.580326151 779539.0904315612 1.3397727272727271
58946.867490955 2458947.3691788097 44.79919920908287 44.79919920908287 1.0 4.0 1.0 7968693.09202332 779974.3010745753 1.3397727272727271
58946.86878725 2458947.370475099 46.66586400708184 46.66586400708184 1.0 4.0 0.0 7964382.271272828 779541.5817995747 1.3397727272727271
58946.870083545 2458947.3717713887 48.5325288050808 48.5325288050808 1.0 4.0 1.0 7967785.395419443 779881.7628893312 1.3397727272727271
58946.900754845 2458947.4024427715 92.69920080900192 1.8658656044863164 1.0 5.0 0.0 7950374.532180834 778202.2748773791 1.3397727272727271
58946.90205114 2458947.4037390784 94.56586560700089 3.7325304024852812 1.0 5.0 1.0 7959167.367975139 779068.3391151952 1.3397727272727271
58946.903347435 2458947.4050353845 96.43253040499985 5.599195200484246 1.0 5.0 0.0 7956949.292994163 778833.7433317242 1.3397727272727271
58946.904643735004 2458947.4063316956 98.29920241143554 7.465867206919938 1.0 5.0 1.0 7960712.609656152 779217.9327705771 1.3397727272727271
58946.90594003 2458947.4076280016 100.16586720943451 9.332532004918903 1.0 5.0 0.0 7959448.289651585 779072.0308783645 1.3397727272727271
58946.907236325 2458947.408924307 102.03253200743347 11.199196802917868 1.0 5.0 1.0 7963552.133574526 779488.2588926306 1.3397727272727271
58946.90853262 2458947.410220612 103.89919680543244 13.065861600916833 1.0 5.0 0.0 7960994.497154665 779223.4776245453 1.3397727272727271
58946.909828915 2458947.411516916 105.7658616034314 14.932526398915797 1.0 5.0 1.0 7963986.3380917115 779529.7831622651 1.3397727272727271
58946.911125215 2458947.4128132244 107.6325336098671 16.79919840535149 1.0 5.0 0.0 7961977.582408721 779314.9284397581 1.3397727272727271
58946.91242151 2458947.414109527 109.49919840786606 18.665863203350455 1.0 5.0 1.0 7967887.858025707 779907.1209918126 1.3397727272727271
58946.913717805 2458947.415405829 111.36586320586503 20.53252800134942 1.0 5.0 0.0 7962793.72654258 779394.3091317101 1.3397727272727271
58946.915014105 2458947.4167021345 113.23253520182334 22.399199997307733 1.0 5.0 1.0 7966506.019941631 779774.1803616015 1.3397727272727271
58946.9163104 2458947.417998434 115.09920001029968 24.265864805784076 1.0 5.0 0.0 7961976.995164255 779308.4300821902 1.3397727272727271
58946.917606695 2458947.419294733 116.96586480829865 26.13252960378304 1.0 5.0 1.0 7966953.992279587 779809.3907059006 1.3397727272727271
58946.91890299 2458947.4205910307 118.83252960629761 27.999194401782006 1.0 5.0 0.0 7963769.145779918 779479.7039654437 1.3397727272727271
58946.920199285 2458947.421887327 120.69919440429658 29.86585919978097 1.0 5.0 1.0 7967001.289615693 779815.3587087641 1.3397727272727271
58946.921495585004 2458947.4231836274 122.56586641073227 31.732531206216663 1.0 5.0 0.0 7964703.702370584 779567.6880302355 1.3397727272727271
58946.92279188 2458947.4244799227 124.43253120873123 33.59919600421563 1.0 5.0 1.0 7965954.247532769 779713.8532848217 1.3397727272727271
58946.924088175 2458947.425776216 126.2991960067302 35.46586080221459 1.0 5.0 0.0 7963603.865848142 779466.7967605237 1.3397727272727271
58946.925384475 2458947.427072514 128.1658680026885 37.332532798172906 1.0 5.0 1.0 7967371.239563945 779848.9626621592 1.3397727272727271
58946.926680770004 2458947.428368806 130.03253281116486 39.19919760664925 1.0 5.0 0.0 7961726.629469462 779285.3885514553 1.3397727272727271
58946.927977065 2458947.4296650975 131.89919760916382 41.065862404648215 1.0 5.0 1.0 7965786.707324049 779700.7643635694 1.3397727272727271
58946.92927336 2458947.4309613886 133.76586240716279 42.93252720264718 1.0 5.0 0.0 7963370.147106429 779443.6522861945 1.3397727272727271
58946.930569660006 2458947.432257684 135.63253441359848 44.79919920908287 1.0 5.0 1.0 7963372.117656648 779469.9365523052 1.3397727272727271
58946.931865955004 2458947.4335539737 137.49919921159744 46.66586400708184 1.0 5.0 0.0 7962434.448766194 779358.0444172091 1.3397727272727271
58946.93316225 2458947.434850264 139.3658640095964 48.5325288050808 1.0 5.0 1.0 7966776.418804199 779790.8943167657 1.3397727272727271
58946.966831325 2458947.4685194087 187.84933200571686 1.865872791968286 1.0 6.0 0.0 7945367.162474964 777725.4689367515 1.3397727272727271
58946.96812762 2458947.4698157148 189.71599680371583 3.732537589967251 1.0 6.0 1.0 7951782.370807971 778361.3542477984 1.3397727272727271
58946.96942392 2458947.471112026 191.58266881015152 5.599209596402943 1.0 6.0 0.0 7950019.2798722815 778172.5575870208 1.3397727272727271
58946.970720215 2458947.472408332 193.44933360815048 7.465874394401908 1.0 6.0 1.0 7952536.226955045 778434.7184046266 1.3397727272727271
58946.97201651 2458947.473704638 195.31599840614945 9.332539192400873 1.0 6.0 0.0 7952713.157443071 778428.551982988 1.3397727272727271
58946.973312805 2458947.475000943 197.1826632041484 11.199203990399837 1.0 6.0 1.0 7957089.385750288 778870.132588754 1.3397727272727271
58946.9746091 2458947.4762972477 199.04932800214738 13.065868788398802 1.0 6.0 0.0 7955612.547216666 778703.8276244747 1.3397727272727271
58946.9759054 2458947.477593557 200.91600000858307 14.932540794834495 1.0 6.0 1.0 7957274.576072934 778886.4907374706 1.3397727272727271
58946.977201695 2458947.4788898607 202.78266480658203 16.79920559283346 1.0 6.0 0.0 7956624.383786574 778803.095509289 1.3397727272727271
58946.97849799 2458947.480186163 204.649329604581 18.665870390832424 1.0 6.0 1.0 7956008.926059398 778763.1503069611 1.3397727272727271
58946.979794290004 2458947.4814824695 206.5160016110167 20.532542397268116 1.0 6.0 0.0 7955462.065344116 778687.151371993 1.3397727272727271
58946.981090585 2458947.48277877 208.38266640901566 22.39920719526708 1.0 6.0 1.0 7959411.457348776 779094.6348024269 1.3397727272727271
58946.98238688 2458947.48407507 210.24933120701462 24.265871993266046 1.0 6.0 0.0 7955152.28308103 778656.5523211167 1.3397727272727271
58946.983683175 2458947.4853713685 212.11599600501359 26.13253679126501 1.0 6.0 1.0 7958089.456158541 778939.1186649575 1.3397727272727271
58946.984979475004 2458947.4866676712 213.98266801144928 27.999208797700703 1.0 6.0 0.0 7957010.378149557 778831.6197877086 1.3397727272727271
58946.98627577 2458947.4879639675 215.84933280944824 29.865873595699668 1.0 6.0 1.0 7958222.863113072 778972.1629148868 1.3397727272727271
58946.987572065 2458947.4892602633 217.7159976074472 31.732538393698633 1.0 6.0 0.0 7957561.256805659 778883.4952612796 1.3397727272727271
58946.98886836 2458947.490556558 219.58266240544617 33.5992031916976 1.0 6.0 1.0 7959646.797925882 779107.065369388 1.3397727272727271
58946.990164660005 2458947.4918528567 221.44933441188186 35.46587519813329 1.0 6.0 0.0 7958816.075303286 779004.1447943426 1.3397727272727271
58946.991460955 2458947.4931491497 223.31599920988083 37.332539996132255 1.0 6.0 1.0 7961969.246058354 779329.9875150557 1.3397727272727271
58946.99275725 2458947.4944454418 225.1826640078798 39.19920479413122 1.0 6.0 0.0 7961367.998889406 779253.13638899 1.3397727272727271
58946.994053545 2458947.4957417333 227.04932880587876 41.065869592130184 1.0 6.0 1.0 7963782.592449085 779507.1348466144 1.3397727272727271
58946.995349845005 2458947.497038029 228.91600081231445 42.93254159856588 1.0 6.0 0.0 7960900.184298796 779207.7289206162 1.3397727272727271
58946.99664614 2458947.4983343193 230.78266561031342 44.79920639656484 1.0 6.0 1.0 7963297.219896318 779461.1892065473 1.3397727272727271
58946.997942435 2458947.49963061 232.64933040831238 46.665871194563806 1.0 6.0 0.0 7960405.757775195 779162.8757993446 1.3397727272727271
58946.99923873 2458947.5009268997 234.51599520631135 48.53253599256277 1.0 6.0 1.0 7963555.641364488 779487.4922939305 1.3397727272727271
58947.03290762 2458947.5345958583 282.99919680459425 1.8658656044863164 1.0 7.0 0.0 7949505.323193037 778120.8822421156 1.3397727272727271
58947.034203920004 2458947.5358921695 284.86586881102994 3.7325376109220088 1.0 7.0 1.0 7956319.311666071 778798.2352585325 1.3397727272727271
58947.035500215 2458947.5371884755 286.7325336090289 5.5992024089209735 1.0 7.0 0.0 7955147.925023596 778664.6605407285 1.3397727272727271
58947.03679651 2458947.538484782 288.59919840702787 7.465867206919938 1.0 7.0 1.0 7959660.537691337 779116.9388015297 1.3397727272727271
58947.038092805 2458947.5397810875 290.46586320502684 9.332532004918903 1.0 7.0 0.0 7957799.023307924 778916.5375713048 1.3397727272727271
58947.0393891 2458947.5410773926 292.3325280030258 11.199196802917868 1.0 7.0 1.0 7961742.887386004 779317.1842749531 1.3397727272727271
58947.0406854 2458947.542373702 294.1992000094615 13.06586880935356 1.0 7.0 0.0 7957804.821484187 778916.9629177374 1.3397727272727271
58947.041981695 2458947.5436700066 296.06586480746046 14.932533607352525 1.0 7.0 1.0 7962549.330783532 779393.2459029771 1.3397727272727271
58947.04327799 2458947.5449663093 297.9325296054594 16.79919840535149 1.0 7.0 0.0 7958777.686332994 779015.830044096 1.3397727272727271
58947.044574290005 2458947.5462626168 299.7992016118951 18.665870411787182 1.0 7.0 1.0 7963578.108928369 779492.6171721028 1.3397727272727271
58947.045870585 2458947.5475589186 301.6658664098941 20.532535209786147 1.0 7.0 0.0 7960068.3381278375 779131.7444011917 1.3397727272727271
58947.04716688 2458947.5488552195 303.53253120789304 22.39920000778511 1.0 7.0 1.0 7963116.171881571 779444.6578342089 1.3397727272727271
58947.048463175 2458947.550151519 305.399196005892 24.265864805784076 1.0 7.0 0.0 7960683.599437258 779190.347301819 1.3397727272727271
58947.049759475005 2458947.5514478222 307.2658680123277 26.13253681221977 1.0 7.0 1.0 7962519.346540028 779392.1200717166 1.3397727272727271
58947.05105577 2458947.55274412 309.13253281032667 27.999201610218734 1.0 7.0 0.0 7960517.749919122 779176.9964266324 1.3397727272727271
58947.052352065 2458947.5540404166 310.99919760832563 29.8658664082177 1.0 7.0 1.0 7964167.635158962 779545.3471523819 1.3397727272727271
58947.05364836 2458947.5553367124 312.8658624063246 31.732531206216663 1.0 7.0 0.0 7961834.362807045 779300.9511108409 1.3397727272727271
58947.054944660005 2458947.556633012 314.7325344127603 33.599203212652355 1.0 7.0 1.0 7962941.219179281 779420.7500476051 1.3397727272727271
58947.056240955004 2458947.5579293054 316.59919921075925 35.46586801065132 1.0 7.0 0.0 7960761.908364299 779190.5849367781 1.3397727272727271
58947.05753725 2458947.559225599 318.4658640087582 37.332532808650285 1.0 7.0 1.0 7963247.630417654 779451.2228763418 1.3397727272727271
58947.058833545 2458947.560521891 320.3325288067572 39.19919760664925 1.0 7.0 0.0 7959630.12179673 779087.0545213971 1.3397727272727271
58947.060129845006 2458947.5618181876 322.1992008131929 41.06586961308494 1.0 7.0 1.0 7963538.476594638 779481.2132370347 1.3397727272727271
58947.061426140004 2458947.5631144783 324.06586561119184 42.93253441108391 1.0 7.0 0.0 7961579.996259578 779274.5756123926 1.3397727272727271
58947.062722435 2458947.564410769 325.9325304091908 44.79919920908287 1.0 7.0 1.0 7963117.326547362 779444.5186807715 1.3397727272727271
58947.06401873 2458947.565707059 327.79919520718977 46.66586400708184 1.0 7.0 0.0 7960324.804161003 779153.4141133343 1.3397727272727271
58947.065315030006 2458947.567003354 329.66586721362546 48.53253601351753 1.0 7.0 1.0 7962589.790378186 779393.7633803328 1.3397727272727271
59120.318630155 2459120.8177504004 1.8658656044863164 1.8658656044863164 2.0 8.0 0.0 7898401.125561494 773228.0858344872 1.3397727272727271
59120.319926455 2459120.819046701 3.73253760044463 3.73253760044463 2.0 8.0 1.0 7921247.432145978 775435.7860680724 1.3397727272727271
59120.321222750004 2459120.8203429957 5.5992024089209735 5.5992024089209735 2.0 8.0 0.0 7922319.2570968745 775517.8291282216 1.3397727272727271
59120.322519045 2459120.82163929 7.465867206919938 7.465867206919938 2.0 8.0 1.0 7937768.484285446 777021.9305618899 1.3397727272727271
59120.32381534 2459120.822935584 9.332532004918903 9.332532004918903 2.0 8.0 0.0 7936023.590932989 776831.3751070584 1.3397727272727271
59120.32511164 2459120.824231882 11.199204000877216 11.199204000877216 2.0 8.0 1.0 7946152.940422329 777821.5025503126 1.3397727272727271
59120.326407935 2459120.8255281746 13.065868798876181 13.065868798876181 2.0 8.0 0.0 7943098.878103733 777508.6836962478 1.3397727272727271
59120.32770423 2459120.8268244658 14.932533607352525 14.932533607352525 2.0 8.0 1.0 7952799.308453199 778459.6732225704 1.3397727272727271
59120.329000525 2459120.8281207564 16.79919840535149 16.79919840535149 2.0 8.0 0.0 7948795.870154377 778055.8137607361 1.3397727272727271
59120.330296825 2459120.829417051 18.665870401309803 18.665870401309803 2.0 8.0 1.0 7956475.098020516 778814.8134705068 1.3397727272727271
59120.331593120005 2459120.830713339 20.532535209786147 20.532535209786147 2.0 8.0 0.0 7952212.892294904 778383.8951424839 1.3397727272727271
59120.332889415 2459120.832009626 22.39920000778511 22.39920000778511 2.0 8.0 1.0 7958989.058782819 779057.2356409089 1.3397727272727271
59120.334185715 2459120.833305917 24.265872003743425 24.265872003743425 2.0 8.0 0.0 7956316.768062806 778780.7689406105 1.3397727272727271
59120.33548201 2459120.8346022028 26.13253680174239 26.13253680174239 2.0 8.0 1.0 7960515.537154568 779206.1277304969 1.3397727272727271
59120.336778305 2459120.8358984864 27.999201599741355 27.999201599741355 2.0 8.0 0.0 7956652.39200222 778810.7806958169 1.3397727272727271
59120.338074600004 2459120.837194769 29.8658664082177 29.8658664082177 2.0 8.0 1.0 7961526.435865193 779300.7657610066 1.3397727272727271
59120.339370895 2459120.838491051 31.732531206216663 31.732531206216663 2.0 8.0 0.0 7957859.615415869 778928.3300687324 1.3397727272727271
59120.340667195 2459120.839787337 33.59920320217498 33.59920320217498 2.0 8.0 1.0 7963869.631633209 779528.4090918511 1.3397727272727271
59120.341963490006 2459120.841083617 35.46586801065132 35.46586801065132 2.0 8.0 0.0 7958221.224025503 778962.1329162449 1.3397727272727271
59120.343259785004 2459120.842379896 37.332532808650285 37.332532808650285 2.0 8.0 1.0 7965095.398066452 779643.9806783043 1.3397727272727271
59120.344556085 2459120.8436761796 39.1992048046086 39.1992048046086 2.0 8.0 0.0 7959899.107590664 779122.249967688 1.3397727272727271
59120.34585238 2459120.844972458 41.06586960260756 41.06586960260756 2.0 8.0 1.0 7964699.732239526 779598.7534486718 1.3397727272727271
59120.347148675 2459120.846268736 42.93253440060653 42.93253440060653 2.0 8.0 0.0 7961166.771667986 779244.290024366 1.3397727272727271
59120.348444970004 2459120.847565013 44.79919920908287 44.79919920908287 2.0 8.0 1.0 7963036.795008283 779439.059494979 1.3397727272727271
59120.349741265 2459120.8488612906 46.66586400708184 46.66586400708184 2.0 8.0 0.0 7960578.944695909 779186.066052182 1.3397727272727271
59120.351037565 2459120.850157573 48.53253600304015 48.53253600304015 2.0 8.0 1.0 7963666.418559276 779499.3941804944 1.3397727272727271
59120.382449785 2459120.8815695937 93.76613280270249 1.866132002323866 2.0 9.0 0.0 7946299.918262609 777827.5364382186 1.3397727272727271
59120.383746085 2459120.8828658946 95.6328047986608 3.7328039982821792 2.0 9.0 1.0 7954248.092314609 778607.951816041 1.3397727272727271
59120.38504238 2459120.8841621904 97.49946960713714 5.599468806758523 2.0 9.0 0.0 7952788.664461231 778448.1674993301 1.3397727272727271
59120.38633849 2459120.8854583004 99.36586800729856 7.465867206919938 2.0 9.0 1.0 7957655.029802336 778931.2396144995 1.3397727272727271
59120.38763497 2459120.88675478 101.23279920313507 9.332798402756453 2.0 9.0 0.0 7956008.954634482 778755.9157349606 1.3397727272727271
59120.38893108 2459120.8880508896 103.09919760329649 11.199196802917868 2.0 9.0 1.0 7960859.038679035 779239.5614391792 1.3397727272727271
59120.390227565 2459120.8893473735 104.96613600756973 13.06613520719111 2.0 9.0 0.0 7958340.473578093 778974.9092073604 1.3397727272727271
59120.39152386 2459120.8906436665 106.8328008055687 14.932800005190074 2.0 9.0 1.0 7963795.297800578 779521.9997617564 1.3397727272727271
59120.392820155 2459120.8919399586 108.69946560356766 16.79946480318904 2.0 9.0 0.0 7958193.384931878 778962.2435735237 1.3397727272727271
59120.39411627 2459120.89323607 110.56587120168842 18.665870401309803 2.0 9.0 1.0 7963075.69991829 779450.3191000394 1.3397727272727271
59120.395412750004 2459120.8945325455 112.43280240800232 20.532801607623696 2.0 9.0 0.0 7958651.965034501 779002.527594433 1.3397727272727271
59120.396709045 2459120.8958288347 114.29946720600128 22.39946640562266 2.0 9.0 1.0 7964173.138409154 779555.0978151165 1.3397727272727271
59120.39800534 2459120.8971251226 116.16613200400025 24.266131203621626 2.0 9.0 0.0 7959923.649509821 779126.2852295691 1.3397727272727271
59120.399301640005 2459120.898421415 118.03280401043594 26.132803210057318 2.0 9.0 1.0 7961817.466925814 779324.0017905636 1.3397727272727271
59120.400597935004 2459120.8997177007 119.8994688084349 27.999468008056283 2.0 9.0 0.0 7959890.392436927 779124.9709549624 1.3397727272727271
59120.40189423 2459120.9010139853 121.76613360643387 29.866132806055248 2.0 9.0 1.0 7964262.589507539 779563.757442731 1.3397727272727271
59120.403190525 2459120.902310269 123.63279840443283 31.732797604054213 2.0 9.0 0.0 7961227.631796342 779249.6412348324 1.3397727272727271
59120.404486825 2459120.903606557 125.49947040039115 33.599469600012526 2.0 9.0 1.0 7965487.982578304 779680.0900189575 1.3397727272727271
59120.405783120004 2459120.9049028386 127.36613520886749 35.46613440848887 2.0 9.0 0.0 7961541.869687813 779283.6006635593 1.3397727272727271
59120.407079415 2459120.906199119 129.23280000686646 37.332799206487834 2.0 9.0 1.0 7963419.918574007 779482.4442679129 1.3397727272727271
59120.408375715 2459120.9074954037 131.09947200282477 39.19947120244615 2.0 9.0 0.0 7961099.162389283 779236.6187363144 1.3397727272727271
59120.40967201 2459120.908791683 132.96613680082373 41.06613600044511 2.0 9.0 1.0 7962345.365775923 779375.6537558854 1.3397727272727271
59120.410968305 2459120.9100879612 134.8328015988227 42.93280079844408 2.0 9.0 0.0 7959949.776625656 779128.3525963761 1.3397727272727271
59120.4122646 2459120.9113842393 136.69946640729904 44.79946560692042 2.0 9.0 1.0 7963884.98666059 779521.4219655199 1.3397727272727271
59120.413560895 2459120.9126805165 138.566131205298 46.666130404919386 2.0 9.0 0.0 7960688.733604413 779193.265784967 1.3397727272727271
59120.414857195 2459120.9139767997 140.43280320125632 48.5328024008777 2.0 9.0 1.0 7962969.434616091 779435.4107111265 1.3397727272727271
59120.44857238 2459120.947691755 188.9826696063392 1.865872802445665 2.0 10.0 0.0 7940054.882848465 777222.2446205367 1.3397727272727271
59120.449868675 2459120.9489880507 190.84933440433815 3.73253760044463 2.0 10.0 1.0 7947883.6072821105 777996.8031950932 1.3397727272727271
59120.45116497 2459120.9502843465 192.71599920233712 5.599202398443595 2.0 10.0 0.0 7945105.153831803 777709.329427996 1.3397727272727271
59120.452461265 2459120.951580642 194.58266400033608 7.465867196442559 2.0 10.0 1.0 7948616.656782073 778061.8620014354 1.3397727272727271
59120.453757565 2459120.9528769418 196.44933600677177 9.332539202878252 2.0 10.0 0.0 7947576.302183949 777944.6930425083 1.3397727272727271
59120.45505386 2459120.954173236 198.31600080477074 11.199204000877216 2.0 10.0 1.0 7951513.802727151 778338.4872181565 1.3397727272727271
59120.456350155 2459120.9554695305 200.1826656027697 13.065868798876181 2.0 10.0 0.0 7949334.728121903 778109.699189181 1.3397727272727271
59120.457646455 2459120.9567658287 202.04933759872802 14.932540794834495 2.0 10.0 1.0 7954584.752947144 778631.974616147 1.3397727272727271
59120.45894275 2459120.9580621207 203.91600240720436 16.79920560331084 2.0 10.0 0.0 7948626.530898639 778038.7259169951 1.3397727272727271
59120.460239045 2459120.959358412 205.78266720520332 18.665870401309803 2.0 10.0 1.0 7953032.046316603 778487.3072581541 1.3397727272727271
59120.46153534 2459120.9606547025 207.6493320032023 20.532535199308768 2.0 10.0 0.0 7950478.25734528 778217.1265291227 1.3397727272727271
59120.462831640005 2459120.961950997 209.51600400963798 22.39920720574446 2.0 10.0 1.0 7954381.12780427 778617.2223716627 1.3397727272727271
59120.464127935 2459120.9632472848 211.38266880763695 24.265872003743425 2.0 10.0 0.0 7949898.745529995 778161.740302948 1.3397727272727271
59120.46542423 2459120.9645435717 213.2493336056359 26.13253680174239 2.0 10.0 1.0 7953766.713945576 778552.4912457713 1.3397727272727271
59120.466720525 2459120.965839858 215.11599840363488 27.999201599741355 2.0 10.0 0.0 7951574.937844522 778324.5114255924 1.3397727272727271
59120.468016825 2459120.967136148 216.9826703995932 29.865873595699668 2.0 10.0 1.0 7953516.299434899 778531.8600273228 1.3397727272727271
59120.469313120004 2459120.968432431 218.84933520806953 31.73253840417601 2.0 10.0 0.0 7952715.750144862 778433.6619168795 1.3397727272727271
59120.470609415 2459120.969728714 220.7160000060685 33.59920320217498 2.0 10.0 1.0 7953881.862242324 778569.365031931 1.3397727272727271
59120.471905715 2459120.9710250003 222.5826720020268 35.46587519813329 2.0 10.0 0.0 7950965.396219954 778269.8301899708 1.3397727272727271
59120.473202010005 2459120.972321281 224.44933681050315 37.332540006609634 2.0 10.0 1.0 7955113.314567386 778681.2202935414 1.3397727272727271
59120.474498305004 2459120.9736175607 226.31600160850212 39.1992048046086 2.0 10.0 0.0 7952576.249851305 778418.0916827914 1.3397727272727271
59120.4757946 2459120.9749138397 228.18266640650108 41.06586960260756 2.0 10.0 1.0 7954455.435219051 778624.063915198 1.3397727272727271
59120.477090895 2459120.9762101183 230.04933120450005 42.93253440060653 2.0 10.0 0.0 7951382.265286291 778305.3712448141 1.3397727272727271
59120.478387195 2459120.9775064015 231.91600320045836 44.79920639656484 2.0 10.0 1.0 7954081.312646496 778582.3497650239 1.3397727272727271
59120.479683490004 2459120.9788026786 233.7826680089347 46.665871205041185 2.0 10.0 0.0 7952972.2360186735 778451.7240973291 1.3397727272727271
59120.480979785 2459120.980098956 235.64933280693367 48.53253600304015 2.0 10.0 1.0 7956495.355979683 778813.3265740162 1.3397727272727271
59120.51469497 2459121.0138139124 284.19919920153916 1.865858396049589 2.0 11.0 0.0 7942089.771606367 777422.0166674738 1.3397727272727271
59120.515991265 2459121.015110208 286.0658639995381 3.7325231940485537 2.0 11.0 1.0 7950163.452501492 778214.9405080001 1.3397727272727271
59120.517287565 2459121.016406509 287.9325360059738 5.599195200484246 2.0 11.0 0.0 7950273.871787467 778202.4944041686 1.3397727272727271
59120.51858386 2459121.0177028044 289.7992008039728 7.465859998483211 2.0 11.0 1.0 7950837.158351309 778278.146802029 1.3397727272727271
59120.519880155 2459121.0189991 291.66586560197175 9.332524796482176 2.0 11.0 0.0 7949364.3247672 778113.5777562123 1.3397727272727271
59120.521176455004 2459121.0202953997 293.53253760840744 11.199196802917868 2.0 11.0 1.0 7954797.286043737 778654.4496991369 1.3397727272727271
59120.52247275 2459121.0215916936 295.3992024064064 13.065861600916833 2.0 11.0 0.0 7951031.542232676 778267.9442603372 1.3397727272727271
59120.523769045 2459121.0228879866 297.26586720440537 14.932526398915797 2.0 11.0 1.0 7958353.598848664 779020.9091237135 1.3397727272727271
59120.52506534 2459121.024184279 299.13253200240433 16.799191196914762 2.0 11.0 0.0 7951828.309714399 778345.9835555593 1.3397727272727271
59120.526361640004 2459121.025480576 300.99920400884 18.665863203350455 2.0 11.0 1.0 7956462.281940948 778843.5333408219 1.3397727272727271
59120.527657935 2459121.026776866 302.865868806839 20.53252800134942 2.0 11.0 0.0 7953005.95661542 778461.8753761325 1.3397727272727271
59120.52895423 2459121.0280731553 304.73253360483795 22.399192799348384 2.0 11.0 1.0 7957354.590936203 778900.5561685958 1.3397727272727271
59120.530250525 2459121.0293694437 306.5991984028369 24.26585759734735 2.0 11.0 0.0 7954674.617700606 778623.3859666644 1.3397727272727271
59120.531546825 2459121.0306657357 308.46587039879523 26.132529593305662 2.0 11.0 1.0 7957571.412173087 778925.0394438222 1.3397727272727271
59120.53284312 2459121.0319620213 310.3325352072716 27.999194401782006 2.0 11.0 0.0 7953858.99131004 778546.3528615984 1.3397727272727271
59120.534139415 2459121.033258306 312.19920000527054 29.86585919978097 2.0 11.0 1.0 7957828.483730862 778944.6669596565 1.3397727272727271
59120.535435715 2459121.034554595 314.06587200122885 31.732531195739284 2.0 11.0 0.0 7954365.762032871 778594.3444148535 1.3397727272727271
59120.536732010005 2459121.0358508774 315.9325368097052 33.59919600421563 2.0 11.0 1.0 7958980.939136311 779056.6650758425 1.3397727272727271
59120.538028305 2459121.0371471588 317.79920160770416 35.46586080221459 2.0 11.0 0.0 7954679.992492351 778621.723602726 1.3397727272727271
59120.5393246 2459121.038443439 319.6658664057031 37.33252560021356 2.0 11.0 1.0 7958783.78621119 779038.7786630263 1.3397727272727271
59120.540620895 2459121.0397397196 321.5325312037021 39.19919039821252 2.0 11.0 0.0 7954747.863273455 778630.0929419964 1.3397727272727271
59120.541917195 2459121.0410360033 323.3992031996604 41.065862394170836 2.0 11.0 1.0 7956929.919940096 778859.0773978855 1.3397727272727271
59120.543213490004 2459121.042332282 325.26586800813675 42.93252720264718 2.0 11.0 0.0 7955537.034947876 778702.3210964615 1.3397727272727271
59120.544509785 2459121.0436285594 327.1325328061357 44.799192000646144 2.0 11.0 1.0 7959076.3969272375 779060.8427262581 1.3397727272727271
59120.545806085 2459121.044924842 328.999204802094 46.66586399660446 2.0 11.0 0.0 7955647.204781905 778710.8262854124 1.3397727272727271
59120.547102380006 2459121.0462211194 330.86586961057037 48.5325288050808 2.0 11.0 1.0 7957403.818889353 778900.9070343907 1.3397727272727271
59178.899314755 2459179.3987022704 1.8658655940089375 1.8658655940089375 3.0 12.0 0.0 7870032.240241376 770481.2708544722 1.3397727272727271
59178.900611054996 2459179.399998604 3.732537589967251 3.732537589967251 3.0 12.0 1.0 7901669.793251233 773565.4149661921 1.3397727272727271
59178.901907349995 2459179.401294932 5.599202387966216 5.599202387966216 3.0 12.0 0.0 7904142.219673066 773755.7280543381 1.3397727272727271
59178.903203645 2459179.4025912588 7.465867196442559 7.465867196442559 3.0 12.0 1.0 7920492.909983685 775372.3436587987 1.3397727272727271
59178.90449994 2459179.4038875857 9.332531994441524 9.332531994441524 3.0 12.0 0.0 7920689.891211898 775346.899953791 1.3397727272727271
59178.905796235 2459179.405183911 11.199196792440489 11.199196792440489 3.0 12.0 1.0 7931559.634510759 776437.4291852514 1.3397727272727271
59178.907092535 2459179.4064802397 13.065868798876181 13.065868798876181 3.0 12.0 0.0 7929633.564899268 776208.1205025723 1.3397727272727271
59178.90838883 2459179.407776562 14.932533596875146 14.932533596875146 3.0 12.0 1.0 7939900.035707535 777238.6466963531 1.3397727272727271
59178.909685125 2459179.4090728834 16.79919839487411 16.79919839487411 3.0 12.0 0.0 7935279.403015371 776749.4772863796 1.3397727272727271
59178.910981425 2459179.410369208 18.665870390832424 18.665870390832424 3.0 12.0 1.0 7943667.1848182855 777602.6197911111 1.3397727272727271
59178.912277719995 2459179.4116655253 20.53253518883139 20.53253518883139 3.0 12.0 0.0 7940591.277965078 777259.9304941385 1.3397727272727271
59178.913574015 2459179.412961841 22.399199997307733 22.399199997307733 3.0 12.0 1.0 7946397.065044835 777834.6402555353 1.3397727272727271
59178.91487031 2459179.4142581555 24.265864795306697 24.265864795306697 3.0 12.0 0.0 7943387.7300106315 777524.5426576154 1.3397727272727271
59178.91616661 2459179.4155544727 26.13253679126501 26.13253679126501 3.0 12.0 1.0 7949289.1418115515 778140.9971631172 1.3397727272727271
59178.917462904996 2459179.4168507834 27.999201589263976 27.999201589263976 3.0 12.0 0.0 7946227.97755547 777796.0716755296 1.3397727272727271
59178.918759199994 2459179.418147092 29.86586638726294 29.86586638726294 3.0 12.0 1.0 7950939.561490923 778298.0812386376 1.3397727272727271
59178.920055495 2459179.4194433996 31.732531195739284 31.732531195739284 3.0 12.0 0.0 7946003.760298305 777768.5965882818 1.3397727272727271
59178.921351795 2459179.420739711 33.5992031916976 33.5992031916976 3.0 12.0 1.0 7951003.520547065 778304.6069067463 1.3397727272727271
59178.922648089996 2459179.422036015 35.46586798969656 35.46586798969656 3.0 12.0 0.0 7949271.867585931 778087.831340357 1.3397727272727271
59178.923944385 2459179.423332318 37.332532798172906 37.332532798172906 3.0 12.0 1.0 7955053.968825552 778694.4783904793 1.3397727272727271
59178.925240685 2459179.4246286256 39.19920479413122 39.19920479413122 3.0 12.0 0.0 7949634.821792941 778126.3878688377 1.3397727272727271
59178.92653698 2459179.425924927 41.065869592130184 41.065869592130184 3.0 12.0 1.0 7954250.46067 778622.0369828545 1.3397727272727271
59178.927833275 2459179.427221228 42.93253439012915 42.93253439012915 3.0 12.0 0.0 7947928.834893557 777965.6632976028 1.3397727272727271
59178.929129569995 2459179.428517528 44.799199188128114 44.799199188128114 3.0 12.0 1.0 7952556.971615246 778459.2427940291 1.3397727272727271
59178.96190735 2459179.4612957714 91.99920239509083 1.865872802445665 3.0 13.0 0.0 7933949.480409705 776614.430181344 1.3397727272727271
59178.963203645 2459179.4625921003 93.8658671930898 3.73253760044463 3.0 13.0 1.0 7943719.748700973 777599.999920921 1.3397727272727271
59178.964499940004 2459179.4638884296 95.73253200156614 5.5992024089209735 3.0 13.0 0.0 7940469.076686364 777239.8439774592 1.3397727272727271
59178.965796235 2459179.4651847584 97.5991967995651 7.465867206919938 3.0 13.0 1.0 7945471.617464925 777741.6758690857 1.3397727272727271
59178.967092535 2459179.466481092 99.46586879552342 9.332539202878252 3.0 13.0 0.0 7941408.3434410235 777331.8487525079 1.3397727272727271
59178.96838883 2459179.46777742 101.33253359352238 11.199204000877216 3.0 13.0 1.0 7948553.933586798 778064.5009505261 1.3397727272727271
59178.969685125 2459179.4690737473 103.19919839152135 13.065868798876181 3.0 13.0 0.0 7945459.682088363 777725.2054974227 1.3397727272727271
59178.970981425 2459179.4703700785 105.06587039795704 14.932540805311874 3.0 13.0 1.0 7950925.458741035 778295.853420486 1.3397727272727271
59178.97227772 2459179.4716664036 106.932535195956 16.79920560331084 3.0 13.0 0.0 7946105.73388544 777787.5311077902 1.3397727272727271
59178.973574015 2459179.4729627273 108.79919999395497 18.665870401309803 3.0 13.0 1.0 7951193.2426322 778321.2955294471 1.3397727272727271
59178.974870310005 2459179.4742590496 110.66586480243132 20.532535209786147 3.0 13.0 0.0 7948095.942563298 777974.7086280485 1.3397727272727271
59178.976166609995 2459179.475555375 112.53253678791225 22.39920719526708 3.0 13.0 1.0 7951576.907729172 778360.9227686904 1.3397727272727271
59178.977462905 2459179.4768516943 114.3992015963886 24.265872003743425 3.0 13.0 0.0 7948076.574244992 777974.6575452253 1.3397727272727271
59178.9787592 2459179.478148011 116.26586639438756 26.13253680174239 3.0 13.0 1.0 7952588.219690351 778459.4543259897 1.3397727272727271
59178.980055495 2459179.479444327 118.13253119238652 27.999201599741355 3.0 13.0 0.0 7950404.357866559 778196.567351054 1.3397727272727271
59178.981351795 2459179.4807406454 119.99920319882222 29.865873606177047 3.0 13.0 1.0 7951118.282136847 778318.6580102692 1.3397727272727271
59178.98264809 2459179.4820369575 121.86586799682118 31.73253840417601 3.0 13.0 0.0 7950360.367241164 778192.2209358313 1.3397727272727271
59178.983944385 2459179.4833332673 123.73253279482014 33.59920320217498 3.0 13.0 1.0 7953945.680012689 778585.6435123713 1.3397727272727271
59178.985240685 2459179.4846295808 125.59920479077846 35.46587519813329 3.0 13.0 0.0 7948658.676064874 778028.3558870635 1.3397727272727271
59178.986536979995 2459179.485925888 127.46586958877742 37.332539996132255 3.0 13.0 1.0 7952511.095678973 778450.3850714783 1.3397727272727271
59178.987833275 2459179.4872221933 129.33253439725377 39.1992048046086 3.0 13.0 0.0 7947872.509301868 777954.7717656506 1.3397727272727271
59178.98912957 2459179.4885184974 131.19919919525273 41.06586960260756 3.0 13.0 1.0 7953411.854325162 778535.5564065479 1.3397727272727271
59178.990425865 2459179.4898148007 133.0658639932517 42.93253440060653 3.0 13.0 0.0 7950141.498174814 778173.4868430913 1.3397727272727271
59178.991722164996 2459179.4911111076 134.93253598921 44.79920639656484 3.0 13.0 1.0 7952487.7392094815 778446.3549319768 1.3397727272727271
59178.993018459994 2459179.4924074085 136.79920078720897 46.665871194563806 3.0 13.0 0.0 7949242.210499223 778087.5176779395 1.3397727272727271
59178.994314755 2459179.493703709 138.66586559568532 48.53253600304015 3.0 13.0 1.0 7952117.148295409 778418.9613964694 1.3397727272727271
59179.028087905 2459179.527477328 187.29920159094036 1.865872791968286 3.0 14.0 0.0 7930638.027921184 776291.8468940656 1.3397727272727271
59179.029384199996 2459179.528773657 189.16586638893932 3.732537589967251 3.0 14.0 1.0 7937591.599764875 777011.6839019997 1.3397727272727271
59179.030680494994 2459179.5300699864 191.0325311869383 5.599202387966216 3.0 14.0 0.0 7934156.035341805 776633.2805842225 1.3397727272727271
59179.031976795 2459179.5313663203 192.89920319337398 7.465874394401908 3.0 14.0 1.0 7940415.385757943 777282.3659086223 1.3397727272727271
59179.03327309 2459179.532662649 194.76586799137294 9.332539192400873 3.0 14.0 0.0 7936491.088566958 776858.4049127261 1.3397727272727271
59179.034569384996 2459179.533958977 196.6325327893719 11.199203990399837 3.0 14.0 1.0 7942058.745817921 777439.63207633 1.3397727272727271
59179.035865679994 2459179.5352553045 198.49919758737087 13.065868788398802 3.0 14.0 0.0 7938576.600540769 777059.2424889385 1.3397727272727271
59179.03716198 2459179.5365516357 200.36586959380656 14.932540794834495 3.0 14.0 1.0 7944230.195880067 777650.0982762033 1.3397727272727271
59179.038458275 2459179.537847961 202.23253439180553 16.79920559283346 3.0 14.0 0.0 7939552.959018244 777151.0934243358 1.3397727272727271
59179.039754569996 2459179.5391442846 204.0991991898045 18.665870390832424 3.0 14.0 1.0 7944392.304131844 777668.8348126259 1.3397727272727271
59179.04105087 2459179.5404406115 205.9658711962402 20.532542397268116 3.0 14.0 0.0 7940742.1870052265 777271.6959770599 1.3397727272727271
59179.042347165 2459179.541736932 207.83253599423915 22.39920719526708 3.0 14.0 1.0 7944671.551043627 777696.8832107662 1.3397727272727271
59179.04364346 2459179.5430332515 209.69920079223812 24.265871993266046 3.0 14.0 0.0 7940813.776177499 777274.3816976566 1.3397727272727271
59179.044939755 2459179.5443295687 211.56586559023708 26.13253679126501 3.0 14.0 1.0 7944202.222098988 777649.5592407499 1.3397727272727271
59179.046236049995 2459179.545625884 213.43253038823605 27.999201589263976 3.0 14.0 0.0 7940864.877230784 777280.5825293154 1.3397727272727271
59179.04753235 2459179.5469222027 215.29920239467174 29.865873595699668 3.0 14.0 1.0 7945187.12638075 777745.7803436243 1.3397727272727271
59179.048828645 2459179.548218515 217.1658671926707 31.732538393698633 3.0 14.0 0.0 7941347.271832409 777324.9934511727 1.3397727272727271
59179.05012494 2459179.5495148245 219.03253199066967 33.5992031916976 3.0 14.0 1.0 7943785.751450222 777610.8452376544 1.3397727272727271
59179.05142124 2459179.550811138 220.89920399710536 35.46587519813329 3.0 14.0 0.0 7943108.6072794655 777494.2424421168 1.3397727272727271
59179.052717535 2459179.5521074445 222.76586879510432 37.332539996132255 3.0 14.0 1.0 7945000.06983348 777728.1280157248 1.3397727272727271
59179.05401383 2459179.5534037505 224.6325335931033 39.19920479413122 3.0 14.0 0.0 7942789.9874760015 777465.5410782383 1.3397727272727271
59179.055310125 2459179.554700054 226.49919839110225 41.065869592130184 3.0 14.0 1.0 7946019.819438239 777768.5031367098 1.3397727272727271
59179.056606425 2459179.555996362 228.36587039753795 42.93254159856588 3.0 14.0 0.0 7941931.419520569 777384.0814233909 1.3397727272727271
59179.05790272 2459179.557292664 230.2325351955369 44.79920639656484 3.0 14.0 1.0 7945070.387693443 777737.8116923403 1.3397727272727271
59179.059199015 2459179.5585889653 232.09919999353588 46.665871194563806 3.0 14.0 0.0 7941391.079048498 777332.8591385641 1.3397727272727271
59179.06049531 2459179.559885266 233.96586479153484 48.53253599256277 3.0 14.0 1.0 7944575.595960618 777695.1065129063 1.3397727272727271
59179.09426846 2459179.5936588855 282.59920079726726 1.865872802445665 3.0 15.0 0.0 7930225.62948864 776251.2286828455 1.3397727272727271
59179.095564755 2459179.594955215 284.4658655952662 3.73253760044463 3.0 15.0 1.0 7941534.001318598 777389.2432263895 1.3397727272727271
59179.096861055004 2459179.5962515497 286.3325376017019 5.599209606880322 3.0 15.0 0.0 7937725.81296598 776975.7944553387 1.3397727272727271
59179.09815735 2459179.5975478785 288.1992023997009 7.465874404879287 3.0 15.0 1.0 7942467.365955816 777478.6336265204 1.3397727272727271
59179.099453645 2459179.5988442074 290.06586719769984 9.332539202878252 3.0 15.0 0.0 7940493.867661323 777242.1996576363 1.3397727272727271
59179.10074994 2459179.6001405357 291.9325319956988 11.199204000877216 3.0 15.0 1.0 7945738.562445503 777792.5223554769 1.3397727272727271
59179.102046235 2459179.6014368627 293.7991967936978 13.065868798876181 3.0 15.0 0.0 7940551.56972833 777246.4882868775 1.3397727272727271
59179.103342535 2459179.6027331944 295.66586880013347 14.932540805311874 3.0 15.0 1.0 7947799.04835085 777994.3085905915 1.3397727272727271
59179.10463883 2459179.604029519 297.53253359813243 16.79920560331084 3.0 15.0 0.0 7942689.750840905 777481.889719064 1.3397727272727271
59179.105935125 2459179.605325843 299.3991983961314 18.665870401309803 3.0 15.0 1.0 7946465.654032241 777869.1960778586 1.3397727272727271
59179.107231425 2459179.6066221707 301.2658703920897 20.532542397268116 3.0 15.0 0.0 7943306.331026206 777510.9986596893 1.3397727272727271
59179.10852772 2459179.607918491 303.13253520056605 22.39920720574446 3.0 15.0 1.0 7947029.677443778 777922.4193879449 1.3397727272727271
59179.109824015 2459179.6092148097 304.999199998565 24.265872003743425 3.0 15.0 0.0 7944944.099019474 777670.2172433317 1.3397727272727271
59179.11112031 2459179.6105111274 306.865864796564 26.13253680174239 3.0 15.0 1.0 7947323.303799348 777949.6112136602 1.3397727272727271
59179.112416610005 2459179.611807448 308.7325368029997 27.999208808178082 3.0 15.0 0.0 7942807.210458199 777463.0796207543 1.3397727272727271
59179.113712905004 2459179.613103761 310.59920160099864 29.865873606177047 3.0 15.0 1.0 7946743.968336448 777895.1893652672 1.3397727272727271
59179.1150092 2459179.614400073 312.4658663989976 31.73253840417601 3.0 15.0 0.0 7945305.231861008 777704.1630420128 1.3397727272727271
59179.116305495 2459179.615696383 314.33253119699657 33.59920320217498 3.0 15.0 1.0 7946714.228798906 777893.5580648583 1.3397727272727271
59179.117601795 2459179.6169926967 316.1992031929549 35.46587519813329 3.0 15.0 0.0 7943740.77913464 777552.3424318742 1.3397727272727271
59179.118898090004 2459179.618289003 318.0658680014312 37.332540006609634 3.0 15.0 1.0 7949244.804142219 778140.9759014682 1.3397727272727271
59179.120194385 2459179.6195853082 319.9325327994302 39.1992048046086 3.0 15.0 0.0 7945414.67151221 777717.1158832564 1.3397727272727271
59179.121490685 2459179.620881617 321.7992047953885 41.06587680056691 3.0 15.0 1.0 7948634.811336224 778078.7645035423 1.3397727272727271
59179.12278698 2459179.6221779203 323.66586959338747 42.93254159856588 3.0 15.0 0.0 7945237.799125012 777698.6154878725 1.3397727272727271
59179.124083275 2459179.623474222 325.53253439138643 44.79920639656484 3.0 15.0 1.0 7949346.79736951 778147.6534086544 1.3397727272727271
59179.12537957 2459179.624770523 327.3991991998628 46.665871205041185 3.0 15.0 0.0 7945501.596812272 777727.5606302844 1.3397727272727271
59179.126675865 2459179.6260668235 329.26586399786174 48.53253600304015 3.0 15.0 1.0 7947134.516752737 777940.6722574377 1.3397727272727271
59269.031274124995 2459269.53252416 1.8661391898058355 1.8661391898058355 4.0 16.0 0.0 7874727.841829332 770931.9189128561 1.3397727272727271
59269.03257042 2459269.5338204913 3.7328039982821792 3.7328039982821792 4.0 16.0 1.0 7905339.7198254205 773911.8470047781 1.3397727272727271
59269.033866715006 2459269.535116822 5.599468806758523 5.599468806758523 4.0 16.0 0.0 7910189.991309041 774339.8287284904 1.3397727272727271
59269.035163010005 2459269.536413152 7.466133604757488 7.466133604757488 4.0 16.0 1.0 7925884.759916311 775883.9479325853 1.3397727272727271
59269.036459309995 2459269.5377094857 9.332805590238422 9.332805590238422 4.0 16.0 0.0 7926212.714441198 775874.7091327037 1.3397727272727271
59269.03775560499 2459269.539005813 11.199470388237387 11.199470388237387 4.0 16.0 1.0 7937212.642074714 776972.7889827654 1.3397727272727271
59269.0390519 2459269.54030214 13.06613519671373 13.06613519671373 4.0 16.0 0.0 7932761.528376948 776505.4250698554 1.3397727272727271
59269.040348195005 2459269.5415984653 14.932800005190074 14.932800005190074 4.0 16.0 1.0 7942937.386354704 777519.6552849953 1.3397727272727271
59269.041644494995 2459269.542894794 16.79947199067101 16.79947199067101 4.0 16.0 0.0 7941276.609815091 777321.6175557446 1.3397727272727271
59269.04294079 2459269.544191116 18.666136799147353 18.666136799147353 4.0 16.0 1.0 7949087.193860192 778109.6580955052 1.3397727272727271
59269.04423708501 2459269.545487437 20.532801607623696 20.532801607623696 4.0 16.0 0.0 7945394.654802927 777711.2272437364 1.3397727272727271
59269.045533380006 2459269.5467837555 22.39946640562266 22.39946640562266 4.0 16.0 1.0 7950227.89122034 778216.9493097195 1.3397727272727271
59269.046829679995 2459269.5480800774 24.266138391103595 24.266138391103595 4.0 16.0 0.0 7947650.538252641 777928.4316738478 1.3397727272727271
59269.048125789996 2459269.549376208 26.13253679126501 26.13253679126501 4.0 16.0 1.0 7951779.085832778 778360.5962386263 1.3397727272727271
59269.049422085 2459269.5506725213 27.999201599741355 27.999201599741355 4.0 16.0 0.0 7949713.40064137 778120.2609140712 1.3397727272727271
59269.050718385 2459269.551968838 29.865873595699668 29.865873595699668 4.0 16.0 1.0 7953240.947318658 778500.2382835555 1.3397727272727271
59269.05201468 2459269.5532651492 31.732538393698633 31.732538393698633 4.0 16.0 0.0 7950538.263429657 778202.6892086221 1.3397727272727271
59269.053310974996 2459269.5545614576 33.5992031916976 33.5992031916976 4.0 16.0 1.0 7954103.249733459 778584.2883804222 1.3397727272727271
59269.054607269994 2459269.555857765 35.46586798969656 35.46586798969656 4.0 16.0 0.0 7951457.217003856 778286.036320281 1.3397727272727271
59269.055903565 2459269.557154072 37.332532798172906 37.332532798172906 4.0 16.0 1.0 7956553.721607414 778816.8846052687 1.3397727272727271
59269.057199865 2459269.558450382 39.19920479413122 39.19920479413122 4.0 16.0 0.0 7952811.573476194 778417.2856370857 1.3397727272727271
59269.058496159996 2459269.559746687 41.065869592130184 41.065869592130184 4.0 16.0 1.0 7955272.785615121 778693.7963054235 1.3397727272727271
59269.059792455 2459269.5610429905 42.93253440060653 42.93253440060653 4.0 16.0 0.0 7954311.1741458345 778559.3268893018 1.3397727272727271
59269.061088755 2459269.562339299 44.79920639656484 44.79920639656484 4.0 16.0 1.0 7956804.133580556 778840.8373616409 1.3397727272727271
59269.06238505 2459269.5636356026 46.665871194563806 46.665871194563806 4.0 16.0 0.0 7952887.498647501 778426.3624530323 1.3397727272727271
59269.063681345 2459269.5649319054 48.53253599256277 48.53253599256277 4.0 16.0 1.0 7954737.707585638 778643.978661111 1.3397727272727271
59269.097373565004 2459269.5986247375 97.04933280358091 1.8658656044863164 4.0 17.0 0.0 7939466.313143807 777149.2326934554 1.3397727272727271
59269.098669865 2459269.5999210733 98.91600479953922 3.73253760044463 4.0 17.0 1.0 7948517.044057441 778036.887273877 1.3397727272727271
59269.09996616 2459269.6012174035 100.78266959753819 5.599202398443595 4.0 17.0 0.0 7943753.467034477 777559.5572638084 1.3397727272727271
59269.101262455 2459269.6025137333 102.64933439553715 7.465867196442559 4.0 17.0 1.0 7950614.965070215 778259.8039479058 1.3397727272727271
59269.102558754996 2459269.6038100673 104.51600639149547 9.332539192400873 4.0 17.0 0.0 7947554.183953376 777921.5722076659 1.3397727272727271
59269.103855049994 2459269.605106395 106.38267118949443 11.199203990399837 4.0 17.0 1.0 7953451.511499188 778525.576351624 1.3397727272727271
59269.105151345 2459269.6064027217 108.24933599797077 13.065868798876181 4.0 17.0 0.0 7949734.006820949 778129.1520867288 1.3397727272727271
59269.10644764 2459269.607699047 110.11600079596974 14.932533596875146 4.0 17.0 1.0 7953571.8956892565 778540.024048697 1.3397727272727271
59269.107743935 2459269.6089953706 111.9826655939687 16.79919839487411 4.0 17.0 0.0 7951705.872957037 778315.7639695953 1.3397727272727271
59269.109040235 2459269.610291698 113.8493376004044 18.665870401309803 4.0 17.0 1.0 7955044.895868468 778678.712422138 1.3397727272727271
59269.11033653 2459269.611588018 115.71600239840336 20.532535199308768 4.0 17.0 0.0 7952054.394094978 778347.5108560247 1.3397727272727271
59269.111632825 2459269.612884337 117.58266719640233 22.399199997307733 4.0 17.0 1.0 7954800.75143623 778657.859967551 1.3397727272727271
59269.112929124996 2459269.614180659 119.44933919236064 24.265871993266046 4.0 17.0 0.0 7950890.062024964 778238.6804727832 1.3397727272727271
59269.114225419995 2459269.6154769748 121.3160039903596 26.13253679126501 4.0 17.0 1.0 7957224.752353315 778886.8419841947 1.3397727272727271
59269.115521715 2459269.616773288 123.18266879883595 27.999201599741355 4.0 17.0 0.0 7950621.082319371 778208.7570250441 1.3397727272727271
59269.11681801 2459269.6180696 125.04933359683491 29.86586639774032 4.0 17.0 1.0 7955030.741226518 778675.6797141741 1.3397727272727271
59269.11811431 2459269.619365915 126.91600559279323 31.732538393698633 4.0 17.0 0.0 7953047.595562186 778440.7312890487 1.3397727272727271
59269.119410605 2459269.6206622245 128.78267040126957 33.59920320217498 4.0 17.0 1.0 7954184.434818748 778591.0839434023 1.3397727272727271
59269.1207069 2459269.6219585324 130.64933519926853 35.46586800017394 4.0 17.0 0.0 7952643.1818756405 778399.9662624006 1.3397727272727271
59269.122003195 2459269.6232548384 132.5159999972675 37.332532798172906 4.0 17.0 1.0 7956299.269958244 778790.8994702718 1.3397727272727271
59269.123299495 2459269.624551149 134.3826719932258 39.19920479413122 4.0 17.0 0.0 7953822.990349106 778508.2885735062 1.3397727272727271
59269.124595789996 2459269.6258474537 136.24933679122478 41.065869592130184 4.0 17.0 1.0 7954421.474320592 778617.2607449276 1.3397727272727271
59269.125892085 2459269.627143758 138.11600159970112 42.93253440060653 4.0 17.0 0.0 7953260.394121613 778458.6514316564 1.3397727272727271
59269.127188385 2459269.6284400662 139.98267359565943 44.79920639656484 4.0 17.0 1.0 7957168.811966319 778873.0107675535 1.3397727272727271
59269.12848468 2459269.6297363695 141.8493383936584 46.665871194563806 4.0 17.0 0.0 7950966.058828896 778239.4736943716 1.3397727272727271
59269.129780974996 2459269.6310326727 143.71600319165736 48.53253599256277 4.0 17.0 1.0 7953582.036003533 778531.86301507 1.3397727272727271
59269.163473010005 2459269.664725318 192.23253360483795 1.8658656044863164 4.0 18.0 0.0 7932508.608641277 776480.1911387286 1.3397727272727271
59269.164769309995 2459269.666021654 194.0992055903189 3.732537589967251 4.0 18.0 1.0 7940787.570310932 777269.2333620249 1.3397727272727271
59269.16606560499 2459269.667317984 195.96587038831785 5.599202387966216 4.0 18.0 0.0 7937462.885021453 776951.4483760173 1.3397727272727271
59269.1673619 2459269.668614314 197.8325351967942 7.465867196442559 4.0 18.0 1.0 7941998.346354906 777412.9124504272 1.3397727272727271
59269.168658195005 2459269.669910643 199.69920000527054 9.332532004918903 4.0 18.0 0.0 7941268.183573344 777315.4882219131 1.3397727272727271
59269.169954494995 2459269.6712069754 201.56587199075148 11.199203990399837 4.0 18.0 1.0 7944829.445851786 777680.542806591 1.3397727272727271
59269.17125079 2459269.672503302 203.43253679922782 13.065868798876181 4.0 18.0 0.0 7941692.4297387125 777357.2635201515 1.3397727272727271
59269.17254708501 2459269.6737996275 205.29920160770416 14.932533607352525 4.0 18.0 1.0 7946972.995641864 777900.6812161559 1.3397727272727271
59269.173843380006 2459269.6750959507 207.16586640570313 16.79919840535149 4.0 18.0 0.0 7942064.990283229 777389.6988942205 1.3397727272727271
59269.175139679995 2459269.676392278 209.03253839118406 18.665870390832424 4.0 18.0 1.0 7946858.712951229 777874.2003091192 1.3397727272727271
59269.176435974994 2459269.677688598 210.89920318918303 20.53253518883139 4.0 18.0 0.0 7943717.886410127 777554.213184509 1.3397727272727271
59269.17773227 2459269.6789849172 212.76586799765937 22.399199997307733 4.0 18.0 1.0 7948329.975920383 778012.5106547313 1.3397727272727271
59269.17902857 2459269.6802812396 214.63253999361768 24.265871993266046 4.0 18.0 0.0 7944324.909962142 777606.5198913391 1.3397727272727271
59269.180324864996 2459269.681577555 216.49920479161665 26.13253679126501 4.0 18.0 1.0 7949340.547235333 778153.6978644448 1.3397727272727271
59269.181621159994 2459269.6828738684 218.3658695896156 27.999201589263976 4.0 18.0 0.0 7944242.93353861 777595.9189541818 1.3397727272727271
59269.18291745499 2459269.6841701805 220.23253438761458 29.86586638726294 4.0 18.0 1.0 7948990.48548313 778114.1916610437 1.3397727272727271
59269.18421375 2459269.685466491 222.09919919609092 31.732531195739284 4.0 18.0 0.0 7945490.092282233 777713.8735834137 1.3397727272727271
59269.185510049996 2459269.686762805 223.96587119204924 33.5992031916976 4.0 18.0 1.0 7946074.876295394 777768.6027362049 1.3397727272727271
59269.186806344995 2459269.6880591125 225.8325359900482 35.46586798969656 4.0 18.0 0.0 7944191.0734394975 777588.4464629397 1.3397727272727271
59269.18810264 2459269.6893554195 227.69920079852454 37.332532798172906 4.0 18.0 1.0 7951857.936946676 778366.3287544898 1.3397727272727271
59269.18939894 2459269.6906517297 229.56587279448286 39.19920479413122 4.0 18.0 0.0 7949435.515156584 778090.378119876 1.3397727272727271
59269.190695235 2459269.6919480343 231.43253759248182 41.065869592130184 4.0 18.0 1.0 7952320.742933427 778409.6820075624 1.3397727272727271
59269.191991529995 2459269.6932443385 233.2992023904808 42.93253439012915 4.0 18.0 0.0 7949246.560105417 778074.4133515884 1.3397727272727271
59269.19328782499 2459269.694540642 235.16586718847975 44.799199188128114 4.0 18.0 1.0 7952501.719709457 778426.0722729169 1.3397727272727271
59269.194584125 2459269.6958369506 237.03253919491544 46.665871194563806 4.0 18.0 0.0 7949359.878328718 778087.1516043706 1.3397727272727271
59269.19588042 2459269.697133254 238.8992039929144 48.53253599256277 4.0 18.0 1.0 7952437.755173293 778424.4233344554 1.3397727272727271
59269.229584125 2459269.7308375677 287.4325391999446 1.865872802445665 4.0 19.0 0.0 7935760.220473779 776788.3426977925 1.3397727272727271
59269.23088042 2459269.732133899 289.29920399794355 3.73253760044463 4.0 19.0 1.0 7942815.389243719 777490.7824874826 1.3397727272727271
59269.232176715 2459269.7334302287 291.1658687959425 5.599202398443595 4.0 19.0 0.0 7941284.7796671325 777321.3620505214 1.3397727272727271
59269.23347301 2459269.7347265584 293.0325335939415 7.465867196442559 4.0 19.0 1.0 7946345.403028772 777829.6055726514 1.3397727272727271
59269.23476931 2459269.736022892 294.8992056003772 9.332539202878252 4.0 19.0 0.0 7944852.815419932 777660.953582895 1.3397727272727271
59269.236065605 2459269.73731922 296.76587039837614 11.199204000877216 4.0 19.0 1.0 7946979.3245950835 777911.7881730503 1.3397727272727271
59269.2373619 2459269.7386155464 298.6325351963751 13.065868798876181 4.0 19.0 0.0 7945759.444105489 777749.9016497441 1.3397727272727271
59269.238658195 2459269.7399118715 300.49919999437407 14.932533596875146 4.0 19.0 1.0 7949093.908404973 778069.6131926455 1.3397727272727271
59269.239954495 2459269.7412082 302.36587200080976 16.79920560331084 4.0 19.0 0.0 7946795.526268173 777841.8212000788 1.3397727272727271
59269.24125079 2459269.742504522 304.2325367988087 18.665870401309803 4.0 19.0 1.0 7949901.106249473 778166.3989673958 1.3397727272727271
59269.242547085 2459269.7438008427 306.0992015968077 20.532535199308768 4.0 19.0 0.0 7946697.545754367 777833.1945003169 1.3397727272727271
59269.24384338 2459269.7450971613 307.96586639480665 22.399199997307733 4.0 19.0 1.0 7950713.840466323 778243.4499784419 1.3397727272727271
59269.24513968 2459269.7463934836 309.83253840124235 24.265872003743425 4.0 19.0 0.0 7946635.390322208 777829.4629995903 1.3397727272727271
59269.246435975 2459269.747689799 311.6992031992413 26.13253680174239 4.0 19.0 1.0 7952196.867931777 778405.4929169661 1.3397727272727271
59269.24773227 2459269.748986113 313.5658679972403 27.999201599741355 4.0 19.0 0.0 7947719.971551174 777927.7170226233 1.3397727272727271
59269.249028570004 2459269.7502824296 315.43254000367597 29.865873606177047 4.0 19.0 1.0 7949626.969517066 778133.6378321195 1.3397727272727271
59269.250324865 2459269.7515787403 317.29920480167493 31.73253840417601 4.0 19.0 0.0 7947098.47416638 777869.3272337113 1.3397727272727271
59269.25162116 2459269.7528750496 319.1658695996739 33.59920320217498 4.0 19.0 1.0 7952222.778438128 778382.1566253781 1.3397727272727271
59269.252917455 2459269.754171357 321.03253439767286 35.46586800017394 4.0 19.0 0.0 7943856.485886523 777555.4819283437 1.3397727272727271
59269.25421375 2459269.7554676635 322.8991991956718 37.332532798172906 4.0 19.0 1.0 7949470.483510606 778115.6759969173 1.3397727272727271
59269.25551005 2459269.756763974 324.7658712021075 39.1992048046086 4.0 19.0 0.0 7947471.675260272 777900.3770840929 1.3397727272727271
59269.256806345 2459269.7580602793 326.6325360001065 41.06586960260756 4.0 19.0 1.0 7951510.865346303 778314.951508328 1.3397727272727271
59269.25810264 2459269.759356583 328.49920079810545 42.93253440060653 4.0 19.0 0.0 7946673.908077035 777823.4685366236 1.3397727272727271
59269.259398940005 2459269.760652892 330.36587280454114 44.79920640704222 4.0 19.0 1.0 7950010.990331701 778167.6201641022 1.3397727272727271
59269.260695235 2459269.761949195 332.2325376025401 46.665871205041185 4.0 19.0 0.0 7947110.75906692 777866.7864295958 1.3397727272727271
59269.26199153 2459269.7632454988 334.09920240053907 48.53253600304015 4.0 19.0 1.0 7951957.4526604805 778356.3999827009 1.3397727272727271
