2456365.030605767 513.5751003519881 400.9023915133169
2456365.0933193467 513.5831871134241 400.9111813814192
2456365.1597948293 513.5639884795908 400.9423132631601
2456365.2262823465 513.5889400604503 400.9387251323913
2456366.626046778 513.5802999658981 400.8416831318307
2456366.688829974 513.5876981245825 400.89056794294913
2456366.755305807 513.6272047871058 400.8762487482847
2456366.8217931264 513.6367339483681 400.9059724090331
2456379.255360839 513.3249394410652 400.57480461783456
2456379.318433035 513.2850849820747 400.61184757025364
2456379.384896716 513.3102643815008 400.62163895819174
2456379.451349284 513.3242538284095 400.6203751390919
