2458888.751738672 525.5095952023888 501.49220067586987
2458888.8178394837 525.5857255777773 501.44743191115185
2458888.88395196 525.5793797239053 501.4560646639304
2458888.950076101 525.543499259458 501.52078412017346
2458947.3380681835 525.9055726268066 501.25333536204755
2458947.4011470205 525.2560190851053 500.67877931783715
2458947.467223652 525.2604874763931 500.6754032151871
2458947.533300107 525.9329843902319 501.23652629157266
2459120.8164546597 527.2907002821385 500.0288282631159
2459120.880273668 526.8218634542477 500.6403108220061
2459120.946396009 527.2832851767207 500.0255026436981
2459121.012518177 527.3007526897904 499.99971359406993
2459179.397406496 526.5518363808224 499.3296309432402
2459179.4599999925 526.535502845933 499.3892401368463
2459179.5261815493 526.5594929850428 499.36990796897203
2459179.5923631066 526.5250967696443 499.40644483547476
2459269.531228194 524.7118345082582 499.62128503797936
2459269.597328961 524.7226977708074 499.6460478243987
2459269.6634295415 524.6978045979015 499.7426169717241
2459269.7295417865 524.7443759331264 499.6745575016285
