0 2458474.52843 18 54.215 0.0
1 2458453.33681 29 90.2887 7.58534399446
2 2458474.33596 32 58.6541 0.491692626527
3 2458453.40097 15 87.1245 8.01220678374
4 2458474.38364 13 54.8708 -2.22534409176
5 2458453.22009 9 90.387 8.27583100916
6 2458453.285 15 89.5649 9.24793773939
7 2458516.56573 8 35.1752 0.627024151648
8 2458474.40218 27 58.066 0.650747406601
9 2458474.53874 33 58.9682 0.735403805142
10 2458453.46514 26 90.7705 8.69161715522
11 2458516.64842 8 34.6738 -0.10134426149
12 2460253.65252 26 39.3034 -1.74635032164
13 2458516.71877 6 37.5503 1.04881581918
14 2458516.69816 11 36.0744 0.462905847481
15 2458474.44985 5 54.6527 -2.14315008042
16 2458453.39685 8 87.5219 5.95916279816
17 2458516.51807 23 39.7396 0.150661948975
18 2458453.33269 26 88.2108 6.45616811828
19 2458453.2036 19 87.424 4.98635922852
20 2458453.47957 10 87.7595 10.0744789406
21 2458516.63606 16 36.4386 0.189002215234
22 2458453.41333 14 88.0685 10.0464779546
23 2458516.56985 8 34.9314 0.0684569473387
24 2458474.53461 36 57.7754 0.113337889019
25 2458516.58222 11 34.9561 0.399264179871
26 2458474.39806 30 56.065 0.138376607075
27 2458474.58846 32 56.4403 -2.66898633589
28 2460253.13428 25 39.8612 -1.76129269868
29 2458474.27888 15 56.9961 3.0599969622
30 2460269.18539 28 38.6635 -5.40308979354e-05
31 2458516.65048 32 39.538 -0.160785925733
32 2458516.72289 9 39.3038 2.00778788756
33 2458453.20154 28 87.5287 4.4609730574
34 2458474.60701 15 55.9528 1.36700080464
35 2458474.32772 31 56.7726 -0.759354784357
36 2458516.71258 27 38.7675 -0.478290056477
37 2458474.52637 30 56.636 -1.68539409881
38 2458474.58434 33 57.3462 -2.42710545419
39 2458453.26233 34 87.7606 5.03293520304
40 2460262.38025 38 38.7206 -1.9783833784
41 2460261.34046 29 38.9378 -0.859634292451
42 2458453.4569 32 90.8847 5.91312218457
43 2458453.2747 32 90.5068 7.10842347816
44 2460268.66412 30 40.3156 -0.356603114273
45 2458474.31536 31 57.2258 -2.01884304932
46 2458453.52932 12 87.9007 6.52309419798
47 2458516.6546 36 41.3493 0.382654258962
48 2458474.60082 35 57.4903 0.80232055634
49 2458516.50983 40 39.2054 -0.620799319384
50 2458453.32857 31 89.0973 4.60340113843
51 2458474.51813 28 58.0235 -2.62152803126
52 2458474.45809 11 54.3927 -1.23628020009
53 2458516.70228 16 36.7074 -0.143870968701
54 2458474.26446 32 57.563 -0.116831082168
55 2460260.30108 26 40.0372 -0.978679199598
56 2458516.62988 40 38.8779 -0.788714343878
57 2458453.21802 31 91.484 7.78633604477
58 2460262.12027 8 36.4931 -0.443284022066
59 2458516.52219 32 39.9971 1.53285831449
60 2458474.33802 20 54.7307 1.33008237249
61 2458453.40303 34 90.1769 8.35667966405
62 2458516.64636 27 38.4518 -0.486166535203
63 2458474.46633 15 55.3275 0.187202151426
64 2460253.91167 4 36.455 -1.14516731569
65 2458516.7167 28 39.9509 0.141693031049
66 2458453.28294 51 91.8156 8.01791998513
67 2458516.50776 5 35.9678 -0.57226356874
68 2458474.27476 11 56.2345 2.5035519832
69 2458516.56367 28 39.258 -0.0975140478034
70 2458474.40424 11 56.0529 1.5025679377
71 2458474.5408 19 58.3863 1.65430614081
72 2458474.38982 27 56.1548 -2.34110031544
73 2458516.634 24 39.5383 -0.53794472992
74 2458474.2624 13 53.6372 -0.667828139623
75 2458516.70022 28 39.2269 -0.650355209079
76 2458453.39479 24 88.0845 6.17225228958
77 2458474.34214 12 56.4566 2.79917903874
78 2458516.52013 5 37.132 1.71767446311
79 2458453.33063 25 85.8675 4.4705201751
80 2458474.5864 5 53.7866 -2.03551994281
81 2460252.8752 7 35.3232 -0.559214539342
82 2458453.53344 9 88.6962 7.14074448438
83 2458453.54992 15 88.6626 8.63785623404
84 2458474.32566 7 54.7572 -0.691422199963
85 2460263.68056 3 38.5727 1.27391434332
86 2458516.58015 28 39.5698 0.135576587295
87 2458474.396 8 53.6671 -0.140167003864
88 2458474.47457 20 56.3291 2.85227456932
89 2458516.72083 28 41.8323 1.21184752002
90 2460254.17086 24 38.3202 -0.327184041198
91 2458453.19948 14 85.5706 4.02756057564
92 2458474.44779 27 56.5139 -2.51840117938
93 2458474.27682 28 58.9679 1.50485110314
94 2458453.28088 7 87.7931 9.22310053977
95 2460269.44607 4 35.745 -0.247397230901
96 2458453.46308 19 86.4797 6.78706448805
97 2458474.58228 10 54.0173 -3.11473055597
98 2460262.64026 16 34.9864 -0.564151025604
99 2458474.27064 14 55.005 1.69057163039
100 2458516.58634 14 37.7237 1.33223557262
101 2460261.08058 3 35.8709 -0.365326611905
102 2458474.38158 31 56.4273 -1.94052145443
103 2458453.41127 30 91.2777 9.43374002103
104 2458516.71052 9 35.5078 -0.429749214457
105 2458474.46427 38 56.3402 -0.490980030063
106 2458474.52431 13 53.5074 -0.631478461085
107 2458453.53138 26 90.6451 7.24492981791
108 2458516.65667 9 37.8464 1.87816069396
109 2458474.59876 27 53.9545 0.650677962182
110 2458516.57191 34 38.1132 0.0778387188051
111 2458474.39394 30 55.8704 -1.13854551992
112 2458453.53756 10 90.4199 7.60892085068
113 2458453.45896 11 86.5512 6.51557785608
114 2458453.27676 17 87.9725 7.69645818065
115 2458474.31742 5 54.5278 -1.71700541489
116 2460263.16036 10 37.7758 0.792729646802
117 2458453.21184 11 87.4857 6.31018793815
118 2460260.56089 10 36.459 -0.529143633656
119 2458516.63812 32 38.852 -0.195183791106
120 2458453.39273 9 85.2887 5.58438708647
121 2458474.52019 14 54.2639 -2.22474993299
122 2458516.70434 36 38.594 -0.693562518514
123 2458474.46015 28 56.7008 -1.42875665503
124 2458474.2727 25 58.0035 1.21497092297
125 2458516.71464 12 35.3993 -0.211760579065
126 2458474.47045 14 54.532 2.14740230553
127 2458516.6443 8 36.2187 -0.395072322752
128 2458474.53049 27 58.1899 -1.12990729877
129 2458474.3339 23 55.4838 1.14175019028
130 2458453.33887 14 88.113 8.18079483154
131 2458474.3857 24 57.1277 -2.44584400024
132 2458516.59046 15 38.385 2.26523265446
133 2460261.60037 6 36.4131 -0.914974599736
134 2458453.26852 24 84.5103 6.49415226551
135 2460263.42045 29 39.639 0.810065258373
136 2458474.32154 13 54.8771 -1.56915080308
137 2458453.41539 42 90.5747 10.6299729385
138 2458516.57809 15 35.4934 -0.399225226567
139 2458474.59258 26 56.5567 -1.42313080084
140 2458453.5355 30 91.9005 6.54969734066
141 2458474.45191 32 57.2247 -1.6457699242
142 2458516.51601 7 35.2835 -0.10266837502
143 2458453.33475 18 86.2851 6.33878890171
144 2458474.34008 36 57.9987 1.17431361371
145 2458453.48163 35 91.2839 9.44046072581
146 2460254.6893 27 39.1201 -0.876983814962
147 2458474.25828 8 54.5755 -0.43607964911
148 2458453.40715 27 91.2028 8.85484549649
149 2458474.32978 13 53.9513 -0.131776797932
150 2458474.46221 9 54.4548 0.421382800665
151 2458453.26027 8 85.3755 4.38543418778
152 2458474.58022 28 56.8895 -2.57305038412
153 2458453.2139 37 89.8317 7.24296751534
154 2458474.40836 27 54.3687 1.9133202274
155 2458453.46102 36 88.8255 5.49441121857
156 2458453.27882 35 91.1651 7.2391244422
157 2460254.43006 14 34.347 -0.847696075642
158 2458453.19742 29 87.1321 2.95977223162
159 2458474.47251 40 59.4414 1.189933132
160 2458474.60289 14 54.2924 1.2926724429
161 2458516.51189 8 36.1925 -0.390062685291
162 2458453.32651 14 84.7651 4.69844001677
163 2458453.39067 29 88.5453 4.9675059848
164 2458474.45603 27 58.3507 -2.69359149531
165 2458516.7064 6 36.6665 -0.23422712191
166 2458474.51607 7 55.1237 -1.93869210742
167 2458453.2644 10 84.6417 4.98211784628
168 2458474.26652 12 54.9765 0.519907465142
169 2458516.64224 28 38.8669 -1.11869660504
170 2458453.20978 30 90.7533 6.60608181725
171 2458474.39188 12 54.23 -0.626622068755
172 2458516.57603 31 38.7632 -0.625107025006
173 2458453.54374 35 92.4753 9.37213179636
174 2458474.25622 33 56.4679 -3.08618811747
175 2458453.52519 20 88.7311 6.3622077526
176 2460252.35711 5 35.5428 -0.911440607726
177 2458474.5967 31 57.3909 -0.805432682003
178 2460253.39338 10 35.5721 -0.859064565007
179 2458474.46839 31 58.8771 0.555725906987
180 2458516.5057 30 38.2118 -0.793516551
181 2458516.58428 25 38.5967 0.051093479489
182 2458474.4063 33 58.3438 0.892174352275
183 2458474.38776 6 53.6202 -2.01147267577
184 2458453.52313 40 91.2707 5.40961115975
185 2460261.86031 22 38.7401 -1.36823228237
186 2458453.40509 13 87.474 8.30655399081
187 2458516.52425 8 37.6505 3.42663783728
188 2458474.59052 8 54.1995 -0.397494190843
189 2460252.61614 20 38.5945 -1.35998456852
190 2458453.27058 32 90.5524 5.36263373556
191 2458474.3236 32 57.4766 -2.82049916629
192 2458453.41745 6 88.3406 11.024568527
193 2458516.56779 30 38.9362 0.163681369054
194 2458474.40012 21 55.8412 0.766898773405
195 2458474.53667 18 54.3489 0.582496197493
196 2458516.63194 5 36.519 0.763421510376
197 2458453.20566 32 91.1014 4.98076680792
198 2460254.94856 7 36.7008 0.393863443497
199 2458474.26034 29 55.5868 0.234105308372
200 2458474.45397 7 54.004 -1.89243801356
201 2458516.6961 28 40.4158 -0.424808589113
202 2458474.51401 29 57.0893 -2.43786528416
203 2458453.39891 37 89.814 7.83221203758
204 2458453.25821 33 87.5241 3.82522834161
205 2460262.9003 24 39.146 -0.276459432541
206 2458453.21596 17 88.6734 7.4985698867
207 2458516.5884 24 41.4268 1.23644053493
208 2458453.40921 12 87.4712 10.0968605181
209 2458474.33184 26 56.4874 -0.363645299969
210 2458474.52225 30 57.3046 -1.9357380401
211 2458516.65254 16 37.8986 1.39609884981
212 2458474.60495 31 57.8843 0.814885442604
213 2458453.26646 27 86.9419 5.7910251125
214 2458474.26858 41 57.3072 0.113391576691
215 2458516.64018 17 35.4523 -1.00111213037
216 2458453.48369 11 87.8956 9.98828506426
217 2458453.20772 18 88.2459 6.75137096567
218 2460260.82072 30 39.3819 -1.47045002476
219 2458516.51395 25 38.7685 -0.334668410866
220 2458453.32445 31 88.0987 4.02714993217
221 2458516.70846 30 39.111 -0.91584044151
222 2458453.52725 26 91.7144 5.38359436849
223 2460252.0981 20 38.9511 -1.5341960891
224 2458474.59464 8 53.4811 -0.568973299103
225 2458474.53255 12 53.6665 0.111453915284
226 2458516.57397 8 36.3489 0.197320674806
227 2458474.31948 25 57.6738 -2.21336907029
228 2458453.27264 12 88.2337 7.04213146326
229 2460268.92474 10 37.1891 0.0270567451425
