-0.0876772498188 597552563.417 658430186.116 596507573.324 796239143.208 2458474.52843 1 10 1
-0.44862722455 582578014.851 630674968.577 579822609.635 788398594.678 2458453.33681 0 2 0
-0.100038091365 583129313.308 628849403.443 580615716.42 784396278.75 2458474.33596 1 7 0
-0.444506740988 597808127.781 661533655.475 596542851.564 800798534.757 2458453.40097 0 3 1
-0.0969761435732 596869955.029 657459726.509 595740081.028 797569846.843 2458474.38364 1 8 1
-0.456123359071 598969657.647 663058435.395 597696730.886 803546787.661 2458453.22009 0 0 1
-0.451954548467 598972225.723 662204182.782 597740004.472 803196156.917 2458453.285 0 1 1
-0.387994580626 598941160.54 659299152.608 597955462.031 795017564.39 2458516.56573 2 15 1
-0.0957852490426 582630515.795 628149195.046 580070182.082 784271248.888 2458474.40218 1 8 0
-0.0870156525553 582946000.05 628765673.028 580311935.064 785639532.276 2458474.53874 1 10 0
-0.440385508866 581993732.859 630156826.523 579225214.917 788287456.436 2458453.46514 0 4 0
-0.382684018977 599594484.614 659328475.732 598559911.962 796590914.545 2458516.64842 2 16 1
0.169674961027 584298558.215 628962504.676 581936192.02 783540343.839 2460253.65252 1 12 0
-0.378166627291 600253941.248 660079552.74 599236798.877 796430821.949 2458516.71877 2 17 1
-0.379489810634 599384300.856 660060462.21 598484834.56 796359230.442 2458516.69816 2 17 1
-0.0927240382665 596850256.598 658742157.168 595783906.601 797386511.212 2458474.44985 1 9 1
-0.444771383506 597435322.299 661203650.378 596178946.157 803020126.363 2458453.39685 0 3 1
-0.391055723337 584396286.901 629356980.468 581911025.36 783546533.331 2458516.51807 2 14 0
-0.448891866051 582049898.316 630526328.709 579326458.611 788427237.065 2458453.33269 0 2 0
-0.457181905638 597189292.761 661031041.624 595977192.578 803334559.171 2458453.2036 0 0 1
-0.439459272733 598045375.691 661790273.008 596753618.899 801902978.995 2458453.47957 0 4 1
-0.383477929425 599131607.996 658537357.333 598228376.486 795614022.548 2458516.63606 2 16 1
-0.443712826233 597696992.899 661328409.651 596482426.797 801406365.591 2458453.41333 0 3 1
-0.387729939663 599352087.227 659708860.12 598362155.808 796615410.317 2458516.56985 2 15 1
-0.0872802897501 582877097.649 629050579.525 580293060.028 785768138.123 2458474.53461 1 10 0
-0.386936029155 599613493.77 660426793.255 598640628.689 797061091.076 2458516.58222 2 15 1
-0.0960498882709 582818804.01 629371525.851 580257056.787 785742339.284 2458474.39806 1 8 0
-0.0838221094552 582317763.483 627534983.079 579673307.684 784825669.81 2458474.58846 1 11 0
0.136393085421 583756350.862 629787384.821 581468863.316 781833540.981 2460253.13428 1 12 0
-0.103703690581 598149361.579 659201123.67 597032952.515 797729619.11 2458474.27888 1 6 1
0.1672138501 584566247.744 629184821.646 581982935.748 783785120.149 2460269.18539 1 14 0
-0.382551702682 584918905.916 630557089.697 582404860.466 784289076.548 2458516.65048 2 16 0
-0.377901997035 600364731.047 661095786.889 599417935.099 797457325.726 2458516.72289 2 17 1
-0.457314226328 581101388.794 630641852.521 578649169.444 789035063.321 2458453.20154 0 0 0
-0.0826312294287 597809485.891 660191602.206 596757623.454 798592156.341 2458474.60701 1 11 1
-0.100567372184 582979515.461 629154569.065 580419805.721 784582048.82 2458474.32772 1 7 0
-0.378563576146 584622963.547 629317952.197 582084523.269 782973418.163 2458516.71258 2 17 0
-0.0878095708983 582229773.924 628742633.323 579611446.093 783905477.597 2458474.52637 1 10 0
-0.0840867553824 582353020.685 628174234.899 579649256.69 783365715.139 2458474.58434 1 11 0
-0.45341006183 583030919.26 630424080.91 580340172.653 786994274.418 2458453.26233 0 1 0
-0.269820089299 585046050.34 629997910.602 582612079.195 782854787.123 2460262.38025 1 13 0
-0.336596550007 584847593.659 630540572.629 582438151.086 783140596.028 2460261.34046 1 13 0
-0.440914796832 581473545.576 629294494.749 578289643.164 787137020.852 2458453.4569 0 4 0
-0.452616137686 583128104.889 631226338.92 580482339.544 787948991.537 2458453.2747 0 1 0
0.133737008226 582933611.027 627974771.746 580069140.03 783850332.64 2460268.66412 1 14 0
-0.101361309338 581765257.029 627738610.483 578878471.885 782265764.432 2458474.31536 1 7 0
-0.436264276983 597912814.225 662078320.986 596647293.852 800491490.015 2458453.52932 0 5 1
-0.382287071289 584959024.098 630226153.806 582451354.205 785024474.096 2458516.6546 2 16 0
-0.0830281846527 582923596.16 628782255.758 580331726.635 785047578.154 2458474.60082 1 11 0
-0.391584992524 584431484.994 629283527.041 581952692.238 782721600.528 2458516.50983 2 14 0
-0.449156509437 582439279.991 630518854.216 579687949.459 787575622.526 2458453.32857 0 2 0
-0.0883388608088 581914557.979 627860696.568 579225201.633 783425896.615 2458474.51813 1 10 0
-0.0921947465318 597053894.03 658729337.889 595951346.79 797466402.341 2458474.45809 1 9 1
-0.379225169671 599770675.048 659110027.521 598813484.382 796364563.288 2458516.70228 2 17 1
-0.104629921899 581710142.123 628134895.512 579348900.747 782801086.725 2458474.26446 1 6 0
-0.403346912456 583455117.685 627795323.495 580687344.441 782829258.782 2460260.30108 1 13 0
-0.383874891258 583427342.631 627863033.535 580527002.513 781661168.62 2458516.62988 2 16 0
-0.456255675934 583435450.086 631636006.655 580893729.777 788880621.103 2458453.21802 0 0 0
-0.28651664797 600440644.559 660896550.359 599449351.366 797710909.133 2460262.12027 1 13 1
-0.390791092184 584602432.676 629822513.881 582182837.781 783686310.602 2458516.52219 2 14 0
-0.0999057725884 598582164.112 659744211.267 597600929.788 797700418.932 2458474.33802 1 7 1
-0.444374420476 582494663.871 631327823.219 579731954.185 789356157.195 2458453.40303 0 3 0
-0.38281633584 584694114.537 629711825.102 582224177.051 782868728.32 2458516.64636 2 16 0
-0.09166546335 597116030.069 657713817.726 596122287.75 795622385.09 2458474.46633 1 9 1
0.186318340522 599094615.778 658495139.332 598054918.7 795550029.881 2460253.91167 1 12 1
-0.378298943018 584704368.948 629515001.507 582182635.661 783438451.782 2458516.7167 2 17 0
-0.452086865449 583495049.364 631855286.3 580954363.724 789385488.576 2458453.28294 0 1 0
-0.39171731127 599561513.897 660029035.137 598585998.231 797382325.028 2458516.50776 2 14 1
-0.103968326161 598034174.037 660440950.049 597012045.575 799244260.339 2458474.27476 1 6 1
-0.388126901496 583417088.623 628384081.996 580590437.952 783091606.774 2458516.56367 2 15 0
-0.0956529302657 597615859.942 659325053.933 596564782.92 797840708.176 2458474.40424 1 8 1
-0.0868833345261 598119635.532 659549022.791 597073989.401 798950589.447 2458474.5408 1 10 1
-0.0965791741442 582611549.531 629033899.219 579999032.904 784661644.55 2458474.38982 1 8 0
-0.383610249727 583988039.06 629008737.63 581453703.115 783030178.61 2458516.634 2 16 0
-0.104762242739 596851246.607 658127346.834 595844280.761 795850353.205 2458474.2624 1 6 1
-0.379357489973 584652665.541 629451510.147 582112034.513 783364866.19 2458516.70022 2 17 0
-0.444903705393 582536318.145 630772473.075 579762154.628 789065141.523 2458453.39479 0 3 0
-0.099641136201 598394388.389 659677136.09 597300463.941 798539992.893 2458474.34214 1 7 1
-0.390923407521 599425311.669 659685702.725 598434522.029 797347143.081 2458516.52013 2 14 1
-0.44902418755 597786169.564 661074430.588 596550503.204 801620390.583 2458453.33063 0 2 1
-0.0839544322095 597779693.987 659073640.78 596664763.924 797942355.142 2458474.5864 1 11 1
0.119754589729 598279731.92 657624936.01 597313624.424 793379957.825 2460252.8752 1 12 1
-0.435999634465 598010947.79 662407011.647 596721313.748 802230755.281 2458453.53344 0 5 1
-0.434941085208 598229490.737 661986034.454 596944282.51 802688163.488 2458453.54992 0 5 1
-0.100699693862 597623217.34 658081970.58 596588942.385 798053857.166 2458474.32566 1 7 1
-0.186312800069 600041698.738 660082195.799 599056965.738 796199410.961 2460263.68056 1 13 1
-0.387068346048 584687412.081 629480369.903 582182444.282 784952570.978 2458516.58015 2 15 0
-0.0961822087524 597719510.878 659801042.34 596649995.811 798214615.061 2458474.396 1 8 1
-0.0911361888408 597847401.068 660373756.103 596798631.864 799989779.709 2458474.47457 1 9 1
-0.378034311984 584504641.934 629367011.982 581980178.699 783541837.915 2458516.72083 2 17 0
0.202963350993 584934973.85 630278277.306 582562336.562 783271662.359 2460254.17086 1 12 0
-0.457446547498 595973768.343 658771696.204 594706435.627 800166781.411 2458453.19948 0 0 1
-0.0928563619777 581563922.095 628251709.838 578588857.376 785353217.513 2458474.44779 1 9 0
-0.103836008281 582855718.858 629220039.25 580387722.333 784948891.978 2458474.27682 1 6 0
-0.452219182821 599102887.657 663277379.842 597822665.054 805011480.973 2458453.28088 0 1 1
0.1839547169 599170501.379 659633107.086 598182273.767 796823343.174 2460269.44607 1 14 1
-0.440517830364 597636130.365 661544928.933 596391397.94 801630061.48 2458453.46308 0 4 1
-0.0842190789142 597387465.941 658512892.059 596294866.084 798122958.476 2458474.58228 1 11 1
-0.253121894868 600249779.786 659993038.002 599289055.576 797376612.074 2460262.64026 1 13 1
-0.104232962937 597696489.837 659111612.022 596648155.206 798664025.354 2458474.27064 1 6 1
-0.386671397074 599448307.388 659427329.08 598455906.191 796680806.063 2458516.58634 2 15 1
-0.353286589264 599849559.909 660293517.887 598841243.576 797330575.875 2460261.08058 1 13 1
-0.0971084673143 581392808.811 627617494.485 578404345.691 783923585.214 2458474.38158 1 8 0
-0.443845144053 582792465.816 630901429.515 580085385.174 788951858.821 2458453.41127 0 3 0
-0.378695893637 600262904.331 660780527.805 599260953.089 796007778.459 2458516.71052 2 17 1
-0.0917977832632 582252997.205 629088061.598 579890236.015 784544987.349 2458474.46427 1 9 0
-0.0879418926059 596960928.494 658529794.888 595861185.591 795652502.559 2458474.52431 1 10 1
-0.436131955515 582844941.967 630930859.386 580125510.935 788181085.922 2458453.53138 0 5 0
-0.38215475634 599988536.075 660630035.753 599040179.508 797576596.919 2458516.65667 2 16 1
-0.0831605039977 598201498.0 660368048.209 597221081.118 798509487.51 2458474.59876 1 11 1
-0.38759761978 584355943.466 628701300.235 581829408.66 783645104.15 2458516.57191 2 15 0
-0.0963145298618 582371489.151 628300232.377 579818969.102 783890352.05 2458474.39394 1 8 0
-0.435734993981 598027417.98 661634120.116 596847392.052 803573520.321 2458453.53756 0 5 1
-0.440782474437 597339379.947 660714462.959 596068402.633 801223080.919 2458453.45896 0 4 1
-0.452483818849 598732134.757 662987953.455 597472831.744 803578817.378 2458453.27676 0 1 1
-0.101228985597 597402499.645 658376669.984 596284565.809 796717619.243 2458474.31742 1 7 1
-0.219720609403 600439091.311 659337323.966 599412355.259 795598710.653 2460263.16036 1 13 1
-0.456652628497 598408727.913 661771679.243 597252896.758 803160581.453 2458453.21184 0 0 1
-0.38666177007 599596000.882 659605488.242 598604517.373 796135322.122 2460260.56089 1 13 1
-0.383345609572 584395439.106 630015733.996 581983959.21 784046846.095 2458516.63812 2 16 0
-0.445036027549 597079823.885 661061646.217 595819463.279 801712345.059 2458453.39273 0 3 1
-0.0882065376059 597253228.44 658937916.977 596205305.112 797119857.595 2458474.52019 1 10 1
-0.379092849818 584936062.314 629764237.98 582386534.946 784509839.899 2458516.70434 2 17 0
-0.0920624248541 582407031.208 628267629.999 579771066.165 785064903.278 2458474.46015 1 9 0
-0.104100644369 582947561.815 629928589.372 580497725.987 785185171.143 2458474.2727 1 6 0
-0.378431259313 600315602.615 660683798.922 599344687.603 798300090.755 2458516.71464 2 17 1
-0.0914008252281 597262320.321 658535436.138 596212231.406 795980553.611 2458474.47045 1 9 1
-0.382948653361 599708899.971 659629093.886 598698236.828 796970295.173 2458516.6443 2 16 1
-0.0875449293074 582112712.229 628520420.736 579623583.598 785294254.952 2458474.53049 1 10 0
-0.10017041071 598174737.631 659952509.546 597119207.855 799173114.683 2458474.3339 1 7 1
-0.448494904607 597789120.165 662077945.956 596542391.241 803093023.164 2458453.33887 0 2 1
-0.0968438200713 582122172.758 628628971.509 579463504.301 784123195.152 2458474.3857 1 8 0
-0.386406766787 599618398.534 659516586.208 598635294.059 795736044.443 2458516.59046 2 15 1
-0.319904880761 600297678.527 660828872.388 599308061.287 797554497.476 2460261.60037 1 13 1
-0.453013097485 598724976.103 662580422.757 597512939.569 801934733.232 2458453.26852 0 1 1
-0.203017519925 584814355.611 629803472.003 582359391.85 783256416.22 2460263.42045 1 13 0
-0.100964338892 598139457.192 658706601.732 597033597.683 798798639.38 2458474.32154 1 7 1
-0.443580508892 582731705.568 630330243.053 579972041.492 787191751.951 2458453.41539 0 3 0
-0.387200663539 599285955.603 659821237.97 598291248.548 796636021.859 2458516.57809 2 15 1
-0.0835574655018 582676339.73 628633343.473 580028325.421 785188192.814 2458474.59258 1 11 0
-0.435867313954 583161875.271 630657104.787 580357329.407 789422785.278 2458453.5355 0 5 0
-0.0925917147347 581933846.307 627764149.929 579253606.44 783244797.651 2458474.45191 1 9 0
-0.391188039632 599667869.939 660629700.464 598698454.704 796420771.931 2458516.51601 2 14 1
-0.448759545062 597851160.924 661979595.895 596673463.751 801024921.61 2458453.33475 0 2 1
-0.0997734542003 583366038.757 629160486.013 580816961.092 786216960.412 2458474.34008 1 7 0
-0.439326955362 583226980.057 631326900.149 580465713.426 788544926.768 2458453.48163 0 4 0
0.23625825765 584663890.149 630502705.725 582272168.874 783269195.584 2460254.6893 1 12 0
-0.105026886184 594284732.448 654948869.302 593208557.742 794538116.396 2458474.25828 1 6 1
-0.444109781128 583023066.162 631404297.169 580315241.612 788975337.956 2458453.40715 0 3 0
-0.100435051075 598327741.982 659510437.182 597216714.001 797988092.761 2458474.32978 1 7 1
-0.0919301037447 597035835.569 659206963.755 595951436.394 798469903.27 2458474.46221 1 9 1
-0.453542384316 598163661.611 661185894.78 596843528.426 802234398.311 2458453.26027 0 1 1
-0.0843514026553 581720888.952 627915026.938 578717930.082 784745577.272 2458474.58022 1 11 0
-0.456520310527 583742924.214 631964312.31 581208609.603 789528439.021 2458453.2139 0 0 0
-0.0953882938784 597628638.203 659190761.112 596700266.162 797512038.643 2458474.40836 1 8 1
-0.440650152251 582433432.12 630625713.421 579562483.416 790016281.761 2458453.46102 0 4 0
-0.452351500611 583734124.056 631460510.943 581036694.732 789530731.079 2458453.27882 0 1 0
0.219609992019 599860011.306 660981322.218 598864144.617 797672464.12 2460254.43006 1 12 1
-0.457578869116 577678768.102 626584883.537 575058956.194 784779401.941 2458453.19742 0 0 0
-0.0912685068401 582549269.737 629068724.69 580023242.657 786419198.166 2458474.47251 1 9 0
-0.0828958658459 597883632.533 659596846.727 596919360.727 799160986.411 2458474.60289 1 11 1
-0.391452674016 599615218.124 658944610.885 598601261.477 795370988.146 2458516.51189 2 14 1
-0.449288831593 597359326.588 660879169.009 596073011.215 802379704.534 2458453.32651 0 2 1
-0.445168349944 581468087.557 629421337.79 578246991.195 788970673.286 2458453.39067 0 3 0
-0.0923270688075 582365749.385 628336888.906 579705567.662 783536962.038 2458474.45603 1 9 0
-0.378960530502 600074603.671 659815642.917 599106304.297 797731092.078 2458516.7064 2 17 1
-0.0884711842807 596711353.369 658145295.814 595577193.017 797228672.309 2458474.51607 1 10 1
-0.453277739973 598414938.423 662646167.845 597144405.372 802748897.871 2458453.2644 0 1 1
-0.104497601687 597779508.252 659143504.848 596723115.077 797725940.551 2458474.26652 1 6 1
-0.38308097148 584417519.867 629213498.115 581904600.771 783740176.127 2458516.64224 2 16 0
-0.456784946915 582755063.529 632010109.892 580284095.352 790684138.45 2458453.20978 0 0 0
-0.0964468515395 597277879.377 659428591.374 596184111.301 798584480.443 2458474.39188 1 8 1
-0.387332981688 584530504.537 629557013.626 582108864.269 784032346.176 2458516.57603 2 15 0
-0.435338037441 583458768.803 630630974.174 580608927.835 788886792.294 2458453.54374 0 5 0
-0.105159208729 578911336.899 625896594.106 576196397.395 781676080.893 2458474.25622 1 6 0
-0.436528921086 597752180.504 660352714.286 596408687.514 802871491.451 2458453.52519 0 5 1
0.0864824856168 596569685.018 656425783.632 595612435.532 793888354.489 2460252.35711 1 12 1
-0.0832928238811 582746785.094 628781386.695 580213564.54 784404699.185 2458474.5967 1 11 0
0.153033206555 598982357.924 658245013.686 597999559.496 794143220.627 2460253.39338 1 12 1
-0.091533144005 582238151.796 627402335.797 579674762.77 783480882.317 2458474.46839 1 9 0
-0.391849630616 584316242.679 628557877.71 581788543.522 783419880.023 2458516.5057 2 14 0
-0.38680371283 584397190.513 629539374.22 581902637.426 783470193.707 2458516.58428 2 15 0
-0.0955206118777 582733816.994 629142005.578 580201887.148 785326999.081 2458474.4063 1 8 0
-0.0967114968685 597476817.676 659480447.974 596397405.074 797181666.919 2458474.38776 1 8 1
-0.436661243452 581982253.347 630372857.398 578953026.835 791077379.836 2458453.52313 0 5 0
-0.30321158093 584898248.226 629852189.856 582527815.642 784964361.94 2460261.86031 1 13 0
-0.444242100533 597731726.772 662453219.366 596463172.81 803942983.086 2458453.40509 0 3 1
-0.390658777235 599788564.747 659811722.296 598817956.686 796783381.887 2458516.52425 2 14 1
-0.0836897871795 597317356.065 659633278.848 596240074.764 798627580.798 2458474.59052 1 11 1
0.103117721752 582768675.372 628306432.665 580399033.798 782443794.067 2460252.61614 1 12 0
-0.452880776974 583377254.17 631411967.565 580710813.037 789074168.343 2458453.27058 0 1 0
-0.100832016138 582766472.029 628680852.8 580212084.498 784205914.856 2458474.3236 1 7 0
-0.44344819185 597901031.553 661024868.51 596644939.315 801401193.951 2458453.41745 0 3 1
-0.387862259935 583968500.598 628078275.311 581381690.821 781827307.098 2458516.56779 2 15 0
-0.0959175683876 597606311.924 659464036.495 596577626.282 798686306.432 2458474.40012 1 8 1
-0.0871479709434 598303387.127 659442396.318 597244238.789 798298917.92 2458474.53667 1 10 1
-0.383742570388 598936631.283 658762615.689 597923117.475 795301448.955 2458516.63194 2 16 1
-0.457049585515 582146627.347 630747861.061 579666982.49 786769339.909 2458453.20566 0 0 0
0.252908155094 599660679.821 660961126.477 598706863.218 796843799.808 2460254.94856 1 12 1
-0.104894564148 581295752.975 627769631.057 579093547.919 783965290.175 2458474.26034 1 6 0
-0.0924593915618 597082944.733 658068612.697 596049204.771 796589846.632 2458474.45397 1 9 1
-0.379622131474 583594115.72 629029445.069 580686457.462 784382478.503 2458516.6961 2 17 0
-0.0886035080517 581311131.043 626668704.957 578298293.68 783786973.929 2458474.51401 1 10 0
-0.444639062037 582218304.345 630047379.221 579395110.083 787900811.951 2458453.39891 0 3 0
-0.453674706651 582178927.778 630442836.801 579283273.675 788231803.526 2458453.25821 0 1 0
-0.236422065335 585080776.432 630150280.072 582613707.915 782623713.196 2460262.9003 1 13 0
-0.456387993066 598598031.762 663132899.817 597393572.861 805595422.435 2458453.21596 0 0 1
-0.386539081736 584415925.312 628861518.014 581891957.724 781266220.145 2458516.5884 2 15 0
-0.443977462352 597639742.511 661456915.724 596350756.941 802330623.661 2458453.40921 0 3 1
-0.100302730594 583326286.511 628454783.5 580773036.998 785467659.268 2458474.33184 1 7 0
-0.0880742148218 582286965.6 628638651.876 579695439.45 784905845.483 2458474.52225 1 10 0
-0.382419386926 599766533.704 660276977.76 598762297.956 797678721.595 2458516.65254 2 16 1
-0.0827635474579 583218310.933 629162134.746 580633185.681 783412693.247 2458474.60495 1 11 0
-0.453145418475 582952596.635 631344628.774 580308834.445 788013969.437 2458453.26646 0 1 0
-0.104365282043 582357973.986 629162943.793 579949985.122 784914651.074 2458474.26858 1 6 0
-0.383213290227 599320098.456 659618845.611 598352066.937 796897272.913 2458516.64018 2 16 1
-0.439194638319 598435679.856 662412215.585 597198714.829 803679073.6 2458453.48369 0 4 1
-0.456917265931 597870325.168 661512778.472 596666858.739 802256305.098 2458453.20772 0 0 1
-0.369974992912 584425041.707 629589729.427 582013755.47 782482926.639 2460260.82072 1 13 0
-0.391320356525 584764044.387 629153618.24 582245036.504 782991039.561 2458516.51395 2 14 0
-0.449421153958 581069259.788 628492883.43 577956987.228 786413857.83 2458453.32445 0 2 0
-0.378828211785 584611771.396 629243912.2 582070555.966 783379227.417 2458516.70846 2 17 0
-0.4363965989 582948684.645 630527035.155 580055805.33 789380850.637 2458453.52725 0 5 0
0.0698488747749 579658138.006 624668233.58 577127062.886 778755123.75 2460252.0981 1 12 0
-0.0834251443924 598168597.869 660035393.64 597098017.211 799453885.944 2458474.59464 1 11 1
-0.0874126093942 597679161.694 660516042.152 596645178.785 798892283.486 2458474.53255 1 10 1
-0.387465300435 599407484.141 659985673.418 598390903.792 796856872.535 2458516.57397 2 15 1
-0.101096662065 582410794.364 628063402.937 579882706.512 782412754.108 2458474.31948 1 7 0
-0.452748457031 598684624.815 662277803.864 597468477.775 803566328.001 2458453.27264 0 1 1
0.150474608382 599023373.022 658869497.803 598023571.158 795789394.227 2460268.92474 1 14 1
