# %ECSV 0.9
# ---
# datatype:
# - {name: t_mjd, datatype: float64}
# - {name: t_bjd, datatype: float64}
# - {name: t_visit, datatype: float64}
# - {name: t_orbit, datatype: float64}
# - {name: ivisit, datatype: float64}
# - {name: iorbit, datatype: float64}
# - {name: scan, datatype: float64}
# - {name: spec_opt, datatype: float64}
# - {name: var_opt, datatype: float64}
# - {name: spec_box, datatype: float64}
# - {name: var_box, datatype: float64}
# schema: astropy-2.0
t_mjd t_bjd t_visit t_orbit ivisit iorbit scan spec_opt var_opt spec_box var_box
58888.252084215 2458888.753034453 1.8658655940089375 1.8658655940089375 0.0 0.0 0.0 913088845.3795598 942236324.255829 912433929.6273508 943798940.331207
58888.253380509996 2458888.7543307883 3.7325303920079023 3.7325303920079023 0.0 0.0 1.0 919120814.4514531 948310403.0114781 918618401.9942455 949904695.3185724
58888.25467699 2458888.755627308 5.5994615983217955 5.5994615983217955 0.0 0.0 0.0 919984340.4729755 949139808.3089991 919386169.7253578 950690811.4099354
58888.255973105 2458888.756923462 7.465867196442559 7.465867196442559 0.0 0.0 1.0 923037786.5884838 952296680.8981764 922574767.2858565 953951995.7065166
58888.2572694 2458888.7582197953 9.332531994441524 9.332531994441524 0.0 0.0 0.0 922968799.0567083 952131031.2712175 922352508.4224083 953653168.7129734
58888.258565694996 2458888.7595161274 11.199196792440489 11.199196792440489 0.0 0.0 1.0 924981471.3694566 954238055.9840412 924524518.9547306 955897584.1789061
58888.259861989995 2458888.7608124586 13.065861590439454 13.065861590439454 0.0 0.0 0.0 924653533.5686805 953819445.0996735 924063972.2982452 955366415.8376334
58888.261158285 2458888.7621087884 14.932526398915797 14.932526398915797 0.0 0.0 1.0 926247488.4566286 955446983.1742005 925762601.2327245 957046659.9714706
58888.262454585 2458888.763405122 16.79919839487411 16.79919839487411 0.0 0.0 0.0 925696558.3353076 954853857.2516813 925099148.7686223 956394849.8896863
58888.263750879996 2458888.7647014484 18.665863192873076 18.665863192873076 0.0 0.0 1.0 927008271.6378946 956194297.842618 926508551.2524768 957784914.918169
58888.265047175 2458888.765997773 20.53252800134942 20.53252800134942 0.0 0.0 0.0 926357870.5553503 955520202.5104704 925750447.6802473 957046167.56323
58888.266343475 2458888.7672941014 22.399199997307733 22.399199997307733 0.0 0.0 1.0 927563602.3355689 956750042.8004209 927077718.3580289 958354185.5048535
58888.26763977 2458888.7685904233 24.265864795306697 24.265864795306697 0.0 0.0 0.0 926933399.197027 956096968.1303071 926303358.6635942 957598889.2736752
58888.268936065 2458888.7698867433 26.132529593305662 26.132529593305662 0.0 0.0 1.0 928069891.0419666 957308834.8750721 927548087.1255381 958916819.0121429
58888.270232359995 2458888.7711830614 27.999194391304627 27.999194391304627 0.0 0.0 0.0 927316011.841695 956471972.3607452 926707736.9959483 957996211.2564392
58888.27152866 2458888.772479383 29.86586639774032 29.86586639774032 0.0 0.0 1.0 928228214.4253504 957414316.6682374 927715386.0517408 958992964.8371565
58888.272824955 2458888.773775698 31.732531195739284 31.732531195739284 0.0 0.0 0.0 927519448.6968175 956679727.6504962 926915259.4851574 958202895.5160853
58888.274121434995 2458888.7750721965 33.5994623915758 33.5994623915758 0.0 0.0 1.0 928515303.452146 957772641.6105261 928011945.928807 959378235.3525667
58888.275417545 2458888.776368324 35.46586080221459 35.46586080221459 0.0 0.0 0.0 927761435.9069228 956906873.4179957 927140744.7921731 958434597.0923648
58888.276713845 2458888.77766464 37.332532798172906 37.332532798172906 0.0 0.0 1.0 928552559.454555 957736031.200757 928025140.0272899 959301042.0460604
58888.27801014 2458888.7789609507 39.19919759617187 39.19919759617187 0.0 0.0 0.0 927862674.1162918 957026817.6125858 927248878.3010657 958547439.6029449
58888.279306435 2458888.78025726 41.065862394170836 41.065862394170836 0.0 0.0 1.0 928793145.1887465 958028563.5294576 928265562.111906 959634799.5747389
58888.280602735 2458888.7815535734 42.93253440060653 42.93253440060653 0.0 0.0 0.0 928086510.39046 957242446.9840647 927453542.0265901 958749149.2962313
58888.28189903 2458888.782849882 44.79919919860549 44.79919919860549 0.0 0.0 1.0 928726326.6841946 957921022.0426583 928256229.235959 959535369.8988844
58888.283195325 2458888.78414619 46.66586399660446 46.66586399660446 0.0 0.0 0.0 928169258.9644824 957333699.6680545 927554295.2864449 958849377.3251851
58888.28449162 2458888.7854424976 48.53252879460342 48.53252879460342 0.0 0.0 1.0 928958342.2392576 958200165.2915032 928473050.5446084 959842358.3515211
58888.318183845 2458888.8191354494 97.04933279310353 1.866132002323866 0.0 1.0 0.0 926253624.1519393 955438822.5736184 925624393.0860474 956990782.7582617
58888.319480139995 2458888.8204317843 98.9159975911025 3.7327968003228307 0.0 1.0 1.0 927657668.0461719 956918088.5211372 927146718.2033329 958539037.7282751
58888.320776435 2458888.821728119 100.78266239957884 5.599461608799174 0.0 1.0 0.0 927125656.8108914 956289092.0438298 926503505.1996167 957818008.1782064
58888.322072735 2458888.8230244583 102.64933439553715 7.466133604757488 0.0 1.0 1.0 928166268.0093489 957423684.9469948 927669596.2709334 959052132.1087606
58888.32336903 2458888.8243207913 104.51599919353612 9.332798402756453 0.0 1.0 0.0 927435625.3176519 956604387.9925971 926834374.1461728 958143116.4241271
58888.324665325 2458888.825617124 106.38266400201246 11.199463211232796 0.0 1.0 1.0 928389214.5533862 957647159.0982487 927898696.0864702 959281738.0397332
58888.32596162 2458888.826913455 108.24932880001143 13.066128009231761 0.0 1.0 0.0 927742284.4874746 956910132.5197113 927123729.2650106 958430703.7916408
58888.32725773 2458888.8282095995 110.11572720017284 14.932526409393176 0.0 1.0 1.0 928578439.4774942 957844479.171428 928072739.862195 959452717.7278225
58888.328554215 2458888.8295061174 111.9826655939687 16.79946480318904 0.0 1.0 0.0 927807860.2702923 956991011.3618484 927230695.486409 958533439.5835798
58888.329850509996 2458888.830802444 113.84933039196767 18.666129601188004 0.0 1.0 1.0 928690527.4705045 957953004.1445801 928167887.6434917 959545609.8885323
58888.331146805 2458888.8320987695 115.71599520044401 20.532794409664348 0.0 1.0 0.0 927924724.9573686 957104829.5921943 927312270.6035194 958615464.047117
58888.332443105 2458888.833395098 117.58266719640233 22.39946640562266 0.0 1.0 1.0 928684585.2349112 957889191.7357824 928165211.9309945 959450056.4774964
58888.3337394 2458888.8346914193 119.44933199440129 24.266131203621626 0.0 1.0 0.0 928012080.7573354 957181165.0147951 927390052.2098081 958692263.2927464
58888.335035694996 2458888.8359877393 121.31599679240026 26.13279600162059 0.0 1.0 1.0 928734516.3538096 957972359.371638 928240233.5159087 959611936.2069242
58888.336331989995 2458888.837284058 123.18266159039922 27.999460799619555 0.0 1.0 0.0 927933206.726316 957096826.2672541 927329723.774538 958625051.4503593
58888.337628099995 2458888.8385801897 125.04905999056064 29.86585919978097 0.0 1.0 1.0 928736171.123968 957935166.4015293 928231299.6914322 959516360.6732938
58888.338924585 2458888.8398766946 126.91599839483388 31.732797604054213 0.0 1.0 0.0 928104535.3966308 957274627.006643 927492797.0364136 958789749.4629931
58888.340220879996 2458888.841173008 128.78266319283284 33.59946240205318 0.0 1.0 1.0 928858036.7750757 958109243.0150189 928344897.3377959 959719453.5718795
58888.341517175 2458888.842469321 130.6493280013092 35.46612721052952 0.0 1.0 0.0 928078837.1241062 957249740.3398713 927467157.4482477 958764499.5788352
58888.34281329 2458888.8437654525 132.51573359942995 37.332532808650285 0.0 1.0 1.0 928714332.4128165 957911473.7409272 928195272.3568382 959476459.4685864
58888.34410977 2458888.845061947 134.38266479526646 39.1994640044868 0.0 1.0 0.0 928049849.0111017 957209109.9786458 927441089.23838 958740215.6215177
58888.345406065 2458888.8463582564 136.24932959326543 41.066128802485764 0.0 1.0 1.0 928690127.6011258 957884102.9356185 928167971.776171 959448414.7693405
58888.346702359995 2458888.8476545657 138.1159943912644 42.93279360048473 0.0 1.0 0.0 928159992.1305242 957316138.1613702 927547837.1379622 958847805.7992046
58888.34799866 2458888.8489508787 139.9826663977001 44.79946560692042 0.0 1.0 1.0 928823998.8838134 958071055.6117398 928332953.3242877 959704909.725953
58888.349294955 2458888.8502471866 141.84933119569905 46.666130404919386 0.0 1.0 0.0 928041942.1512494 957213601.5660182 927433350.0349321 958733437.8231919
58888.35059125 2458888.8515434945 143.71599599369802 48.53279520291835 0.0 1.0 1.0 928796454.3242818 958050735.7657969 928337883.3542283 959708576.761687
58888.384294955 2458888.8852479253 192.2493312007282 1.866132002323866 0.0 2.0 0.0 925658576.8765256 954824669.4455991 925016051.2028817 956379869.2210217
58888.38559125 2458888.8865442607 194.11599599872716 3.7327968003228307 0.0 2.0 1.0 926957898.515753 956217413.8494871 926455084.6658024 957848705.5957205
58888.38688736 2458888.88784041 195.98239439888857 5.599195200484246 0.0 2.0 0.0 926386122.1437008 955551357.9316825 925768651.427913 957084777.344252
58888.388183845 2458888.8891369347 197.84933280316181 7.466133604757488 0.0 2.0 1.0 927413989.6206563 956664491.1850114 926910037.1102303 958297759.9056399
58888.389479955 2458888.890433083 199.71573120332323 9.332532004918903 0.0 2.0 0.0 926747012.5467278 955922819.690033 926150133.3624419 957460696.2891837
58888.390776435 2458888.8917295993 201.58266239915974 11.199463200755417 0.0 2.0 1.0 927586836.4782493 956841203.1816419 927084726.8676758 958462692.5040437
58888.392072735 2458888.8930259356 203.44933439511806 13.06613519671373 0.0 2.0 0.0 926835892.3537123 956006158.1667452 926234203.0483384 957542497.3493457
58888.393369030004 2458888.8943222654 205.3159992035944 14.932800005190074 0.0 2.0 1.0 927684409.5476793 956938742.1388049 927178820.3813124 958559219.9288812
58888.394665325 2458888.8956185933 207.18266400159337 16.79946480318904 0.0 2.0 0.0 926944887.4390328 956117612.5651797 926343798.7091565 957650660.6424899
58888.39596162 2458888.89691492 209.04932879959233 18.666129601188004 0.0 2.0 1.0 927816540.8164068 957058319.0568196 927314397.3097324 958693729.4541787
58888.397257915 2458888.898211245 210.9159935975913 20.53279439918697 0.0 2.0 0.0 927057572.5283828 956209539.9014004 926456361.8739175 957759266.659826
58888.398554215004 2458888.899507574 212.782665604027 22.39946640562266 0.0 2.0 1.0 927748333.0702778 956997306.5129468 927219529.5631636 958596683.7061235
58888.39985051 2458888.900803895 214.64933040202595 24.266131203621626 0.0 2.0 0.0 927102120.4624581 956266306.4871778 926481706.5583527 957778488.2470723
58888.401146805 2458888.902100215 216.51599520002492 26.13279600162059 0.0 2.0 1.0 927879441.1524172 957129887.9979508 927385961.8145746 958763428.8906631
58888.402443105 2458888.9033965385 218.38266719598323 27.999467997578904 0.0 2.0 0.0 927078129.0528208 956241430.9886093 926499239.8671811 957791547.810179
58888.403739400004 2458888.9046928557 220.24933200445957 29.866132806055248 0.0 2.0 1.0 927826785.1870382 957061632.1604192 927324597.6436557 958703863.9407687
58888.405035695 2458888.9059891705 222.11599680245854 31.732797604054213 0.0 2.0 0.0 927168000.3455677 956323123.3823564 926566417.668951 957861949.1865532
58888.40633199 2458888.9072854845 223.9826616004575 33.59946240205318 0.0 2.0 1.0 927844283.1745999 957089635.2920338 927414528.4380383 958787110.1636341
58888.407628285 2458888.9085817966 225.84932639845647 35.46612720005214 0.0 2.0 0.0 927230365.6857452 956377700.1997573 926617389.2572999 957914647.116597
58888.408924585 2458888.9098781133 227.71599839441478 37.332799196010455 0.0 2.0 1.0 927932468.0593648 957168443.1264284 927423365.405832 958796082.5033529
58888.41022088 2458888.9111744235 229.58266320289113 39.1994640044868 0.0 2.0 0.0 927260279.5261884 956420442.9623768 926652342.440518 957947994.4260954
58888.411517175 2458888.912470733 231.4493280008901 41.066128802485764 0.0 2.0 1.0 928076468.4790866 957327371.5980157 927559925.8224192 958930878.5090725
58888.412813475 2458888.9137670468 233.3159999968484 42.93280079844408 0.0 2.0 0.0 927784534.1817124 956940952.705385 927303744.0408652 958596962.8195683
58888.414109770005 2458888.9150633556 235.18266480532475 44.79946560692042 0.0 2.0 1.0 928489910.5735431 957736793.2437232 927968448.1854371 959343595.4601462
58888.415406065 2458888.9163596635 237.0493296033237 46.666130404919386 0.0 2.0 0.0 927751761.2957623 956920742.8410755 927140765.5974138 958434943.3864546
58888.41670236 2458888.9176559714 238.91599440132268 48.53279520291835 0.0 2.0 1.0 928460865.154438 957696601.1932989 927946408.1928995 959315260.1481049
58888.450417545 2458888.951371881 287.46586079592817 1.8658656044863164 0.0 3.0 0.0 926062508.3069575 955280317.7215837 925424388.1410979 956879847.3408827
58888.451713845 2458888.952668221 289.33253280236386 3.7325376109220088 0.0 3.0 1.0 927349496.7338293 956606788.8955483 926844324.4937617 958235498.0127838
58888.45301014 2458888.9539645556 291.1991976003628 5.5992024089209735 0.0 3.0 0.0 926822680.6869676 955986600.6796008 926210641.2364523 957521819.227761
58888.454306435 2458888.9552608896 293.0658623983618 7.465867206919938 0.0 3.0 1.0 927655676.6249923 956901711.7259941 927161346.6516182 958547764.4557644
58888.455602735 2458888.9565572278 294.9325343943201 9.332539202878252 0.0 3.0 0.0 927011142.4531966 956172158.2306428 926403994.4653399 957716036.4062741
58888.45689903 2458888.95785356 296.79919920279644 11.199204011354595 0.0 3.0 1.0 927912990.6206932 957167921.6781303 927402833.6578317 958787460.788296
58888.458195325 2458888.959149891 298.6658640007954 13.06586880935356 0.0 3.0 0.0 927217920.2341638 956386293.2336674 926612231.1711624 957921499.1555005
58888.45949162 2458888.9604462204 300.5325287987944 14.932533607352525 0.0 3.0 1.0 927971575.099987 957229850.107295 927470554.0065825 958854750.7879317
58888.460787915 2458888.9617425487 302.39919359679334 16.79919840535149 0.0 3.0 0.0 927321412.634054 956496180.7817793 926713282.355442 958019281.9864451
58888.462084215 2458888.9630388804 304.26586560322903 18.665870411787182 0.0 3.0 1.0 928118667.1958649 957376031.9303883 927620138.4780213 958995463.0160998
58888.46338051 2458888.964335205 306.132530401228 20.532535209786147 0.0 3.0 0.0 927417498.71245 956589532.3552132 926818101.5781834 958123338.6773353
58888.464676805 2458888.9656315283 307.99919519922696 22.39920000778511 0.0 3.0 1.0 928187385.645988 957423756.3821013 927704851.5320016 959080160.7364414
58888.465973105 2458888.9669278553 309.8658671951853 24.265872003743425 0.0 3.0 0.0 927482513.2996097 956651694.2337692 926862070.3764483 958166740.00809
58888.467269400004 2458888.9682241757 311.7325320036616 26.13253681221977 0.0 3.0 1.0 928109311.3247939 957311634.8704197 927597735.292053 958882556.3257352
58888.46856588 2458888.9695206787 313.59946319949813 27.999468008056283 0.0 3.0 0.0 927424824.1089704 956583937.1933557 926824233.4935863 958123079.4742898
58888.46986199 2458888.9708168106 315.46586159965955 29.8658664082177 0.0 3.0 1.0 928228514.5566924 957477978.9510715 927728216.028365 959102621.6351972
58888.471158285 2458888.972113126 317.3325263976585 31.732531206216663 0.0 3.0 0.0 927477300.3607569 956644048.7205374 926867321.2431921 958169029.5817213
58888.472454585004 2458888.973409445 319.1991984040942 33.599203212652355 0.0 3.0 1.0 928173623.107897 957410029.4885932 927674069.0140758 959048836.6006503
58888.47375088 2458888.974705757 321.06586320209317 35.46586801065132 0.0 3.0 0.0 927472652.4379122 956624843.4002392 926855501.6172311 958153934.4141049
58888.475047175 2458888.9760020687 322.93252800009213 37.332532808650285 0.0 3.0 1.0 928208854.3620698 957467873.0740265 927700971.0258832 959073750.7709656
58888.476343475 2458888.977298384 324.79919999605045 39.1992048046086 0.0 3.0 0.0 927467597.1235585 956635394.8112051 926857994.6905026 958154816.3547788
58888.477639770004 2458888.978594694 326.6658648045268 41.06586961308494 0.0 3.0 1.0 928191594.4452248 957434919.118355 927690238.0133064 959062193.032551
58888.478936065 2458888.9798910026 328.53252960252576 42.93253441108391 0.0 3.0 0.0 927499572.2742815 956660005.2737802 926908356.9601501 958207389.6101105
58888.48023236 2458888.981187311 330.3991944005247 44.79919920908287 0.0 3.0 1.0 928272295.9054103 957524939.942213 927753773.2674607 959124701.5863663
58888.48152866 2458888.982483624 332.26586639648303 46.665871205041185 0.0 3.0 0.0 927437223.0389678 956601196.6353374 926830545.0050673 958126491.6370692
58888.482824955 2458888.9837799324 334.132531194482 48.53253600304015 0.0 3.0 1.0 928270958.9267101 957514231.932325 927825833.0477712 959195944.9195693
58946.83767614 2458947.3393639354 1.8658656044863164 1.8658656044863164 1.0 4.0 0.0 920391356.8026273 949573471.3943503 919737820.7752469 951149516.713448
58946.838972435 2458947.3406602414 3.7325304024852812 3.7325304024852812 1.0 4.0 1.0 924655176.0350208 953896922.110202 924121258.4474399 955433644.982296
58946.84026873 2458947.3419565475 5.599195200484246 5.599195200484246 1.0 4.0 0.0 924935965.738548 954122891.6532651 924298497.7903647 955639759.2249823
58946.84156503 2458947.3432528577 7.465867206919938 7.465867206919938 1.0 4.0 1.0 927128413.2257435 956358811.7726164 926598461.0441154 957910217.9584916
58946.842861325 2458947.3445491623 9.332532004918903 9.332532004918903 1.0 4.0 0.0 926767493.6072806 955963318.7766008 926133265.4763021 957474246.4080462
58946.84415762 2458947.3458454665 11.199196802917868 11.199196802917868 1.0 4.0 1.0 928505547.0733957 957745680.0013881 927996416.5785897 959307594.5530211
58946.84545392 2458947.3471417744 13.06586880935356 13.06586880935356 1.0 4.0 0.0 927820232.7229203 957014905.0374972 927198436.2065696 958539197.0628723
58946.846750215 2458947.348438077 14.932533607352525 14.932533607352525 1.0 4.0 1.0 929255473.6469901 958493174.2003148 928731052.2495292 960040591.8983389
58946.84804651 2458947.3497343785 16.79919840535149 16.79919840535149 1.0 4.0 0.0 928513376.9052848 957713551.5156672 927873048.1835084 959211953.2578273
58946.849342805 2458947.3510306785 18.665863203350455 18.665863203350455 1.0 4.0 1.0 929700402.4897579 958949498.597285 929186081.3327291 960502597.0070469
58946.8506391 2458947.3523269785 20.53252800134942 20.53252800134942 1.0 4.0 0.0 929003124.1550441 958200496.4040152 928372632.6017749 959706224.8782644
58946.8519354 2458947.3536232817 22.39920000778511 22.39920000778511 1.0 4.0 1.0 930048770.1962154 959293525.3951676 929523338.3815354 960833789.6925871
58946.853231695 2458947.354919579 24.265864805784076 24.265864805784076 1.0 4.0 0.0 929279725.4346012 958457853.3374909 928652627.3601588 959983508.9202697
58946.85452799 2458947.356215875 26.13252960378304 26.13252960378304 1.0 4.0 1.0 930315508.6893005 959550402.6950159 929804292.0430415 961109269.2542359
58946.85582429 2458947.3575121756 27.999201610218734 27.999201610218734 1.0 4.0 0.0 929559008.5512516 958762247.1414945 928925166.7411765 960259472.6246296
58946.857120585 2458947.35880847 29.8658664082177 29.8658664082177 1.0 4.0 1.0 930499096.1366117 959735101.7193186 930010915.9905572 961315984.7535505
58946.85841688 2458947.3601047634 31.732531206216663 31.732531206216663 1.0 4.0 0.0 929752798.1239262 958941669.8067626 929139420.0482912 960483013.2174685
58946.859713175 2458947.361401056 33.59919600421563 33.59919600421563 1.0 4.0 1.0 930636818.0805228 959886094.0057827 930116101.3505459 961430811.3877537
58946.861009475004 2458947.3626973527 35.46586801065132 35.46586801065132 1.0 4.0 0.0 929851912.4941936 959058954.8922296 929218675.9279666 960563074.6176039
58946.86230577 2458947.3639936442 37.332532808650285 37.332532808650285 1.0 4.0 1.0 930786929.7743388 960035525.1220673 930265085.9416283 961576790.9734771
58946.863602065 2458947.3652899344 39.19919760664925 39.19919760664925 1.0 4.0 0.0 929845325.9689317 959038947.1866801 929366814.201504 960708764.5572584
58946.86489836 2458947.3665862246 41.065862404648215 41.065862404648215 1.0 4.0 1.0 930588323.3154508 959804731.7138531 930058354.7536829 961375735.0916512
58946.866194660004 2458947.3678825195 42.93253441108391 42.93253441108391 1.0 4.0 0.0 929914769.7437315 959091352.2607765 929286953.8602805 960620822.3255061
58946.867490955 2458947.3691788097 44.79919920908287 44.79919920908287 1.0 4.0 1.0 930889355.9031656 960126099.6314867 930422688.076966 961727529.1232928
58946.86878725 2458947.370475099 46.66586400708184 46.66586400708184 1.0 4.0 0.0 930107769.2568879 959311413.2931889 929466619.557348 960796679.3974433
58946.870083545 2458947.3717713887 48.5325288050808 48.5325288050808 1.0 4.0 1.0 930893601.9507856 960116636.0596203 930359485.4025707 961655544.9481387
58946.900754845 2458947.4024427715 92.69920080900192 1.8658656044863164 1.0 5.0 0.0 928453097.2874653 957647516.5583041 927796493.7917151 959193659.0966969
58946.90205114 2458947.4037390784 94.56586560700089 3.7325304024852812 1.0 5.0 1.0 929909711.4402578 959160152.8300934 929394610.0082414 960719592.661624
58946.903347435 2458947.4050353845 96.43253040499985 5.599195200484246 1.0 5.0 0.0 929272928.9206 958484897.3381768 928629231.5654525 959981097.37677
58946.904643735004 2458947.4063316956 98.29920241143554 7.465867206919938 1.0 5.0 1.0 930275014.6823229 959531717.8663576 929784651.6745692 961106966.2129121
58946.90594003 2458947.4076280016 100.16586720943451 9.332532004918903 1.0 5.0 0.0 929493975.2634714 958697422.0889521 928863548.3176265 960209099.3744183
58946.907236325 2458947.408924307 102.03253200743347 11.199196802917868 1.0 5.0 1.0 930474141.2302835 959718286.6263237 929978687.8282671 961299080.030616
58946.90853262 2458947.410220612 103.89919680543244 13.065861600916833 1.0 5.0 0.0 929674126.2403738 958885123.8443912 929066556.3390832 960415954.4376302
58946.909828915 2458947.411516916 105.7658616034314 14.932526398915797 1.0 5.0 1.0 930600148.5786687 959835691.9188185 930066641.9221083 961384384.7888975
58946.911125215 2458947.4128132244 107.6325336098671 16.79919840535149 1.0 5.0 0.0 929837909.9537694 959033195.9537938 929233961.8888177 960578939.8217789
58946.91242151 2458947.414109527 109.49919840786606 18.665863203350455 1.0 5.0 1.0 930729640.0130064 959974749.9727802 930311199.0106956 961629808.579597
58946.913717805 2458947.415405829 111.36586320586503 20.53252800134942 1.0 5.0 0.0 929921551.3366967 959128166.1148846 929293180.2497973 960638836.274353
58946.915014105 2458947.4167021345 113.23253520182334 22.399199997307733 1.0 5.0 1.0 930816694.6528807 960063993.2693417 930294663.431282 961617794.1087518
58946.9163104 2458947.417998434 115.09920001029968 24.265864805784076 1.0 5.0 0.0 929976461.7967288 959170104.3887835 929358198.2079027 960702183.4370568
58946.917606695 2458947.419294733 116.96586480829865 26.13252960378304 1.0 5.0 1.0 930794870.8820939 960035692.7734889 930272281.483046 961582540.8704532
58946.91890299 2458947.4205910307 118.83252960629761 27.999194401782006 1.0 5.0 0.0 930102437.1305484 959282482.9535515 929481457.4442527 960815592.996223
58946.920199285 2458947.421887327 120.69919440429658 29.86585919978097 1.0 5.0 1.0 930817366.4037509 960060861.3626058 930299840.8558359 961607062.2554607
58946.921495585004 2458947.4231836274 122.56586641073227 31.732531206216663 1.0 5.0 0.0 930100293.0918825 959298759.0044386 929486362.2939978 960823188.8805571
58946.92279188 2458947.4244799227 124.43253120873123 33.59919600421563 1.0 5.0 1.0 930834103.2574432 960076562.9111414 930327801.8805428 961639221.5185833
58946.924088175 2458947.425776216 126.2991960067302 35.46586080221459 1.0 5.0 0.0 930079596.7891393 959270770.5996184 929471833.4578613 960810983.6154299
58946.925384475 2458947.427072514 128.1658680026885 37.332532798172906 1.0 5.0 1.0 930881454.4090881 960095323.1408741 930351964.2479398 961659777.5927886
58946.926680770004 2458947.428368806 130.03253281116486 39.19919760664925 1.0 5.0 0.0 930022286.5529786 959200055.6968075 929416184.5814278 960757050.8817403
58946.927977065 2458947.4296650975 131.89919760916382 41.065862404648215 1.0 5.0 1.0 930866142.7259605 960103623.8120906 930332205.2157396 961643898.099092
58946.92927336 2458947.4309613886 133.76586240716279 42.93252720264718 1.0 5.0 0.0 929937320.0562475 959128173.1121852 929311515.4029669 960653265.3439124
58946.930569660006 2458947.432257684 135.63253441359848 44.79919920908287 1.0 5.0 1.0 930612021.8406928 959841799.5554936 930090797.0249592 961414357.6560105
58946.931865955004 2458947.4335539737 137.49919921159744 46.66586400708184 1.0 5.0 0.0 929855461.7361541 959035653.1708034 929248336.9878813 960598748.6036615
58946.93316225 2458947.434850264 139.3658640095964 48.5325288050808 1.0 5.0 1.0 930812396.1733642 960048101.7222426 930277424.932801 961587361.7057186
58946.966831325 2458947.4685194087 187.84933200571686 1.865872791968286 1.0 6.0 0.0 927710503.6893362 956912512.5689721 927065126.9561307 958472726.0904021
58946.96812762 2458947.4698157148 189.71599680371583 3.732537589967251 1.0 6.0 1.0 929055799.6842529 958306925.774975 928560807.0977926 959891197.3399024
58946.96942392 2458947.471112026 191.58266881015152 5.599209596402943 1.0 6.0 0.0 928434415.5343406 957630912.8141949 927808190.7168632 959162786.4452317
58946.970720215 2458947.472408332 193.44933360815048 7.465874394401908 1.0 6.0 1.0 929428773.277933 958679169.8826754 928914099.1902683 960242169.082521
58946.97201651 2458947.473704638 195.31599840614945 9.332539192400873 1.0 6.0 0.0 928731663.3363746 957942531.4858507 928117548.2410717 959466945.5542704
58946.973312805 2458947.475000943 197.1826632041484 11.199203990399837 1.0 6.0 1.0 929652503.1542733 958913497.5721209 929139167.8652401 960466024.606815
58946.9746091 2458947.4762972477 199.04932800214738 13.065868788398802 1.0 6.0 0.0 929043234.6984224 958223741.3762801 928438699.7210808 959787547.7945621
58946.9759054 2458947.477593557 200.91600000858307 14.932540794834495 1.0 6.0 1.0 929766711.4637516 959005084.3081648 929262204.2966733 960580404.2867244
58946.977201695 2458947.4788898607 202.78266480658203 16.79920559283346 1.0 6.0 0.0 929084663.7455561 958284497.8516301 928476541.1845186 959822944.0053997
58946.97849799 2458947.480186163 204.649329604581 18.665870390832424 1.0 6.0 1.0 929856366.4001446 959097728.3511405 929355383.9602468 960673439.6824896
58946.979794290004 2458947.4814824695 206.5160016110167 20.532542397268116 1.0 6.0 0.0 929078374.1242242 958278326.774298 928455588.1842892 959798965.8164873
58946.981090585 2458947.48277877 208.38266640901566 22.39920719526708 1.0 6.0 1.0 929904531.3264017 959145682.3996421 929388512.2470562 960709628.7721982
58946.98238688 2458947.48407507 210.24933120701462 24.265871993266046 1.0 6.0 0.0 929194890.1950569 958382721.3405335 928564758.7339702 959906763.4937947
58946.983683175 2458947.4853713685 212.11599600501359 26.13253679126501 1.0 6.0 1.0 929972038.5736798 959170344.9007337 929450457.6534061 960679286.6394839
58946.984979475004 2458947.4866676712 213.98266801144928 27.999208797700703 1.0 6.0 0.0 929199066.3280826 958401728.8921592 928608128.2432594 959946502.4346502
58946.98627577 2458947.4879639675 215.84933280944824 29.865873595699668 1.0 6.0 1.0 930062679.9296284 959308741.9019519 929554030.4022555 960868817.6236447
58946.987572065 2458947.4892602633 217.7159976074472 31.732538393698633 1.0 6.0 0.0 929262728.1844611 958442424.128648 928627557.4972943 959960898.4237945
58946.98886836 2458947.490556558 219.58266240544617 33.5992031916976 1.0 6.0 1.0 930107586.9113684 959342677.8387907 929579549.1008744 960889463.3979474
58946.990164660005 2458947.4918528567 221.44933441188186 35.46587519813329 1.0 6.0 0.0 929370479.7896035 958555321.661891 928757785.9509684 960092022.0110743
58946.991460955 2458947.4931491497 223.31599920988083 37.332539996132255 1.0 6.0 1.0 930283838.1520008 959527607.9741966 929760015.7280504 961069950.82616
58946.99275725 2458947.4944454418 225.1826640078798 39.19920479413122 1.0 6.0 0.0 929856168.1905639 959044635.3780019 929229949.8003514 960568065.4255941
58946.994053545 2458947.4957417333 227.04932880587876 41.065869592130184 1.0 6.0 1.0 930584479.7872796 959827256.5789582 930044402.05461 961360735.6665593
58946.995349845005 2458947.497038029 228.91600081231445 42.93254159856588 1.0 6.0 0.0 929828414.4628587 959005285.6674073 929230130.2905405 960569255.4464769
58946.99664614 2458947.4983343193 230.78266561031342 44.79920639656484 1.0 6.0 1.0 930515330.9895619 959747391.0845288 930022980.2005919 961341194.3459176
58946.997942435 2458947.49963061 232.64933040831238 46.665871194563806 1.0 6.0 0.0 929685278.797743 958854792.3991547 929057563.5886275 960402190.0780332
58946.99923873 2458947.5009268997 234.51599520631135 48.53253599256277 1.0 6.0 1.0 930572873.0070586 959814868.1312742 930080965.7976309 961397004.535969
58947.03290762 2458947.5345958583 282.99919680459425 1.8658656044863164 1.0 7.0 0.0 928191087.4109094 957411485.2818024 927537466.9611785 958943394.7528437
58947.034203920004 2458947.5358921695 284.86586881102994 3.7325376109220088 1.0 7.0 1.0 929511322.6179528 958758898.6552943 928985370.7843571 960318607.0996124
58947.035500215 2458947.5371884755 286.7325336090289 5.5992024089209735 1.0 7.0 0.0 928929086.0177456 958126664.9448754 928281414.5530937 959641284.4305782
58947.03679651 2458947.538484782 288.59919840702787 7.465867206919938 1.0 7.0 1.0 929878615.9324973 959115290.6904224 929376940.7745069 960705684.3995204
58947.038092805 2458947.5397810875 290.46586320502684 9.332532004918903 1.0 7.0 0.0 929177908.1979036 958386774.849131 928569399.260943 959920795.8068514
58947.0393891 2458947.5410773926 292.3325280030258 11.199196802917868 1.0 7.0 1.0 930040672.6031374 959299860.3559852 929537763.672653 960861709.9848307
58947.0406854 2458947.542373702 294.1992000094615 13.06586880935356 1.0 7.0 0.0 929404561.2411308 958624612.8715965 928796397.412029 960147271.7661227
58947.041981695 2458947.5436700066 296.06586480746046 14.932533607352525 1.0 7.0 1.0 930261134.2570889 959524078.4479251 929729487.608202 961056530.9309845
58947.04327799 2458947.5449663093 297.9325296054594 16.79919840535149 1.0 7.0 0.0 929475782.0879754 958682344.8464081 928985222.5631216 960334705.9092361
58947.044574290005 2458947.5462626168 299.7992016118951 18.665870411787182 1.0 7.0 1.0 930384790.5769644 959641702.6570971 929896665.9809701 961222335.228867
58947.045870585 2458947.5475589186 301.6658664098941 20.532535209786147 1.0 7.0 0.0 929522631.1577327 958722781.6853535 928883453.6263986 960229805.4618332
58947.04716688 2458947.5488552195 303.53253120789304 22.39920000778511 1.0 7.0 1.0 930383872.5578634 959638259.0090737 929876965.1126511 961194869.3479846
58947.048463175 2458947.550151519 305.399196005892 24.265864805784076 1.0 7.0 0.0 929573306.3057697 958793887.7092667 928949496.0412514 960295777.7897863
58947.049759475005 2458947.5514478222 307.2658680123277 26.13253681221977 1.0 7.0 1.0 930391969.8158219 959650040.6081369 929882392.7128849 961204936.0408865
58947.05105577 2458947.55274412 309.13253281032667 27.999201610218734 1.0 7.0 0.0 929594638.8428438 958794391.5083723 928952993.1005607 960305924.8678753
58947.052352065 2458947.5540404166 310.99919760832563 29.8658664082177 1.0 7.0 1.0 930416161.3338497 959670618.916378 929891711.5305583 961212521.9015129
58947.05364836 2458947.5553367124 312.8658624063246 31.732531206216663 1.0 7.0 0.0 929639158.8690152 958828546.5071731 929015495.7212368 960360513.5102842
58947.054944660005 2458947.556633012 314.7325344127603 33.599203212652355 1.0 7.0 1.0 930456930.6453507 959700830.9986426 929926331.0166464 961234302.0426111
58947.056240955004 2458947.5579293054 316.59919921075925 35.46586801065132 1.0 7.0 0.0 929676136.5777435 958875545.1331792 929056729.8027122 960394357.4457431
58947.05753725 2458947.559225599 318.4658640087582 37.332532808650285 1.0 7.0 1.0 930428434.7445498 959658851.2417023 929899549.6263492 961211388.5494401
58947.058833545 2458947.560521891 320.3325288067572 39.19919760664925 1.0 7.0 0.0 929709183.1207051 958902206.2735317 929070595.1761725 960417195.1607842
58947.060129845006 2458947.5618181876 322.1992008131929 41.06586961308494 1.0 7.0 1.0 930441803.1017568 959670622.7670788 929916413.9219439 961231337.8556762
58947.061426140004 2458947.5631144783 324.06586561119184 42.93253441108391 1.0 7.0 0.0 929705348.198236 958918302.1164026 929079309.2639883 960426106.9783792
58947.062722435 2458947.564410769 325.9325304091908 44.79919920908287 1.0 7.0 1.0 930335250.1451784 959576780.0483834 929854935.2249568 961170487.0152767
58947.06401873 2458947.565707059 327.79919520718977 46.66586400708184 1.0 7.0 0.0 929573388.0169284 958756820.7999127 928931400.5468324 960273460.5084401
58947.065315030006 2458947.567003354 329.66586721362546 48.53253601351753 1.0 7.0 1.0 930430483.1355602 959673748.8396678 929907415.8341496 961226402.7985742
59120.318630155 2459120.8177504004 1.8658656044863164 1.8658656044863164 2.0 8.0 0.0 922310590.4204929 951503064.0632904 921645627.7085544 953064597.0862212
59120.319926455 2459120.819046701 3.73253760044463 3.73253760044463 2.0 8.0 1.0 925436899.692256 954679170.1070321 924930842.7425423 956275718.502428
59120.321222750004 2459120.8203429957 5.5992024089209735 5.5992024089209735 2.0 8.0 0.0 925191426.9958436 954386999.306875 924562144.6991701 955922004.3764057
59120.322519045 2459120.82163929 7.465867206919938 7.465867206919938 2.0 8.0 1.0 927288591.7989275 956521657.3223612 926758711.7359562 958101126.6303711
59120.32381534 2459120.822935584 9.332532004918903 9.332532004918903 2.0 8.0 0.0 926663789.3598304 955858171.4743726 926029071.201592 957386395.1520942
59120.32511164 2459120.824231882 11.199204000877216 11.199204000877216 2.0 8.0 1.0 928396966.1733937 957623392.6412905 927901346.8276803 959240320.2182888
59120.326407935 2459120.8255281746 13.065868798876181 13.065868798876181 2.0 8.0 0.0 927636870.2737962 956828946.6759756 927004848.0586919 958362821.9305093
59120.32770423 2459120.8268244658 14.932533607352525 14.932533607352525 2.0 8.0 1.0 929098446.6892169 958320704.0897348 928574375.8136982 959912450.5970635
59120.329000525 2459120.8281207564 16.79919840535149 16.79919840535149 2.0 8.0 0.0 928270293.0774503 957443623.7011029 927633976.6360505 958993003.0562606
59120.330296825 2459120.829417051 18.665870401309803 18.665870401309803 2.0 8.0 1.0 929532667.7994776 958768086.8146956 929037791.4331951 960376470.6484637
59120.331593120005 2459120.830713339 20.532535209786147 20.532535209786147 2.0 8.0 0.0 928765947.1724224 957967901.3124819 928152783.6822034 959514197.9968071
59120.332889415 2459120.832009626 22.39920000778511 22.39920000778511 2.0 8.0 1.0 929886790.135114 959120014.4732637 929362145.111389 960703327.4013165
59120.334185715 2459120.833305917 24.265872003743425 24.265872003743425 2.0 8.0 0.0 929107423.7076201 958305914.216439 928518001.9617265 959882303.8301924
59120.33548201 2459120.8346022028 26.13253680174239 26.13253680174239 2.0 8.0 1.0 930130454.2374153 959372147.4808403 929618259.2287204 960960099.6468492
59120.336778305 2459120.8358984864 27.999201599741355 27.999201599741355 2.0 8.0 0.0 929312409.9384934 958514173.7940922 928681837.98181 960048318.6584768
59120.338074600004 2459120.837194769 29.8658664082177 29.8658664082177 2.0 8.0 1.0 930331976.4784254 959580288.3278503 929820129.4717524 961161200.7914753
59120.339370895 2459120.838491051 31.732531206216663 31.732531206216663 2.0 8.0 0.0 929503746.9916122 958714135.7504337 928888336.9922779 960258239.206202
59120.340667195 2459120.839787337 33.59920320217498 33.59920320217498 2.0 8.0 1.0 930445734.7290174 959692801.7700838 929961938.502213 961309165.4806433
59120.341963490006 2459120.841083617 35.46586801065132 35.46586801065132 2.0 8.0 0.0 929615813.1402223 958808901.58321 928987303.3211876 960353472.1914145
59120.343259785004 2459120.842379896 37.332532808650285 37.332532808650285 2.0 8.0 1.0 930538294.2775552 959774388.8954477 930041486.5755088 961385717.3025656
59120.344556085 2459120.8436761796 39.1992048046086 39.1992048046086 2.0 8.0 0.0 929740779.4113894 958943047.3214766 929091155.5836082 960451376.7609711
59120.34585238 2459120.844972458 41.06586960260756 41.06586960260756 2.0 8.0 1.0 930583568.1900518 959818821.3343565 930083249.867083 961416573.5292442
59120.347148675 2459120.846268736 42.93253440060653 42.93253440060653 2.0 8.0 0.0 929735487.7267716 958938352.8025632 929112164.075 960471283.41524
59120.348444970004 2459120.847565013 44.79919920908287 44.79919920908287 2.0 8.0 1.0 930651015.7035016 959881097.2561381 930151401.5562354 961484775.5931185
59120.349741265 2459120.8488612906 46.66586400708184 46.66586400708184 2.0 8.0 0.0 929755823.9276296 958952686.9288554 929118868.5545948 960472415.2282906
59120.351037565 2459120.850157573 48.53253600304015 48.53253600304015 2.0 8.0 1.0 930548254.9431167 959787041.1980491 930050687.0033721 961389497.796938
59120.382449785 2459120.8815695937 93.76613280270249 1.866132002323866 2.0 9.0 0.0 927990730.9897168 957207370.9545995 927330797.1670027 958768797.0528189
59120.383746085 2459120.8828658946 95.6328047986608 3.7328039982821792 2.0 9.0 1.0 929429852.7220722 958676394.554332 928893270.7380922 960253882.0824559
59120.38504238 2459120.8841621904 97.49946960713714 5.599468806758523 2.0 9.0 0.0 928814999.5124667 958020946.2186341 928186140.8572693 959565955.8215153
59120.38633849 2459120.8854583004 99.36586800729856 7.465867206919938 2.0 9.0 1.0 929843671.0991105 959094735.5075777 929323397.0512924 960672527.0335834
59120.38763497 2459120.88675478 101.23279920313507 9.332798402756453 2.0 9.0 0.0 929159451.7283753 958363533.2201347 928521425.9586066 959898298.7721545
59120.38893108 2459120.8880508896 103.09919760329649 11.199196802917868 2.0 9.0 1.0 930111397.5276809 959358482.3302058 929730911.8657051 961084049.2615207
59120.390227565 2459120.8893473735 104.96613600756973 13.06613520719111 2.0 9.0 0.0 929226871.9531792 958420347.0510561 928611658.9589493 959985640.3666542
59120.39152386 2459120.8906436665 106.8328008055687 14.932800005190074 2.0 9.0 1.0 930231005.6764972 959481332.2022052 929705348.9333413 961059021.3446918
59120.392820155 2459120.8919399586 108.69946560356766 16.79946480318904 2.0 9.0 0.0 929398914.5626849 958588438.6829443 928778523.7574172 960149118.813968
59120.39411627 2459120.89323607 110.56587120168842 18.665870401309803 2.0 9.0 1.0 930234066.5778003 959476977.4510688 929707352.5886561 961057368.1575415
59120.395412750004 2459120.8945325455 112.43280240800232 20.532801607623696 2.0 9.0 0.0 929489472.4460611 958699974.3980696 928858958.6508056 960227989.146771
59120.396709045 2459120.8958288347 114.29946720600128 22.39946640562266 2.0 9.0 1.0 930478694.3155324 959713410.1856422 929963776.0396739 961310909.9225466
59120.39800534 2459120.8971251226 116.16613200400025 24.266131203621626 2.0 9.0 0.0 929602830.8597746 958813936.7487346 928965777.025645 960331541.7225375
59120.399301640005 2459120.898421415 118.03280401043594 26.132803210057318 2.0 9.0 1.0 930357084.9812162 959592553.551166 929858999.3905618 961201353.9582759
59120.400597935004 2459120.8997177007 119.8994688084349 27.999468008056283 2.0 9.0 0.0 929707086.9094753 958897320.6711882 929060149.0535067 960426219.6932201
59120.40189423 2459120.9010139853 121.76613360643387 29.866132806055248 2.0 9.0 1.0 930407457.5688901 959651035.8312557 929902846.8291644 961248390.9697294
59120.403190525 2459120.902310269 123.63279840443283 31.732797604054213 2.0 9.0 0.0 929693735.433372 958897444.9050083 929100782.9728243 960470184.2961957
59120.404486825 2459120.903606557 125.49947040039115 33.599469600012526 2.0 9.0 1.0 930486608.6182494 959742315.2487276 929961825.3303716 961311582.7869239
59120.405783120004 2459120.9049028386 127.36613520886749 35.46613440848887 2.0 9.0 0.0 929649914.0458488 958842113.1322191 929058381.7395456 960427532.8781792
59120.407079415 2459120.906199119 129.23280000686646 37.332799206487834 2.0 9.0 1.0 930479691.6632118 959724782.4838321 929950481.8004551 961294860.3349078
59120.408375715 2459120.9074954037 131.09947200282477 39.19947120244615 2.0 9.0 0.0 929630979.3030791 958831796.9091315 929040397.0094086 960409659.0352353
59120.40967201 2459120.908791683 132.96613680082373 41.06613600044511 2.0 9.0 1.0 930496686.2768347 959738633.251933 929971460.7540128 961315889.4581873
59120.410968305 2459120.9100879612 134.8328015988227 42.93280079844408 2.0 9.0 0.0 929628494.4647136 958814559.5477343 928999338.7652619 960365805.6556898
59120.4122646 2459120.9113842393 136.69946640729904 44.79946560692042 2.0 9.0 1.0 930416648.2179651 959654217.6675067 929903625.1237662 961241192.2290545
59120.413560895 2459120.9126805165 138.566131205298 46.666130404919386 2.0 9.0 0.0 929666606.7103187 958866847.1443775 929017437.6805173 960373075.9626015
59120.414857195 2459120.9139767997 140.43280320125632 48.5328024008777 2.0 9.0 1.0 930457051.4792356 959683957.5082717 929926617.8267658 961263247.1824503
59120.44857238 2459120.947691755 188.9826696063392 1.865872802445665 2.0 10.0 0.0 927282589.990515 956480725.5482504 926639511.0176234 958073306.8306253
59120.449868675 2459120.9489880507 190.84933440433815 3.73253760044463 2.0 10.0 1.0 928637239.9100468 957878595.452714 928119929.6962794 959478356.8371063
59120.45116497 2459120.9502843465 192.71599920233712 5.599202398443595 2.0 10.0 0.0 928020462.2655568 957200264.760567 927381081.2037599 958759767.9601638
59120.452461265 2459120.951580642 194.58266400033608 7.465867196442559 2.0 10.0 1.0 929010821.2102464 958236201.6599169 928504957.4843597 959853765.7576103
59120.453757565 2459120.9528769418 196.44933600677177 9.332539202878252 2.0 10.0 0.0 928329372.1030612 957519678.16486 927697336.3526886 959071656.8932395
59120.45505386 2459120.954173236 198.31600080477074 11.199204000877216 2.0 10.0 1.0 929209318.9843886 958445100.807111 928680628.7540183 960029393.6004524
59120.456350155 2459120.9554695305 200.1826656027697 13.065868798876181 2.0 10.0 0.0 928434453.5900667 957643653.2134719 927802243.8966343 959169805.0674461
59120.457646455 2459120.9567658287 202.04933759872802 14.932540794834495 2.0 10.0 1.0 929326616.6689336 958541022.6852696 928804834.6512376 960147912.0181357
59120.45894275 2459120.9580621207 203.91600240720436 16.79920560331084 2.0 10.0 0.0 928520896.8720682 957719112.1725454 927908085.8027458 959279870.0923227
59120.460239045 2459120.959358412 205.78266720520332 18.665870401309803 2.0 10.0 1.0 929407729.3696253 958649336.1273257 928877507.1601815 960226765.8090141
59120.46153534 2459120.9606547025 207.6493320032023 20.532535199308768 2.0 10.0 0.0 928647428.2992795 957846201.6973448 928033104.8924541 959400496.4464395
59120.462831640005 2459120.961950997 209.51600400963798 22.39920720574446 2.0 10.0 1.0 929511145.440499 958754660.9364111 928989971.8005595 960340775.7174888
59120.464127935 2459120.9632472848 211.38266880763695 24.265872003743425 2.0 10.0 0.0 928751052.8545684 957949194.0734527 928149311.3615025 959519503.3735718
59120.46542423 2459120.9645435717 213.2493336056359 26.13253680174239 2.0 10.0 1.0 929511245.6247239 958753197.653729 929025959.6322238 960375547.0874147
59120.466720525 2459120.965839858 215.11599840363488 27.999201599741355 2.0 10.0 0.0 928743011.6542671 957945495.1438205 928111536.7065216 959478558.68922
59120.468016825 2459120.967136148 216.9826703995932 29.865873595699668 2.0 10.0 1.0 929500045.5159767 958734841.8029774 928998059.7749143 960343592.9773452
59120.469313120004 2459120.968432431 218.84933520806953 31.73253840417601 2.0 10.0 0.0 928757638.0062387 957953701.8930831 928160657.0795108 959526515.8513024
59120.470609415 2459120.969728714 220.7160000060685 33.59920320217498 2.0 10.0 1.0 929547339.6758113 958786630.7803667 929038350.8682413 960385810.1794341
59120.471905715 2459120.9710250003 222.5826720020268 35.46587519813329 2.0 10.0 0.0 928795492.9313693 958013004.999758 928187180.1253264 959559279.5944462
59120.473202010005 2459120.972321281 224.44933681050315 37.332540006609634 2.0 10.0 1.0 929550114.5231549 958784983.578425 929052521.688069 960400188.7709506
59120.474498305004 2459120.9736175607 226.31600160850212 39.1992048046086 2.0 10.0 0.0 928768344.5782013 957966648.5088832 928172462.4673796 959539147.1973656
59120.4757946 2459120.9749138397 228.18266640650108 41.06586960260756 2.0 10.0 1.0 929582341.8639417 958815994.4407401 929072916.5253706 960418729.2930298
59120.477090895 2459120.9762101183 230.04933120450005 42.93253440060653 2.0 10.0 0.0 928733747.5924213 957928666.7768536 928145596.1087692 959510416.627703
59120.478387195 2459120.9775064015 231.91600320045836 44.79920639656484 2.0 10.0 1.0 929624503.4905691 958870810.5097991 929114749.3999465 960456178.9708517
59120.479683490004 2459120.9788026786 233.7826680089347 46.665871205041185 2.0 10.0 0.0 928865123.0460851 958051177.0955906 928237007.6146276 959594419.8900063
59120.480979785 2459120.980098956 235.64933280693367 48.53253600304015 2.0 10.0 1.0 929687072.6872629 958919292.9756646 929672016.1583219 961010839.948353
59120.51469497 2459121.0138139124 284.19919920153916 1.865858396049589 2.0 11.0 0.0 927619430.6326194 956828182.5042156 927008800.3150469 958449644.4158009
59120.515991265 2459121.015110208 286.0658639995381 3.7325231940485537 2.0 11.0 1.0 928992034.956033 958219533.8144677 928506757.5892375 959870917.4607956
59120.517287565 2459121.016406509 287.9325360059738 5.599195200484246 2.0 11.0 0.0 928403982.6223091 957606576.872756 927766117.2869512 959145277.541543
59120.51858386 2459121.0177028044 289.7992008039728 7.465859998483211 2.0 11.0 1.0 929324332.115973 958565289.9565774 928803661.0633746 960159867.4526287
59120.519880155 2459121.0189991 291.66586560197175 9.332524796482176 2.0 11.0 0.0 928579364.5070038 957778682.7350739 927945446.7831354 959318963.6609683
59120.521176455004 2459121.0202953997 293.53253760840744 11.199196802917868 2.0 11.0 1.0 929582852.8271616 958816141.3565567 929066152.8813465 960410896.184525
59120.52247275 2459121.0215916936 295.3992024064064 13.065861600916833 2.0 11.0 0.0 928744863.4163492 957943032.8452843 928140336.7875128 959503426.1250589
59120.523769045 2459121.0228879866 297.26586720440537 14.932526398915797 2.0 11.0 1.0 929799065.7218463 959071439.706409 929287288.6085553 960725258.9401147
59120.52506534 2459121.024184279 299.13253200240433 16.799191196914762 2.0 11.0 0.0 928900496.653058 958088853.1799824 928267032.802753 959635008.4533389
59120.526361640004 2459121.025480576 300.99920400884 18.665863203350455 2.0 11.0 1.0 929839110.5410241 959129932.53308 929327264.1090162 960766564.6414762
59120.527657935 2459121.026776866 302.865868806839 20.53252800134942 2.0 11.0 0.0 929017042.3216532 958213393.2242172 928368814.7229927 959738146.7648466
59120.52895423 2459121.0280731553 304.73253360483795 22.399192799348384 2.0 11.0 1.0 929889579.3728898 959133759.9789418 929381318.433094 960731394.9273899
59120.530250525 2459121.0293694437 306.5991984028369 24.26585759734735 2.0 11.0 0.0 929032548.638068 958204980.992871 928442049.1267335 959810880.3703274
59120.531546825 2459121.0306657357 308.46587039879523 26.132529593305662 2.0 11.0 1.0 929831827.8806176 959084945.8722978 929303516.0182116 960653612.4508854
59120.53284312 2459121.0319620213 310.3325352072716 27.999194401782006 2.0 11.0 0.0 929064601.0495363 958270246.9159684 928441090.4047185 959813654.1762223
59120.534139415 2459121.033258306 312.19920000527054 29.86585919978097 2.0 11.0 1.0 929866166.8710413 959104107.0545573 929364916.8904514 960713813.0604843
59120.535435715 2459121.034554595 314.06587200122885 31.732531195739284 2.0 11.0 0.0 929163638.524065 958371588.5765982 928563646.8676314 959934516.7421505
59120.536732010005 2459121.0358508774 315.9325368097052 33.59919600421563 2.0 11.0 1.0 929993998.3204819 959218796.782397 929477798.6269835 960822847.1300807
59120.538028305 2459121.0371471588 317.79920160770416 35.46586080221459 2.0 11.0 0.0 929167167.8072705 958351887.0067074 928541813.9423926 959911928.0469351
59120.5393246 2459121.038443439 319.6658664057031 37.33252560021356 2.0 11.0 1.0 929886255.6559403 959129924.7850451 929371671.416512 960723874.3212167
59120.540620895 2459121.0397397196 321.5325312037021 39.19919039821252 2.0 11.0 0.0 929126926.8546312 958321402.2849722 928522368.556499 959894435.2411661
59120.541917195 2459121.0410360033 323.3992031996604 41.065862394170836 2.0 11.0 1.0 929918182.3656318 959162031.3121206 929385726.9624461 960738648.5718498
59120.543213490004 2459121.042332282 325.26586800813675 42.93252720264718 2.0 11.0 0.0 929123169.4924601 958319604.0586021 928485448.9632056 959851620.0577264
59120.544509785 2459121.0436285594 327.1325328061357 44.799192000646144 2.0 11.0 1.0 929914031.1480241 959146256.0059549 929407142.1407106 960747333.9913383
59120.545806085 2459121.044924842 328.999204802094 46.66586399660446 2.0 11.0 0.0 929126316.0117922 958299782.8196366 928501549.3457023 959862537.674371
59120.547102380006 2459121.0462211194 330.86586961057037 48.5325288050808 2.0 11.0 1.0 929932805.3977704 959146132.0446923 929393702.3678154 960733809.73426
59178.899314755 2459179.3987022704 1.8658655940089375 1.8658655940089375 3.0 12.0 0.0 919364593.1191308 948530380.240412 918702370.7551184 950065691.6590465
59178.900611054996 2459179.399998604 3.732537589967251 3.732537589967251 3.0 12.0 1.0 923296017.0417806 952561034.5875571 922782184.5785768 954177715.0350039
59178.901907349995 2459179.401294932 5.599202387966216 5.599202387966216 3.0 12.0 0.0 923161462.6536839 952330667.9900832 922563404.6274582 953885029.4378017
59178.903203645 2459179.4025912588 7.465867196442559 7.465867196442559 3.0 12.0 1.0 925609000.5548948 954863897.2599517 925090142.2892478 956485110.2468196
59178.90449994 2459179.4038875857 9.332531994441524 9.332531994441524 3.0 12.0 0.0 925166292.0849985 954346288.3524785 924564503.1990032 955892205.5963829
59178.905796235 2459179.405183911 11.199196792440489 11.199196792440489 3.0 12.0 1.0 927062942.4051918 956337523.4200289 926549851.9254674 957953055.110144
59178.907092535 2459179.4064802397 13.065868798876181 13.065868798876181 3.0 12.0 0.0 926298866.6595352 955484462.2912322 925684855.8364984 957020138.8680559
59178.90838883 2459179.407776562 14.932533596875146 14.932533596875146 3.0 12.0 1.0 927970071.8659966 957259590.3138363 927442169.9356208 958853107.7295053
59178.909685125 2459179.4090728834 16.79919839487411 16.79919839487411 3.0 12.0 0.0 927125088.2377489 956315020.812294 926516759.6492412 957851150.6712501
59178.910981425 2459179.410369208 18.665870390832424 18.665870390832424 3.0 12.0 1.0 928527926.0953549 957811881.8226469 928057692.1489179 959468810.7447445
59178.912277719995 2459179.4116655253 20.53253518883139 20.53253518883139 3.0 12.0 0.0 927694946.27604 956866381.420877 927067803.103441 958401272.7977183
59178.913574015 2459179.412961841 22.399199997307733 22.399199997307733 3.0 12.0 1.0 928870938.3958306 958100308.8883338 928361541.5613803 959678280.0777583
59178.91487031 2459179.4142581555 24.265864795306697 24.265864795306697 3.0 12.0 0.0 928066843.3808954 957242486.7982992 927484963.7807631 958816540.3901813
59178.91616661 2459179.4155544727 26.13253679126501 26.13253679126501 3.0 12.0 1.0 929256403.5657191 958532294.7697232 928764534.8030992 960173460.5290362
59178.917462904996 2459179.4168507834 27.999201589263976 27.999201589263976 3.0 12.0 0.0 928461072.7352307 957630835.8795576 927834860.0500406 959170437.7551827
59178.918759199994 2459179.418147092 29.86586638726294 29.86586638726294 3.0 12.0 1.0 929481350.2515552 958753560.9214002 928966572.7242401 960376337.9665325
59178.920055495 2459179.4194433996 31.732531195739284 31.732531195739284 3.0 12.0 0.0 928526485.5680828 957705925.584173 927931991.5173403 959268948.158772
59178.921351795 2459179.420739711 33.5992031916976 33.5992031916976 3.0 12.0 1.0 929620880.375896 958898681.587409 929104197.9454491 960515358.1295905
59178.922648089996 2459179.422036015 35.46586798969656 35.46586798969656 3.0 12.0 0.0 928739602.0150111 957919130.753865 928108689.547412 959447908.3745681
59178.923944385 2459179.423332318 37.332532798172906 37.332532798172906 3.0 12.0 1.0 929818323.5292826 959097215.2201684 929322752.1570203 960738107.6785679
59178.925240685 2459179.4246286256 39.19920479413122 39.19920479413122 3.0 12.0 0.0 928832377.9941797 958025635.176245 928211243.5401344 959551648.4810047
59178.92653698 2459179.425924927 41.065869592130184 41.065869592130184 3.0 12.0 1.0 929844066.2748525 959128749.5591006 929343008.2640085 960757654.0446258
59178.927833275 2459179.427221228 42.93253439012915 42.93253439012915 3.0 12.0 0.0 928992057.6302242 958183841.8609469 928359465.2805791 959711205.5626915
59178.929129569995 2459179.428517528 44.799199188128114 44.799199188128114 3.0 12.0 1.0 929864614.0781741 959145817.1662815 929346277.6768711 960774646.8165991
59178.96190735 2459179.4612957714 91.99920239509083 1.865872802445665 3.0 13.0 0.0 927046453.9923525 956231323.9436536 926401572.0827897 957778354.2194688
59178.963203645 2459179.4625921003 93.8658671930898 3.73253760044463 3.0 13.0 1.0 928610797.5014176 957872768.4624017 928102899.5842261 959509833.5000757
59178.964499940004 2459179.4638884296 95.73253200156614 5.5992024089209735 3.0 13.0 0.0 927942284.7878578 957097517.3679186 927302827.8995644 958633677.2333406
59178.965796235 2459179.4651847584 97.5991967995651 7.465867206919938 3.0 13.0 1.0 929043699.040967 958254307.7939858 928522050.156996 959833599.6799979
59178.967092535 2459179.466481092 99.46586879552342 9.332539202878252 3.0 13.0 0.0 928289983.9391501 957467666.0500832 927655389.4021873 958987866.7817516
59178.96838883 2459179.46777742 101.33253359352238 11.199204000877216 3.0 13.0 1.0 929321434.18044 958582214.8813252 928808610.1744657 960214501.2495704
59178.969685125 2459179.4690737473 103.19919839152135 13.065868798876181 3.0 13.0 0.0 928490549.4149516 957668429.4359279 927857087.5883001 959194676.6121233
59178.970981425 2459179.4703700785 105.06587039795704 14.932540805311874 3.0 13.0 1.0 929567646.0943308 958837041.6117266 929048057.665377 960456905.6865773
59178.97227772 2459179.4716664036 106.932535195956 16.79920560331084 3.0 13.0 0.0 928661118.5084965 957848519.0630755 928027321.7961338 959365978.8750185
59178.973574015 2459179.4729627273 108.79919999395497 18.665870401309803 3.0 13.0 1.0 929714139.3610822 958994539.3064083 929195271.2626896 960608585.844019
59178.974870310005 2459179.4742590496 110.66586480243132 20.532535209786147 3.0 13.0 0.0 928833561.4524791 958016796.126559 928245578.5450984 959585489.1796091
59178.976166609995 2459179.475555375 112.53253678791225 22.39920719526708 3.0 13.0 1.0 929837499.7220964 959124710.6597791 929335600.8187172 960750131.1174337
59178.977462905 2459179.4768516943 114.3992015963886 24.265872003743425 3.0 13.0 0.0 928874851.7603844 958061896.075048 928262083.0711637 959608973.629987
59178.9787592 2459179.478148011 116.26586639438756 26.13253680174239 3.0 13.0 1.0 929810123.7643998 959091731.9555395 929288811.0860505 960704829.8510251
59178.980055495 2459179.479444327 118.13253119238652 27.999201599741355 3.0 13.0 0.0 928937006.1575556 958101751.5385325 928311822.2357874 959653769.4212885
59178.981351795 2459179.4807406454 119.99920319882222 29.865873606177047 3.0 13.0 1.0 929782064.238038 959065510.5720733 929288286.5284781 960703389.1687576
59178.98264809 2459179.4820369575 121.86586799682118 31.73253840417601 3.0 13.0 0.0 928897669.8186643 958090273.4322934 928282635.6778966 959628315.2929296
59178.983944385 2459179.4833332673 123.73253279482014 33.59920320217498 3.0 13.0 1.0 929933889.5085785 959207999.0807447 929408290.3702326 960823148.3892361
59178.985240685 2459179.4846295808 125.59920479077846 35.46587519813329 3.0 13.0 0.0 928919030.595638 958099630.3993092 928297907.924746 959639149.0162942
59178.986536979995 2459179.485925888 127.46586958877742 37.332539996132255 3.0 13.0 1.0 929861372.1444659 959141942.5951145 929343335.8225768 960755442.5382221
59178.987833275 2459179.4872221933 129.33253439725377 39.1992048046086 3.0 13.0 0.0 928927050.9509137 958111429.264852 928312723.2628888 959655260.8299906
59178.98912957 2459179.4885184974 131.19919919525273 41.06586960260756 3.0 13.0 1.0 929816476.7027622 959094198.6621091 929325474.1800747 960737988.3271223
59178.990425865 2459179.4898148007 133.0658639932517 42.93253440060653 3.0 13.0 0.0 929011326.9063199 958196393.956139 928411382.0826337 959759632.6754748
59178.991722164996 2459179.4911111076 134.93253598921 44.79920639656484 3.0 13.0 1.0 929846560.2110617 959117681.3083763 929361607.74823 960776058.2144473
59178.993018459994 2459179.4924074085 136.79920078720897 46.665871194563806 3.0 13.0 0.0 928997821.9482427 958180731.8408849 928368864.4491054 959718657.8746485
59178.994314755 2459179.493703709 138.66586559568532 48.53253600304015 3.0 13.0 1.0 929807059.8584483 959086025.4985619 929299346.0398965 960721688.760478
59179.028087905 2459179.527477328 187.29920159094036 1.865872791968286 3.0 14.0 0.0 926502009.2239778 955663376.3513478 925848492.1899347 957224528.9153327
59179.029384199996 2459179.528773657 189.16586638893932 3.732537589967251 3.0 14.0 1.0 928055987.2124602 957325784.5102792 927536331.5731158 958938625.3326805
59179.030680494994 2459179.5300699864 191.0325311869383 5.599202387966216 3.0 14.0 0.0 927361171.4694388 956535941.3879826 926751505.7200284 958084418.218318
59179.031976795 2459179.5313663203 192.89920319337398 7.465874394401908 3.0 14.0 1.0 928425836.019475 957696741.1760045 927905720.2302562 959304401.0918815
59179.03327309 2459179.532662649 194.76586799137294 9.332539192400873 3.0 14.0 0.0 927588590.0428557 956766664.4591868 926947853.0807498 958276608.0433913
59179.034569384996 2459179.533958977 196.6325327893719 11.199203990399837 3.0 14.0 1.0 928623870.2286978 957890817.1227133 928098158.4993507 959497726.2140133
59179.035865679994 2459179.5352553045 198.49919758737087 13.065868788398802 3.0 14.0 0.0 927770154.334409 956936932.7656982 927146327.0818307 958476544.5072365
59179.03716198 2459179.5365516357 200.36586959380656 14.932540794834495 3.0 14.0 1.0 928756113.4903936 958029694.4177641 928233587.4475306 959646127.5783134
59179.038458275 2459179.537847961 202.23253439180553 16.79920559283346 3.0 14.0 0.0 927891785.2457674 957061701.5096382 927260051.9837987 958597075.98527
59179.039754569996 2459179.5391442846 204.0991991898045 18.665870390832424 3.0 14.0 1.0 928864150.0925629 958129431.0460212 928340346.3736756 959751694.759264
59179.04105087 2459179.5404406115 205.9658711962402 20.532542397268116 3.0 14.0 0.0 927941477.4035413 957133571.653838 927304795.5184484 958648758.3527716
59179.042347165 2459179.541736932 207.83253599423915 22.39920719526708 3.0 14.0 1.0 928860663.1329541 958137672.4056022 928374739.883492 959786803.9858174
59179.04364346 2459179.5430332515 209.69920079223812 24.265871993266046 3.0 14.0 0.0 927944461.5845294 957121845.4212129 927321894.6594819 958658467.5792351
59179.044939755 2459179.5443295687 211.56586559023708 26.13253679126501 3.0 14.0 1.0 928928372.9276332 958196933.4864882 928417986.332264 959829227.2228869
59179.046236049995 2459179.545625884 213.43253038823605 27.999201589263976 3.0 14.0 0.0 928004847.6525702 957169083.9786178 927374290.1317005 958713902.4872684
59179.04753235 2459179.5469222027 215.29920239467174 29.865873595699668 3.0 14.0 1.0 928919883.1710991 958193781.8672533 928394385.0191343 959810636.0788074
59179.048828645 2459179.548218515 217.1658671926707 31.732538393698633 3.0 14.0 0.0 928050282.5181253 957224109.1784263 927422767.1191808 958761921.0504637
59179.05012494 2459179.5495148245 219.03253199066967 33.5992031916976 3.0 14.0 1.0 928897683.3505306 958174825.5827826 928394619.8631935 959808403.9338688
59179.05142124 2459179.550811138 220.89920399710536 35.46587519813329 3.0 14.0 0.0 928092409.0673525 957272451.7867248 927483359.3475696 958825602.4320133
59179.052717535 2459179.5521074445 222.76586879510432 37.332539996132255 3.0 14.0 1.0 928930062.490711 958207715.7779619 928405157.4561784 959821293.8675736
59179.05401383 2459179.5534037505 224.6325335931033 39.19920479413122 3.0 14.0 0.0 928113162.20748 957296103.3200284 927505699.9201484 958849323.484945
59179.055310125 2459179.554700054 226.49919839110225 41.065869592130184 3.0 14.0 1.0 929080598.9137911 958357484.333858 928845482.006911 960258850.7890834
59179.056606425 2459179.555996362 228.36587039753795 42.93254159856588 3.0 14.0 0.0 928118967.7358005 957299506.2924255 927489644.5128267 958833540.501627
59179.05790272 2459179.557292664 230.2325351955369 44.79920639656484 3.0 14.0 1.0 929006443.9309521 958282173.9531822 928500340.843765 959922384.9611793
59179.059199015 2459179.5585889653 232.09919999353588 46.665871194563806 3.0 14.0 0.0 928103191.7278605 957272134.6627735 927493105.690633 958843033.9195907
59179.06049531 2459179.559885266 233.96586479153484 48.53253599256277 3.0 14.0 1.0 929009724.4215977 958295081.0333015 928482802.7848114 959909844.0708152
59179.09426846 2459179.5936588855 282.59920079726726 1.865872802445665 3.0 15.0 0.0 926829371.7415397 955989984.3506124 926178443.0739121 957557925.6510353
59179.095564755 2459179.594955215 284.4658655952662 3.73253760044463 3.0 15.0 1.0 928403309.4805255 957656938.0940338 927891377.1295179 959295187.9715979
59179.096861055004 2459179.5962515497 286.3325376017019 5.599209606880322 3.0 15.0 0.0 927636418.9643326 956792798.8578264 927013307.0572145 958342343.4222479
59179.09815735 2459179.5975478785 288.1992023997009 7.465874404879287 3.0 15.0 1.0 928769348.6854978 958019505.2565671 928251419.9923226 959656213.0547326
59179.099453645 2459179.5988442074 290.06586719769984 9.332539202878252 3.0 15.0 0.0 927946860.5525578 957126577.7027433 927349920.4288559 958679007.1584809
59179.10074994 2459179.6001405357 291.9325319956988 11.199204000877216 3.0 15.0 1.0 928971356.8169689 958227836.7856262 928444240.7748533 959849571.9057658
59179.102046235 2459179.6014368627 293.7991967936978 13.065868798876181 3.0 15.0 0.0 928112120.1118362 957282919.0983944 927481749.4280167 958814871.2881646
59179.103342535 2459179.6027331944 295.66586880013347 14.932540805311874 3.0 15.0 1.0 929108771.8733671 958383198.4965483 928604293.1930361 960011164.7860501
59179.10463883 2459179.604029519 297.53253359813243 16.79920560331084 3.0 15.0 0.0 928312256.0496292 957529004.8437293 927702944.1984828 959132296.2249727
59179.105935125 2459179.605325843 299.3991983961314 18.665870401309803 3.0 15.0 1.0 929153513.9952374 958426105.8165746 928622487.3242537 960035862.2614882
59179.107231425 2459179.6066221707 301.2658703920897 20.532542397268116 3.0 15.0 0.0 928317777.9244757 957501638.3865451 927695548.2545636 959033304.4898611
59179.10852772 2459179.607918491 303.13253520056605 22.39920720574446 3.0 15.0 1.0 929176764.5610628 958445752.6998804 928660221.234853 960071416.9305449
59179.109824015 2459179.6092148097 304.999199998565 24.265872003743425 3.0 15.0 0.0 928420838.7125708 957588863.0109444 927788416.2624975 959129748.557614
59179.11112031 2459179.6105111274 306.865864796564 26.13253680174239 3.0 15.0 1.0 929295111.7706168 958573184.548012 928770202.0685117 960184709.0396931
59179.112416610005 2459179.611807448 308.7325368029997 27.999208808178082 3.0 15.0 0.0 928380940.1208235 957562469.2530724 927784365.2184099 959121042.7770978
59179.113712905004 2459179.613103761 310.59920160099864 29.865873606177047 3.0 15.0 1.0 929311856.9657035 958590612.5959148 928787382.1939529 960203846.4584017
59179.1150092 2459179.614400073 312.4658663989976 31.73253840417601 3.0 15.0 0.0 928506092.1428931 957674961.1030504 927926245.8780441 959262525.2096758
59179.116305495 2459179.615696383 314.33253119699657 33.59920320217498 3.0 15.0 1.0 929275416.4849315 958547956.0984904 928750737.5749186 960163464.320248
59179.117601795 2459179.6169926967 316.1992031929549 35.46587519813329 3.0 15.0 0.0 928460136.185245 957636919.0552437 927834822.8864338 959174504.419338
59179.118898090004 2459179.618289003 318.0658680014312 37.332540006609634 3.0 15.0 1.0 929366612.5115703 958642199.7130928 928909708.5808387 960328475.8865858
59179.120194385 2459179.6195853082 319.9325327994302 39.1992048046086 3.0 15.0 0.0 928473197.1617804 957668461.9526117 927892812.9234357 959239026.9246879
59179.121490685 2459179.620881617 321.7992047953885 41.06587680056691 3.0 15.0 1.0 929379508.109498 958650070.9257789 928870986.1784029 960287309.9385071
59179.12278698 2459179.6221779203 323.66586959338747 42.93254159856588 3.0 15.0 0.0 928429084.1149409 957613616.4780715 927818962.151089 959160956.4090164
59179.124083275 2459179.623474222 325.53253439138643 44.79920639656484 3.0 15.0 1.0 929397660.6903039 958665382.6166018 928881015.1071727 960303287.6553833
59179.12537957 2459179.624770523 327.3991991998628 46.665871205041185 3.0 15.0 0.0 928488826.4653927 957679826.3661656 927877433.1052673 959223303.916456
59179.126675865 2459179.6260668235 329.26586399786174 48.53253600304015 3.0 15.0 1.0 929436110.269591 958727947.2760417 928924419.7819707 960350043.5286179
59269.031274124995 2459269.53252416 1.8661391898058355 1.8661391898058355 4.0 16.0 0.0 919328442.2285404 948496519.2437122 918676018.554944 950053716.7070391
59269.03257042 2459269.5338204913 3.7328039982821792 3.7328039982821792 4.0 16.0 1.0 923601839.8490682 952860089.5760925 923092818.9654295 954480626.9769442
59269.033866715006 2459269.535116822 5.599468806758523 5.599468806758523 4.0 16.0 0.0 923618004.5534433 952804662.397859 922997269.1829629 954315733.6143746
59269.035163010005 2459269.536413152 7.466133604757488 7.466133604757488 4.0 16.0 1.0 926124930.5726984 955392674.1525621 925599569.5259707 956990538.5810645
59269.036459309995 2459269.5377094857 9.332805590238422 9.332805590238422 4.0 16.0 0.0 925591126.3655391 954752838.0585434 924971883.9726052 956289836.4617083
59269.03775560499 2459269.539005813 11.199470388237387 11.199470388237387 4.0 16.0 1.0 927450351.2700586 956713555.3878659 926912182.4339199 958299376.7977593
59269.0390519 2459269.54030214 13.06613519671373 13.06613519671373 4.0 16.0 0.0 926775079.5777713 955955024.2615423 926151745.0580752 957467801.467499
59269.040348195005 2459269.5415984653 14.932800005190074 14.932800005190074 4.0 16.0 1.0 928291920.4370279 957563152.6938486 927780536.5658233 959169681.2364267
59269.041644494995 2459269.542894794 16.79947199067101 16.79947199067101 4.0 16.0 0.0 927536963.5164913 956705677.5229228 926914937.5255454 958225229.445826
59269.04294079 2459269.544191116 18.666136799147353 18.666136799147353 4.0 16.0 1.0 928859770.3348274 958122564.5610446 928333007.8322225 959714308.2343524
59269.04423708501 2459269.545487437 20.532801607623696 20.532801607623696 4.0 16.0 0.0 928059806.2193958 957233930.4737159 927435098.3065544 958748175.5632155
59269.045533380006 2459269.5467837555 22.39946640562266 22.39946640562266 4.0 16.0 1.0 929209393.8886523 958473801.9697994 928709073.8740046 960089953.0560137
59269.046829679995 2459269.5480800774 24.266138391103595 24.266138391103595 4.0 16.0 0.0 928354097.7061844 957541403.6815972 927734986.4798918 959045525.9810154
59269.048125789996 2459269.549376208 26.13253679126501 26.13253679126501 4.0 16.0 1.0 929529641.4856992 958783455.6852273 929019921.7596824 960394389.1697804
59269.049422085 2459269.5506725213 27.999201599741355 27.999201599741355 4.0 16.0 0.0 928713402.4449778 957878116.1796421 928125999.5515821 959423406.1508393
59269.050718385 2459269.551968838 29.865873595699668 29.865873595699668 4.0 16.0 1.0 929719892.1011555 958972110.9865695 929199886.3805941 960572627.7730684
59269.05201468 2459269.5532651492 31.732538393698633 31.732538393698633 4.0 16.0 0.0 928878932.7942054 958055598.0727537 928261145.8244328 959562339.5109681
59269.053310974996 2459269.5545614576 33.5992031916976 33.5992031916976 4.0 16.0 1.0 929776138.0328014 959034778.1047566 929268272.941191 960639996.1505876
59269.054607269994 2459269.555857765 35.46586798969656 35.46586798969656 4.0 16.0 0.0 929014191.0967906 958171667.4598064 928387981.4518044 959678465.3764057
59269.055903565 2459269.557154072 37.332532798172906 37.332532798172906 4.0 16.0 1.0 929960319.1820226 959222562.8691828 929451997.1087252 960815760.4995586
59269.057199865 2459269.558450382 39.19920479413122 39.19920479413122 4.0 16.0 0.0 929106522.1545175 958276008.8106326 928482598.4919127 959775039.4615706
59269.058496159996 2459269.559746687 41.065869592130184 41.065869592130184 4.0 16.0 1.0 929970848.7684199 959216585.0588937 929440587.3619807 960803478.4960942
59269.059792455 2459269.5610429905 42.93253440060653 42.93253440060653 4.0 16.0 0.0 929205803.8375514 958368337.8678014 928572730.0391169 959868580.2662361
59269.061088755 2459269.562339299 44.79920639656484 44.79920639656484 4.0 16.0 1.0 930107712.0933521 959355089.1265583 929573382.9628952 960943198.7929258
59269.06238505 2459269.5636356026 46.665871194563806 46.665871194563806 4.0 16.0 0.0 929269420.9068166 958432434.7058176 928629783.2369015 959928110.7992724
59269.063681345 2459269.5649319054 48.53253599256277 48.53253599256277 4.0 16.0 1.0 930100041.5140406 959352756.5169601 929575628.1992509 960945903.1901098
59269.097373565004 2459269.5986247375 97.04933280358091 1.8658656044863164 4.0 17.0 0.0 927314959.0586727 956504802.6063478 926670557.8252416 958050735.8072274
59269.098669865 2459269.5999210733 98.91600479953922 3.73253760044463 4.0 17.0 1.0 928838454.7485161 958053198.4365788 928333420.9823408 959635987.1546354
59269.09996616 2459269.6012174035 100.78266959753819 5.599202398443595 4.0 17.0 0.0 928285636.315362 957468806.0588195 927670958.1977302 958998658.0240285
59269.101262455 2459269.6025137333 102.64933439553715 7.465867196442559 4.0 17.0 1.0 929341683.3578794 958616274.7242951 928811174.4756196 960205012.7791864
59269.102558754996 2459269.6038100673 104.51600639149547 9.332539192400873 4.0 17.0 0.0 928551086.256353 957720784.8308895 927923412.3794625 959245305.1687052
59269.103855049994 2459269.605106395 106.38267118949443 11.199203990399837 4.0 17.0 1.0 929582524.6014509 958849866.1838282 929073612.9034133 960457907.4501873
59269.105151345 2459269.6064027217 108.24933599797077 13.065868798876181 4.0 17.0 0.0 928811161.4844737 957992136.6560009 928208681.4410095 959523135.9078251
59269.10644764 2459269.607699047 110.11600079596974 14.932533596875146 4.0 17.0 1.0 929786026.2730157 959050740.941973 929264988.0741746 960652547.8890269
59269.107743935 2459269.6089953706 111.9826655939687 16.79919839487411 4.0 17.0 0.0 928967204.3293147 958158591.517069 928334423.3921642 959649501.1176659
59269.109040235 2459269.610291698 113.8493376004044 18.665870401309803 4.0 17.0 1.0 929817839.0572997 959084026.1825234 929305127.998006 960690001.916143
59269.11033653 2459269.611588018 115.71600239840336 20.532535199308768 4.0 17.0 0.0 929043051.7425567 958223356.5343083 928411271.8922844 959719802.9414861
59269.111632825 2459269.612884337 117.58266719640233 22.399199997307733 4.0 17.0 1.0 929918097.0640162 959182075.8255274 929422293.2539638 960807256.4635582
59269.112929124996 2459269.614180659 119.44933919236064 24.265871993266046 4.0 17.0 0.0 929053903.9469368 958228802.3605976 928439148.6102035 959745223.4765184
59269.114225419995 2459269.6154769748 121.3160039903596 26.13253679126501 4.0 17.0 1.0 929991363.3803194 959250469.935746 929521294.6171658 960901835.3806064
59269.115521715 2459269.616773288 123.18266879883595 27.999201599741355 4.0 17.0 0.0 929070314.4391918 958242315.3431411 928443983.4468031 959748111.2331666
59269.11681801 2459269.6180696 125.04933359683491 29.86586639774032 4.0 17.0 1.0 930020559.9191169 959289145.71979 929486855.7747939 960859949.2489971
59269.11811431 2459269.619365915 126.91600559279323 31.732538393698633 4.0 17.0 0.0 929202319.7927209 958384747.8221895 928666952.4072262 959962982.8839003
59269.119410605 2459269.6206622245 128.78267040126957 33.59920320217498 4.0 17.0 1.0 929931587.2819041 959183603.5870392 929424003.6403718 960793474.4330794
59269.1207069 2459269.6219585324 130.64933519926853 35.46586800017394 4.0 17.0 0.0 929103987.2222147 958283930.180047 928480736.9724447 959781838.7548119
59269.122003195 2459269.6232548384 132.5159999972675 37.332532798172906 4.0 17.0 1.0 929971530.8913286 959219220.588565 929449212.4417648 960818386.4617099
59269.123299495 2459269.624551149 134.3826719932258 39.19920479413122 4.0 17.0 0.0 929185848.4438035 958343781.9863069 928551866.8201425 959851957.4761416
59269.124595789996 2459269.6258474537 136.24933679122478 41.065869592130184 4.0 17.0 1.0 929874555.5971906 959132142.4425087 929360278.5554025 960731260.5734055
59269.125892085 2459269.627143758 138.11600159970112 42.93253440060653 4.0 17.0 0.0 929145335.9039167 958313811.9205884 928522294.5384824 959820262.7315421
59269.127188385 2459269.6284400662 139.98267359565943 44.79920639656484 4.0 17.0 1.0 929951584.4900992 959202893.2268795 929428273.5760541 960800044.4594619
59269.12848468 2459269.6297363695 141.8493383936584 46.665871194563806 4.0 17.0 0.0 929146706.6697576 958319945.1039596 928529724.0533721 959824801.4231851
59269.129780974996 2459269.6310326727 143.71600319165736 48.53253599256277 4.0 17.0 1.0 929906993.4689865 959157745.5170634 929384763.8846036 960757285.1964334
59269.163473010005 2459269.664725318 192.23253360483795 1.8658656044863164 4.0 18.0 0.0 926664919.4722083 955858049.2782137 926107232.6901749 957508730.22877
59269.164769309995 2459269.666021654 194.0992055903189 3.732537589967251 4.0 18.0 1.0 928024912.5854459 957210699.9526178 927595148.9389949 958810151.2331445
59269.16606560499 2459269.667317984 195.96587038831785 5.599202387966216 4.0 18.0 0.0 927388262.9262302 956556609.7190195 926765546.4387811 958086819.9093195
59269.1673619 2459269.668614314 197.8325351967942 7.465867196442559 4.0 18.0 1.0 928515831.3074698 957757189.0903922 928014865.9881802 959324473.6871626
59269.168658195005 2459269.669910643 199.69920000527054 9.332532004918903 4.0 18.0 0.0 927811925.981528 957012887.5494821 927238122.6377897 958561187.9104607
59269.169954494995 2459269.6712069754 201.56587199075148 11.199203990399837 4.0 18.0 1.0 928689565.7098708 957912757.3356602 928161574.0826759 959458368.3576332
59269.17125079 2459269.672503302 203.43253679922782 13.065868798876181 4.0 18.0 0.0 927963670.7246968 957127669.9226394 927352441.1177361 958668401.8485463
59269.17254708501 2459269.6737996275 205.29920160770416 14.932533607352525 4.0 18.0 1.0 928808033.142467 958053893.8590212 928294579.6433301 959677795.2078097
59269.173843380006 2459269.6750959507 207.16586640570313 16.79919840535149 4.0 18.0 0.0 928060088.2748921 957227308.7594037 927471683.5108728 958783285.141363
59269.175139679995 2459269.676392278 209.03253839118406 18.665870390832424 4.0 18.0 1.0 928888624.1318178 958116059.3654045 928378752.4903281 959673669.982657
59269.176435974994 2459269.677688598 210.89920318918303 20.53253518883139 4.0 18.0 0.0 928162668.8040575 957354574.1466196 927568435.137835 958886075.0348314
59269.17773227 2459269.6789849172 212.76586799765937 22.399199997307733 4.0 18.0 1.0 928992828.5885595 958198837.3091056 928484772.5510933 959777767.1269773
59269.17902857 2459269.6802812396 214.63253999361768 24.265871993266046 4.0 18.0 0.0 928189727.561934 957354648.1922512 927554406.0632068 958865703.2985778
59269.180324864996 2459269.681577555 216.49920479161665 26.13253679126501 4.0 18.0 1.0 929143363.9985785 958444756.5198278 928616569.7169231 960086592.5919731
59269.181621159994 2459269.6828738684 218.3658695896156 27.999201589263976 4.0 18.0 0.0 928239051.3466699 957400068.3964126 927614896.6138983 958921177.607181
59269.18291745499 2459269.6841701805 220.23253438761458 29.86586638726294 4.0 18.0 1.0 929172433.6486938 958474915.1435604 928645838.606148 960107068.0119147
59269.18421375 2459269.685466491 222.09919919609092 31.732531195739284 4.0 18.0 0.0 928257006.7895093 957425329.9632096 927629279.9251237 958932508.9312011
59269.185510049996 2459269.686762805 223.96587119204924 33.5992031916976 4.0 18.0 1.0 928991482.3919978 958162898.3162639 928488627.1426406 959678546.0319355
59269.186806344995 2459269.6880591125 225.8325359900482 35.46586798969656 4.0 18.0 0.0 928342831.1025304 957510043.0027809 927709312.1386601 959013556.3420231
59269.18810264 2459269.6893554195 227.69920079852454 37.332532798172906 4.0 18.0 1.0 929527234.8163886 958768392.7523825 929013552.8037679 960381404.4900539
59269.18939894 2459269.6906517297 229.56587279448286 39.19920479413122 4.0 18.0 0.0 928819544.7662499 957982046.5381248 928219534.7538116 959518955.485925
59269.190695235 2459269.6919480343 231.43253759248182 41.065869592130184 4.0 18.0 1.0 929639266.0246472 958889149.876616 929102354.6753712 960473273.2654264
59269.191991529995 2459269.6932443385 233.2992023904808 42.93253439012915 4.0 18.0 0.0 928821266.593482 957986297.6057687 928200978.0095863 959501071.840051
59269.19328782499 2459269.694540642 235.16586718847975 44.799199188128114 4.0 18.0 1.0 929629645.3360183 958874336.6181211 929373296.9845431 960741061.0359299
59269.194584125 2459269.6958369506 237.03253919491544 46.665871194563806 4.0 18.0 0.0 928854941.9090154 958031198.6535645 928245468.150059 959551572.1813121
59269.19588042 2459269.697133254 238.8992039929144 48.53253599256277 4.0 18.0 1.0 929645410.4227228 958898771.6325185 929124601.3479452 960493618.28231
59269.229584125 2459269.7308375677 287.4325391999446 1.865872802445665 4.0 19.0 0.0 927024370.9950438 956206854.4535718 926387291.3641187 957759872.7706392
59269.23088042 2459269.732133899 289.29920399794355 3.73253760044463 4.0 19.0 1.0 928506544.4423144 957738102.8358843 927987763.627415 959292733.4355662
59269.232176715 2459269.7334302287 291.1658687959425 5.599202398443595 4.0 19.0 0.0 927815208.8228574 957001504.3702507 927226350.590519 958549481.0081306
59269.23347301 2459269.7347265584 293.0325335939415 7.465867196442559 4.0 19.0 1.0 928883530.1605928 958112199.8188784 928364108.990068 959666129.764636
59269.23476931 2459269.736022892 294.8992056003772 9.332539202878252 4.0 19.0 0.0 928160806.4499404 957332281.3013998 927556009.0627356 958876622.5648322
59269.236065605 2459269.73731922 296.76587039837614 11.199204000877216 4.0 19.0 1.0 929083206.6683013 958347134.3147334 928571125.4486822 959967820.0775625
59269.2373619 2459269.7386155464 298.6325351963751 13.065868798876181 4.0 19.0 0.0 928298125.3254801 957476358.4669101 927693567.3791771 959014947.2782664
59269.238658195 2459269.7399118715 300.49919999437407 14.932533596875146 4.0 19.0 1.0 929132881.7185661 958317554.240874 928631024.0522323 959836778.9790512
59269.239954495 2459269.7412082 302.36587200080976 16.79920560331084 4.0 19.0 0.0 928405137.5541697 957581718.3886108 927818943.128386 959132086.1918731
59269.24125079 2459269.742504522 304.2325367988087 18.665870401309803 4.0 19.0 1.0 929267317.9258065 958496011.7979863 928745052.6976068 960040659.770765
59269.242547085 2459269.7438008427 306.0992015968077 20.532535199308768 4.0 19.0 0.0 928531424.061907 957696025.6140308 927895132.1372666 959208134.534431
59269.24384338 2459269.7450971613 307.96586639480665 22.399199997307733 4.0 19.0 1.0 929274900.3419583 958494228.1110373 928771695.8602579 960062624.2654965
59269.24513968 2459269.7463934836 309.83253840124235 24.265872003743425 4.0 19.0 0.0 928608865.3311877 957778227.1946357 928035589.0250168 959346510.6424146
59269.246435975 2459269.747689799 311.6992031992413 26.13253680174239 4.0 19.0 1.0 929413859.0479403 958676979.7018375 928895638.1233726 960276210.3061266
59269.24773227 2459269.748986113 313.5658679972403 27.999201599741355 4.0 19.0 0.0 928566029.2986715 957731733.3871613 927942476.1908615 959243750.135379
59269.249028570004 2459269.7502824296 315.43254000367597 29.865873606177047 4.0 19.0 1.0 929361386.917094 958580854.6737287 928837426.5016819 960122421.9238245
59269.250324865 2459269.7515787403 317.29920480167493 31.73253840417601 4.0 19.0 0.0 928588109.8927231 957757414.1709414 928003169.840853 959310407.8361177
59269.25162116 2459269.7528750496 319.1658695996739 33.59920320217498 4.0 19.0 1.0 929380721.9471886 958599374.8305697 928880794.5806385 960165316.022063
59269.252917455 2459269.754171357 321.03253439767286 35.46586800017394 4.0 19.0 0.0 928576648.2467384 957732123.4219661 927943918.7200398 959244848.5393412
59269.25421375 2459269.7554676635 322.8991991956718 37.332532798172906 4.0 19.0 1.0 929336322.1378253 958543900.4714054 928800317.8512213 960082652.3900533
59269.25551005 2459269.756763974 324.7658712021075 39.1992048046086 4.0 19.0 0.0 928605040.5432979 957759477.3881525 927973002.9280078 959270594.2509415
59269.256806345 2459269.7580602793 326.6325360001065 41.06586960260756 4.0 19.0 1.0 929404332.8964937 958607020.2616086 928886852.5727484 960170101.8356004
59269.25810264 2459269.759356583 328.49920079810545 42.93253440060653 4.0 19.0 0.0 928610517.1355127 957764170.5431026 927990743.075561 959288951.0272815
59269.259398940005 2459269.760652892 330.36587280454114 44.79920640704222 4.0 19.0 1.0 929308000.0706712 958511386.9549679 928788734.1555915 960072053.9315584
59269.260695235 2459269.761949195 332.2325376025401 46.665871205041185 4.0 19.0 0.0 928603814.021591 957762552.7200031 927992956.7607331 959291791.3434699
59269.26199153 2459269.7632454988 334.09920240053907 48.53253600304015 4.0 19.0 1.0 929369334.4209518 958579073.2933598 928856040.0749714 960137044.6286777
