0 2458474.52843 15 0.0 0.0
1 2458453.33681 27 0.0 7.04573979287
2 2458474.33596 34 0.0 0.404389680997
3 2458453.40097 6 0.0 7.63831526
4 2458474.38364 15 0.0 -2.19309934133
5 2458453.22009 10 0.0 7.81484898843
6 2458453.285 11 0.0 8.825371984
7 2458474.40218 27 0.0 0.557884282068
8 2458474.53874 35 0.0 0.601837389915
9 2458453.46514 28 0.0 8.19885595678
10 2458474.44985 5 0.0 -2.11792804985
11 2458453.39685 5 0.0 5.55089682935
12 2458453.33269 27 0.0 5.92753754062
13 2458453.2036 10 0.0 4.51497257471
14 2458453.47957 7 0.0 9.69209534143
15 2458453.41333 15 0.0 9.64746896181
16 2458474.53461 36 0.0 0.0128088342391
17 2458474.39806 30 0.0 0.0692939631164
18 2458474.58846 34 0.0 -2.57548356366
19 2458474.27888 9 0.0 3.01315025411
20 2458453.20154 29 0.0 3.94961609922
21 2458474.60701 16 0.0 1.28114473561
22 2458474.32772 32 0.0 -0.692067916777
23 2458474.52637 32 0.0 -1.6085283515
24 2458474.58434 34 0.0 -2.36307635723
25 2458453.26233 37 0.0 4.5101118331
26 2458453.4569 33 0.0 5.37663685577
27 2458453.2747 31 0.0 6.53776741845
28 2458474.31536 32 0.0 -1.93824419227
29 2458453.52932 10 0.0 6.11460659591
30 2458474.60082 36 0.0 0.701100671334
31 2458453.32857 29 0.0 4.03036868486
32 2458474.51813 30 0.0 -2.55947996604
33 2458474.45809 10 0.0 -1.27084331904
34 2458474.26446 32 0.0 -0.0235595253613
35 2458453.21802 30 0.0 7.2486242821
36 2458474.33802 21 0.0 1.29036290595
37 2458453.40303 32 0.0 7.85650704188
38 2458474.46633 18 0.0 0.0001
39 2458453.28294 44 0.0 7.48083346723
40 2458474.27476 6 0.0 2.48834479126
41 2458474.40424 10 0.0 1.49769427221
42 2458474.5408 22 0.0 1.57748517615
43 2458474.38982 30 0.0 -2.29461391817
44 2458474.2624 13 0.0 -0.600744168774
45 2458453.39479 23 0.0 5.62125572262
46 2458474.34214 7 0.0 2.75367748103
47 2458453.33063 25 0.0 4.01915156547
48 2458474.5864 7 0.0 -2.04261863388
49 2458453.53344 6 0.0 6.69896292082
50 2458453.54992 11 0.0 8.23785742976
51 2458474.32566 8 0.0 -0.699976757607
52 2458474.396 5 0.0 -0.163711139327
53 2458474.47457 22 0.0 2.7732164494
54 2458453.19948 6 0.0 3.61531931379
55 2458474.44779 29 0.0 -2.43409967023
56 2458474.27682 28 0.0 1.37337073694
57 2458453.28088 11 0.0 8.83652905748
58 2458453.46308 16 0.0 6.38799871113
59 2458474.58228 9 0.0 -3.11943293791
60 2458474.27064 15 0.0 1.64799375905
61 2458474.38158 32 0.0 -1.84297088775
62 2458453.41127 30 0.0 8.943383969
63 2458474.46427 41 0.0 -0.491302207424
64 2458474.52431 11 0.0 -0.671418882119
65 2458453.53138 26 0.0 6.72427776213
66 2458474.59876 13 0.0 0.645749423845
67 2458474.39394 31 0.0 -1.1479160234
68 2458453.53756 7 0.0 7.16957611189
69 2458453.45896 9 0.0 6.08870985107
70 2458453.27676 17 0.0 7.228569085
71 2458474.31742 6 0.0 -1.72578191417
72 2458453.21184 12 0.0 5.88722376694
73 2458453.39273 8 0.0 5.12932589081
74 2458474.52019 18 0.0 -2.20615616193
75 2458474.46015 30 0.0 -1.35281353438
76 2458474.2727 28 0.0 1.09170268174
77 2458474.47045 10 0.0 2.12133219389
78 2458474.53049 30 0.0 -1.05748500028
79 2458474.3339 17 0.0 1.13415074416
80 2458453.33887 10 0.0 7.75245161628
81 2458474.3857 26 0.0 -2.37777343778
82 2458453.26852 13 0.0 6.09693929046
83 2458474.32154 12 0.0 -1.54170343587
84 2458453.41539 41 0.0 10.1593861188
85 2458474.59258 28 0.0 -1.34333198224
86 2458453.5355 27 0.0 5.96673769488
87 2458474.45191 32 0.0 -1.60750520024
88 2458453.33475 13 0.0 5.91384160891
89 2458474.34008 40 0.0 1.06909859762
90 2458453.48163 30 0.0 8.93663683416
91 2458474.25828 9 0.0 -0.423322769484
92 2458453.40715 27 0.0 8.34327700248
93 2458474.32978 8 0.0 -0.134056782229
94 2458474.46221 8 0.0 0.421404771201
95 2458453.26027 6 0.0 3.97821790477
96 2458474.58022 32 0.0 -2.46732065442
97 2458453.2139 35 0.0 6.70901626622
98 2458474.40836 30 0.0 1.8397375297
99 2458453.46102 35 0.0 4.92986744416
100 2458453.27882 32 0.0 6.68104284061
101 2458453.19742 32 0.0 2.38365771317
102 2458474.47251 40 0.0 1.04063751772
103 2458474.60289 14 0.0 1.25143936611
104 2458453.32651 10 0.0 4.26924696932
105 2458453.39067 29 0.0 4.41883807031
106 2458474.45603 27 0.0 -2.60766891878
107 2458474.51607 6 0.0 -1.93206673999
108 2458453.2644 7 0.0 4.56311613272
109 2458474.26652 12 0.0 0.514655432021
110 2458453.20978 28 0.0 6.06927059314
111 2458474.39188 12 0.0 -0.627841918325
112 2458453.54374 34 0.0 8.85982506492
113 2458474.25622 35 0.0 -2.98490030197
114 2458453.52519 10 0.0 5.92090389063
115 2458474.5967 32 0.0 -0.7318484062
116 2458474.46839 31 0.0 0.433444300804
117 2458474.4063 33 0.0 0.780752104064
118 2458474.38776 7 0.0 -2.00848800945
119 2458453.52313 43 0.0 4.8794501819
120 2458453.40509 7 0.0 7.88432671105
121 2458474.59052 7 0.0 -0.424722791703
122 2458453.27058 31 0.0 4.83452814959
123 2458474.3236 32 0.0 -2.77563826029
124 2458453.41745 6 0.0 10.6382127195
125 2458474.40012 22 0.0 0.743970896742
126 2458474.53667 20 0.0 0.558067649989
127 2458453.20566 32 0.0 4.41374991409
128 2458474.26034 30 0.0 0.180207592605
129 2458474.45397 5 0.0 -1.89000643358
130 2458474.51401 33 0.0 -2.35675327112
131 2458453.39891 34 0.0 7.3027549858
132 2458453.25821 34 0.0 3.32720081497
133 2458453.21596 18 0.0 7.07463645926
134 2458453.40921 9 0.0 9.71082414202
135 2458474.33184 28 0.0 -0.259156897698
136 2458474.52225 32 0.0 -1.83394859694
137 2458474.60495 31 0.0 0.698513301261
138 2458453.26646 26 0.0 5.25871746871
139 2458474.26858 45 0.0 6.23383112359e-06
140 2458453.48369 10 0.0 9.60119482329
141 2458453.20772 9 0.0 6.31741974952
142 2458453.32445 33 0.0 3.47085374151
143 2458453.52725 27 0.0 4.85955668651
144 2458474.59464 9 0.0 -0.563865672716
145 2458474.53255 13 0.0 0.108009808884
146 2458474.31948 26 0.0 -2.1169204469
147 2458453.27264 12 0.0 6.62348917764
