-0.0876772498188 610445560.63 684689422.392 610212293.684 726579562.503 2458474.52843 1 10 1
-0.44862722455 603319003.402 688234926.004 603056738.339 727335980.008 2458453.33681 0 2 0
-0.100038091365 595353211.621 668055448.662 595092352.428 715989236.486 2458474.33596 1 7 0
-0.444506740988 618150083.496 696871448.25 617804724.361 731959834.472 2458453.40097 0 3 1
-0.0969761435732 610075379.105 687477202.661 609772139.145 729272089.487 2458474.38364 1 8 1
-0.456123359071 620570743.757 700182043.454 620262337.012 735032592.518 2458453.22009 0 0 1
-0.451954548467 620224724.317 699963350.875 619958063.89 734639025.655 2458453.285 0 1 1
-0.0957852490426 595022464.254 670105978.495 594750147.603 719270184.373 2458474.40218 1 8 0
-0.0870156525553 595672728.981 671102045.151 595356562.174 719957593.392 2458474.53874 1 10 0
-0.440385508866 601928559.729 683108626.494 601707278.276 722393767.302 2458453.46514 0 4 0
-0.0927240382665 610044266.666 687673973.78 609791192.363 729254977.7 2458474.44985 1 9 1
-0.444771383506 617951848.782 697996532.075 617643994.373 733720893.833 2458453.39685 0 3 1
-0.448891866051 602022025.033 686194334.443 601784920.356 725710125.206 2458453.33269 0 2 0
-0.457181905638 617890134.385 696968088.642 617611079.845 732115927.522 2458453.2036 0 0 1
-0.439459272733 618942474.761 698425415.257 618598450.083 733975448.113 2458453.47957 0 4 1
-0.443712826233 618929253.049 701789814.723 618632657.13 737468500.752 2458453.41333 0 3 1
-0.0872802897501 595157666.168 669865748.935 594840176.865 719203023.561 2458474.53461 1 10 0
-0.0960498882709 594835470.811 667104112.225 594549905.02 715364177.091 2458474.39806 1 8 0
-0.0838221094552 594531212.32 668784574.167 594234956.378 719096789.568 2458474.58846 1 11 0
-0.103703690581 611864640.037 686145991.366 611581992.366 726454665.14 2458474.27888 1 6 1
-0.457314226328 601250152.757 686278611.025 601034935.418 724502036.26 2458453.20154 0 0 0
-0.0826312294287 611800190.56 689836492.258 611527698.347 731078060.947 2458474.60701 1 11 1
-0.100567372184 595175615.268 669965291.579 594860906.337 719371965.938 2458474.32772 1 7 0
-0.0878095708983 594327091.603 668691278.038 593988738.399 718923160.935 2458474.52637 1 10 0
-0.0840867553824 594446663.979 668251501.582 594096659.924 718454337.937 2458474.58434 1 11 0
-0.45341006183 602576816.764 683736825.099 602369392.39 723144026.14 2458453.26233 0 1 0
-0.440914796832 601425003.76 683692094.324 601182910.357 725049984.446 2458453.4569 0 4 0
-0.452616137686 603731554.374 688366145.354 603522126.085 726815092.15 2458453.2747 0 1 0
-0.101361309338 593739814.812 666521867.548 593296227.609 717484599.372 2458474.31536 1 7 0
-0.436264276983 618624715.011 698229733.064 618301790.574 733420230.691 2458453.52932 0 5 1
-0.0830281846527 595071434.948 667465504.959 594774718.731 716463244.548 2458474.60082 1 11 0
-0.449156509437 602389273.44 686292006.925 602174868.369 725865128.346 2458453.32857 0 2 0
-0.0883388608088 594024592.579 667843353.329 593670317.157 718116109.125 2458474.51813 1 10 0
-0.0921947465318 609503337.453 682456050.901 609212299.991 723226797.306 2458474.45809 1 9 1
-0.104629921899 594041531.865 669630383.644 593799166.616 717472765.526 2458474.26446 1 6 0
-0.456255675934 604530676.515 690025412.019 604357002.59 727908104.924 2458453.21802 0 0 0
-0.0999057725884 612153748.834 689892894.645 611915888.479 732368493.616 2458474.33802 1 7 1
-0.444374420476 602659331.854 684117136.175 602422205.923 722476920.618 2458453.40303 0 3 0
-0.09166546335 610541618.094 688102824.733 610264693.091 730633571.204 2458474.46633 1 9 1
-0.452086865449 604498049.675 689728580.26 604386748.089 728824225.165 2458453.28294 0 1 0
-0.103968326161 611189534.275 684834454.528 610891777.957 725241816.25 2458474.27476 1 6 1
-0.0956529302657 610594877.492 684656894.341 610324442.532 725458456.987 2458474.40424 1 8 1
-0.0868833345261 612264811.943 690278267.952 612028092.831 731088125.588 2458474.5408 1 10 1
-0.0965791741442 594697763.156 668951473.911 594372875.482 718341187.071 2458474.38982 1 8 0
-0.104762242739 609635380.706 683121155.586 609367385.894 724504329.55 2458474.2624 1 6 1
-0.444903705393 602609300.188 686472078.821 602424382.43 726545819.386 2458453.39479 0 3 0
-0.099641136201 611749659.239 685743770.128 611482713.463 726364336.024 2458474.34214 1 7 1
-0.44902418755 618621198.673 701486494.214 618318168.153 737868066.327 2458453.33063 0 2 1
-0.0839544322095 610418381.676 683679082.464 610110725.492 724637528.061 2458474.5864 1 11 1
-0.435999634465 618825402.321 697932485.359 618497858.845 733007371.01 2458453.53344 0 5 1
-0.434941085208 619066661.783 697975078.882 618741538.919 732977915.652 2458453.54992 0 5 1
-0.100699693862 610344978.601 684304045.851 610135056.473 725798366.539 2458474.32566 1 7 1
-0.0961822087524 610439180.902 683789181.055 610149255.998 724679494.401 2458474.396 1 8 1
-0.0911361888408 611596928.792 689338833.924 611326236.434 730291569.821 2458474.47457 1 9 1
-0.457446547498 615983960.522 694851041.186 615666710.235 730697938.758 2458453.19948 0 0 1
-0.0928563619777 593491540.201 665699979.559 593017875.461 718090570.306 2458474.44779 1 9 0
-0.103836008281 595673266.679 671927884.431 595366482.44 719631604.211 2458474.27682 1 6 0
-0.452219182821 619898424.544 698865898.372 619563667.787 734068885.992 2458453.28088 0 1 1
-0.440517830364 617990669.613 696922991.053 617688587.503 732105717.979 2458453.46308 0 4 1
-0.0842190789142 610038502.39 683291151.103 609776839.286 724127759.608 2458474.58228 1 11 1
-0.104232962937 611127933.747 688652125.896 610860976.606 729907148.707 2458474.27064 1 6 1
-0.0971084673143 593323013.673 665562904.292 592860272.035 717384512.328 2458474.38158 1 8 0
-0.443845144053 603316603.91 687856229.756 603114886.971 726685877.355 2458453.41127 0 3 0
-0.0917977832632 594087650.698 668853571.857 593989950.356 715924213.728 2458474.46427 1 9 0
-0.0879418926059 609502387.491 682771117.745 609208628.069 724166115.687 2458474.52431 1 10 1
-0.436131955515 603250501.781 686381606.18 603074545.583 725599562.0 2458453.53138 0 5 0
-0.0831605039977 611108234.059 685002208.555 610894383.817 727360770.492 2458474.59876 1 11 1
-0.0963145298618 593973925.428 664324371.682 593692475.209 711854779.572 2458474.39394 1 8 0
-0.435734993981 619197577.427 698345410.864 618946436.109 733714208.163 2458453.53756 0 5 1
-0.440782474437 618044905.81 698201840.008 617732502.305 733901561.828 2458453.45896 0 4 1
-0.452483818849 620370507.849 703723747.221 620047782.871 739942484.635 2458453.27676 0 1 1
-0.101228985597 610252234.954 683960636.619 609975783.919 725298573.296 2458474.31742 1 7 1
-0.456652628497 619151301.369 698269291.608 618923030.867 733780195.228 2458453.21184 0 0 1
-0.445036027549 617479025.665 696653267.975 617148653.537 733058932.448 2458453.39273 0 3 1
-0.0882065376059 610462897.256 687790555.044 610200630.608 730218532.273 2458474.52019 1 10 1
-0.0920624248541 594469180.078 668676739.117 594130404.283 718532463.07 2458474.46015 1 9 0
-0.104100644369 595579792.534 671578245.84 595304062.074 719303941.017 2458474.2727 1 6 0
-0.0914008252281 610316294.631 683914434.737 610080148.603 725037126.36 2458474.47045 1 9 1
-0.0875449293074 594696862.478 670931478.457 594492803.789 721029271.008 2458474.53049 1 10 0
-0.10017041071 611068819.21 685196677.5 610803494.723 726198973.046 2458474.3339 1 7 1
-0.448494904607 618624819.026 697786926.359 618306316.183 733683950.662 2458453.33887 0 2 1
-0.0968438200713 594037887.083 665791889.157 593677291.173 714182221.294 2458474.3857 1 8 0
-0.453013097485 619195570.988 699607701.041 618899290.502 734720906.168 2458453.26852 0 1 1
-0.100964338892 611104004.596 686269631.866 610853335.321 727309500.822 2458474.32154 1 7 1
-0.443580508892 603322761.213 687943686.009 603084158.395 727099027.631 2458453.41539 0 3 0
-0.0835574655018 594615243.029 668571438.314 594275180.647 718002201.55 2458474.59258 1 11 0
-0.435867313954 604271729.545 689279927.027 604048181.357 728241000.532 2458453.5355 0 5 0
-0.0925917147347 593793653.044 665162619.783 593462558.398 713733900.052 2458474.45191 1 9 0
-0.448759545062 618470494.079 698077920.459 618224939.506 734566366.225 2458453.33475 0 2 1
-0.0997734542003 595967970.111 671445087.669 595696043.487 719846340.803 2458474.34008 1 7 0
-0.439326955362 603894491.868 688509817.66 603630722.404 727218251.519 2458453.48163 0 4 0
-0.105026886184 607128145.062 680736971.216 606888710.984 722117286.421 2458474.25828 1 6 1
-0.444109781128 603330846.245 685602663.57 603101613.937 724122879.9 2458453.40715 0 3 0
-0.100435051075 611310141.934 685937140.685 611013164.564 727381030.979 2458474.32978 1 7 1
-0.0919301037447 609827774.904 683389250.311 609549365.115 724782711.11 2458474.46221 1 9 1
-0.453542384316 618162035.84 696766491.202 617795857.311 732130282.559 2458453.26027 0 1 1
-0.0843514026553 593657502.681 665502598.176 593209847.233 718217248.747 2458474.58022 1 11 0
-0.456520310527 604159064.046 686443854.783 603957891.753 724515707.145 2458453.2139 0 0 0
-0.0953882938784 611406174.484 689149846.579 611259517.574 730916458.742 2458474.40836 1 8 1
-0.440650152251 602579088.973 686495951.174 602309642.094 726099533.353 2458453.46102 0 4 0
-0.452351500611 604410292.716 689296817.675 604164108.606 727288189.706 2458453.27882 0 1 0
-0.457578869116 597527794.141 681669409.472 597284016.053 720718359.916 2458453.19742 0 0 0
-0.0912685068401 595343373.53 670829898.597 595106403.58 720312076.178 2458474.47251 1 9 0
-0.0828958658459 611294211.221 688829458.589 611113221.558 730600999.607 2458474.60289 1 11 1
-0.449288831593 617714616.787 697794922.065 617390009.34 733475761.595 2458453.32651 0 2 1
-0.445168349944 601170807.035 683266844.923 600870225.346 724654070.621 2458453.39067 0 3 0
-0.0923270688075 594505783.613 668671178.75 594135478.358 718098226.924 2458474.45603 1 9 0
-0.0884711842807 609600860.48 683202043.911 609311695.176 725607089.586 2458474.51607 1 10 1
-0.453277739973 618473094.794 697331408.168 618126419.97 733161408.717 2458453.2644 0 1 1
-0.104497601687 610688763.542 684359428.25 610436762.983 725397234.492 2458474.26652 1 6 1
-0.456784946915 603564949.118 688968107.707 603386707.463 727196658.901 2458453.20978 0 0 0
-0.0964468515395 610038722.746 685201352.189 609726628.262 726181356.044 2458474.39188 1 8 1
-0.435338037441 604121624.998 686332453.378 603864985.81 725056698.096 2458453.54374 0 5 0
-0.105159208729 591137505.02 665027128.062 590754654.462 716207995.605 2458474.25622 1 6 0
-0.436528921086 618624089.381 698039482.423 618275073.441 733494466.336 2458453.52519 0 5 1
-0.0832928238811 594905405.834 669199236.035 594672311.064 718710335.165 2458474.5967 1 11 0
-0.091533144005 594646407.469 668932733.547 594389749.668 718388191.685 2458474.46839 1 9 0
-0.0955206118777 595188112.706 670431714.57 594902953.763 718895124.858 2458474.4063 1 8 0
-0.0967114968685 610234407.045 684282613.639 609951417.631 725353649.542 2458474.38776 1 8 1
-0.436661243452 601757116.757 681078652.571 601537780.234 721775380.584 2458453.52313 0 5 0
-0.444242100533 618417848.672 697278215.053 618103391.005 732174952.873 2458453.40509 0 3 1
-0.0836897871795 609930382.987 683726095.268 609646362.996 725058163.2 2458474.59052 1 11 1
-0.452880776974 603699996.253 685650724.5 603466704.447 724385991.822 2458453.27058 0 1 0
-0.100832016138 594732449.608 666854403.135 594437961.399 714979885.132 2458474.3236 1 7 0
-0.44344819185 618850203.121 698006805.099 618560773.164 733408892.959 2458453.41745 0 3 1
-0.0959175683876 610796036.403 686858476.612 610557047.867 727969028.246 2458474.40012 1 8 1
-0.0871479709434 611767126.598 689286389.421 611508833.049 731616289.623 2458474.53667 1 10 1
-0.457049585515 603054630.842 688625983.818 602860185.037 726312461.547 2458453.20566 0 0 0
-0.104894564148 593160068.774 666021788.905 593139288.844 714958799.829 2458474.26034 1 6 0
-0.0924593915618 609937943.449 684566582.687 609719822.0 725916882.926 2458474.45397 1 9 1
-0.0886035080517 593083133.253 663506668.554 592608354.566 714563366.869 2458474.51401 1 10 0
-0.444639062037 602356696.192 686507784.785 602093223.487 725860277.917 2458453.39891 0 3 0
-0.453674706651 601358343.267 680934908.76 601183600.831 721143728.99 2458453.25821 0 1 0
-0.456387993066 619586856.335 699246853.182 619322785.792 734264462.958 2458453.21596 0 0 1
-0.443977462352 618317132.034 697236531.608 617979727.751 732567981.677 2458453.40921 0 3 1
-0.100302730594 595671910.82 670719059.656 595392429.015 719737600.614 2458474.33184 1 7 0
-0.0880742148218 594368021.906 668200135.306 594091370.802 717703696.366 2458474.52225 1 10 0
-0.0827635474579 595600164.923 668916506.942 595323473.877 717171552.757 2458474.60495 1 11 0
-0.453145418475 602906963.99 687398808.273 602681507.961 726862137.922 2458453.26646 0 1 0
-0.104365282043 594844129.049 670592992.433 594601661.623 718709835.405 2458474.26858 1 6 0
-0.439194638319 619319915.625 698395371.181 619042053.617 733810575.538 2458453.48369 0 4 1
-0.456917265931 618420373.944 697309836.674 618123329.659 732278113.821 2458453.20772 0 0 1
-0.449421153958 600781872.597 683156768.994 600553325.857 724772138.355 2458453.32445 0 2 0
-0.4363965989 603013195.861 684030368.813 602757071.451 722908312.95 2458453.52725 0 5 0
-0.0834251443924 611002379.582 684511711.563 610745939.365 726858792.497 2458474.59464 1 11 1
-0.0874126093942 610198182.133 684696505.226 609937502.031 725717220.148 2458474.53255 1 10 1
-0.101096662065 594651669.62 669141559.932 594317018.119 718608131.696 2458474.31948 1 7 0
-0.452748457031 619274847.11 698036517.381 618969838.501 733037444.729 2458453.27264 0 1 1
