0 2458474.52843 8 54.215 0.0
1 2458453.33681 26 90.2887 7.53733309546
2 2458474.33596 24 58.6541 0.488713574246
3 2458453.40097 1 87.1245 7.98307543023
4 2458474.38364 9 54.8708 -2.25399033823
5 2458453.22009 5 90.387 8.20376936013
6 2458453.285 4 89.5649 9.19647030879
7 2458516.56573 1 35.1752 0.644886847259
8 2458474.40218 25 58.066 0.665127534426
9 2458474.53874 29 58.9682 0.738615001339
10 2458453.46514 20 90.7705 8.61710261084
11 2458516.64842 2 34.6738 -0.125437551968
12 2458516.37845 23 39.3034 -1.74602140777
13 2458516.71877 1 37.5503 1.04136034402
14 2458516.69816 4 36.0744 0.461381820535
15 2458474.44985 2 54.6527 -2.17866606658
16 2458453.39685 2 87.5219 5.91669120125
17 2458516.51807 21 39.7396 0.163936561117
18 2458453.33269 25 88.2108 6.38520666581
19 2458453.2036 3 87.424 4.9371497221
20 2458453.47957 2 87.7595 10.0130302625
21 2458516.63606 3 36.4386 0.175405398297
22 2458453.41333 11 88.0685 10.0163140423
23 2458516.56985 1 34.9314 0.060182489128
24 2458474.53461 25 57.7754 0.117703735411
25 2458516.58222 1 34.9561 0.413760795995
26 2458474.39806 24 56.065 0.126345057428
27 2458474.58846 30 56.4403 -2.71168849251
28 2458516.37433 23 39.8612 -1.80803253573
29 2458474.27888 2 56.9961 3.04576609786
30 2458516.50158 24 38.6635 -0.38240866697
31 2458516.65048 26 39.538 -0.180782772107
32 2458516.72289 5 39.3038 2.02268798536
33 2458453.20154 26 87.5287 4.41101933925
34 2458474.60701 13 55.9528 1.35023657006
35 2458474.32772 26 56.7726 -0.788182118474
36 2458516.71258 20 38.7675 -0.464815613254
37 2458474.52637 25 56.636 -1.70925357659
38 2458474.58434 31 57.3462 -2.49294059207
39 2458453.26233 26 87.7606 4.97948633241
40 2458516.44773 32 38.7206 -1.98835686334
41 2458516.43948 28 38.9378 -0.883137462808
42 2458453.4569 25 90.8847 5.8744009736
43 2458453.2747 27 90.5068 7.01573432062
44 2458516.49746 27 40.3156 -0.344847217103
45 2458474.31536 27 57.2258 -2.09967543655
46 2458453.52932 2 87.9007 6.46179372195
47 2458516.6546 28 41.3493 0.405147472682
48 2458474.60082 30 57.4903 0.78059698098
49 2458516.50983 25 39.2054 -0.629050019036
50 2458453.32857 24 89.0973 4.58150779471
51 2458474.51813 27 58.0235 -2.65836115313
52 2458474.45809 1 54.3927 -1.26993501002
53 2458516.70228 2 36.7074 -0.157556102934
54 2458474.26446 26 57.563 -0.169853464639
55 2458516.43124 23 40.0372 -1.01797825342
56 2458516.62988 36 38.8779 0.0001
57 2458453.21802 26 91.484 7.74485946329
58 2458516.44567 1 36.4931 -0.41334607889
59 2458516.52219 30 39.9971 1.57153690854
60 2458474.33802 16 54.7307 1.30157364242
61 2458453.40303 26 90.1769 8.29732512463
62 2458516.64636 24 38.4518 -0.487588405094
63 2458474.46633 11 55.3275 0.165093674436
64 2458516.38051 2 36.455 -1.12915481194
65 2458516.7167 21 39.9509 0.163162183519
66 2458453.28294 37 91.8156 7.97651027383
67 2458516.50776 2 35.9678 -0.567713029402
68 2458474.27476 2 56.2345 2.46507892402
69 2458516.56367 23 39.258 -0.126856419203
70 2458474.40424 4 56.0529 1.51212907541
71 2458474.5408 10 58.3863 1.64737564089
72 2458474.38982 23 56.1548 -2.40595723676
73 2458516.634 22 39.5383 -0.547972986513
74 2458474.2624 4 53.6372 -0.691155538852
75 2458516.70022 21 39.2269 -0.692764675604
76 2458453.39479 23 88.0845 6.11315843937
77 2458474.34214 3 56.4566 2.76276638179
78 2458516.52013 1 37.132 1.74897744579
79 2458453.33063 18 85.8675 4.42488762974
80 2458474.5864 1 53.7866 -2.09447350925
81 2458516.37227 1 35.3232 -0.554232977369
82 2458453.53344 1 88.6962 7.08327467705
83 2458453.54992 5 88.6626 8.60044111071
84 2458474.32566 2 54.7572 -0.707966156663
85 2458516.45803 1 38.5727 1.26700086276
86 2458516.58015 26 39.5698 0.0001
87 2458474.396 1 53.6671 -0.176167826906
88 2458474.47457 16 56.3291 2.84023485378
89 2458516.72083 26 41.8323 1.22906993597
90 2458516.38257 22 38.3202 -0.357266588538
91 2458453.19948 1 85.5706 3.98060857317
92 2458474.44779 24 56.5139 -2.56748804705
93 2458474.27682 23 58.9679 1.50443535262
94 2458453.28088 3 87.7931 9.14511776177
95 2458516.50364 1 35.745 -0.263987810744
96 2458453.46308 1 86.4797 6.75675960214
97 2458474.58228 1 54.0173 -3.1506471317
98 2458516.44979 6 34.9864 -0.564155801771
99 2458474.27064 11 55.005 1.66802613337
100 2458516.58634 1 37.7237 1.32647414179
101 2458516.43742 1 35.8709 -0.391938814098
102 2458474.38158 27 56.4273 -1.94863472001
103 2458453.41127 27 91.2777 9.37726792267
104 2458516.71052 2 35.5078 -0.434812427206
105 2458474.46427 22 56.3402 0.0001
106 2458474.52431 2 53.5074 -0.654057131808
107 2458453.53138 23 90.6451 7.18091034119
108 2458516.65667 4 37.8464 1.87817846708
109 2458474.59876 4 53.9545 0.632396721663
110 2458516.57191 28 38.1132 0.0872744293156
111 2458474.39394 26 55.8704 -1.22781782295
112 2458453.53756 1 90.4199 7.55180390162
113 2458453.45896 4 86.5512 6.44608235738
114 2458453.27676 9 87.9725 7.66699616009
115 2458474.31742 1 54.5278 -1.75167740376
116 2458516.45391 3 37.7758 0.798489910355
117 2458453.21184 5 87.4857 6.2068627176
118 2458516.4333 1 36.459 -0.558702553272
119 2458516.63812 22 38.852 -0.193269120632
120 2458453.39273 3 85.2887 5.51188895808
121 2458474.52019 7 54.2639 -2.22937936699
122 2458516.70434 26 38.594 -0.678395991909
123 2458474.46015 26 56.7008 -1.45888909273
124 2458474.2727 23 58.0035 1.18919225894
125 2458516.71464 1 35.3993 -0.2089112955
126 2458474.47045 1 54.532 2.13012226186
127 2458516.6443 3 36.2187 -0.374508004334
128 2458474.53049 25 58.1899 -1.19296774159
129 2458474.3339 3 55.4838 1.14851722049
130 2458453.33887 3 88.113 8.12156307567
131 2458474.3857 23 57.1277 -2.51142007195
132 2458516.59046 3 38.385 2.27207453345
133 2458516.44154 1 36.4131 -0.920508605291
134 2458453.26852 9 84.5103 6.45331118601
135 2458516.45597 28 39.639 0.814972493361
136 2458474.32154 6 54.8771 -1.59956916886
137 2458453.41539 28 90.5747 10.5837288376
138 2458516.57809 9 35.4934 -0.389926928279
139 2458474.59258 25 56.5567 -1.40195919751
140 2458453.5355 24 91.9005 6.50410926511
141 2458474.45191 30 57.2247 -1.70013173043
142 2458516.51601 1 35.2835 -0.114093536449
143 2458453.33475 5 86.2851 6.26888155593
144 2458474.34008 29 57.9987 1.1640737172
145 2458453.48163 26 91.2839 9.40641892202
146 2458516.38669 25 39.1201 -0.900967975108
147 2458474.25828 4 54.5755 -0.474197485773
148 2458453.40715 23 91.2028 8.78755949159
149 2458474.32978 2 53.9513 -0.144136701271
150 2458474.46221 2 54.4548 0.385496953847
151 2458453.26027 1 85.3755 4.3524843943
152 2458474.58022 25 56.8895 -2.60505957445
153 2458453.2139 25 89.8317 7.18043573876
154 2458474.40836 25 54.3687 1.87972125212
155 2458453.46102 32 88.8255 5.42924983643
156 2458453.27882 27 91.1651 7.19529474749
157 2458516.38463 2 34.347 -0.847259817379
158 2458453.19742 25 87.1321 2.93371415501
159 2458474.47251 34 59.4414 1.19100259633
160 2458474.60289 10 54.2924 1.26542541855
161 2458516.51189 1 36.1925 -0.392064712989
162 2458453.32651 4 84.7651 4.65473735499
163 2458453.39067 23 88.5453 4.96239769823
164 2458474.45603 24 58.3507 -2.71384429987
165 2458516.7064 1 36.6665 -0.248183979363
166 2458474.51607 1 55.1237 -1.95396849036
167 2458453.2644 2 84.6417 4.90123098134
168 2458474.26652 1 54.9765 0.516310344508
169 2458516.64224 26 38.8669 -1.12107540069
170 2458453.20978 24 90.7533 6.54744195369
171 2458474.39188 6 54.23 -0.643124984638
172 2458516.57603 24 38.7632 -0.66705758918
173 2458453.54374 28 92.4753 9.28525523914
174 2458474.25622 27 56.4679 -3.11802751232
175 2458453.52519 3 88.7311 6.29007423758
176 2458516.36815 2 35.5428 -0.929083716234
177 2458474.5967 30 57.3909 -0.849600454542
178 2458516.37639 1 35.5721 -0.889857299826
179 2458474.46839 30 58.8771 0.538003910241
180 2458516.5057 24 38.2118 -0.821052233092
181 2458516.58428 20 38.5967 0.0449704123205
182 2458474.4063 27 58.3438 0.899808964433
183 2458474.38776 2 53.6202 -2.03708710712
184 2458453.52313 29 91.2707 5.3070274732
185 2458516.4436 19 38.7401 -1.38138040418
186 2458453.40509 2 87.474 8.24559668317
187 2458516.52425 2 37.6505 3.44747642017
188 2458474.59052 3 54.1995 0.0001
189 2458516.37021 19 38.5945 -1.389001254
190 2458453.27058 28 90.5524 0.0001
191 2458474.3236 24 57.4766 -2.87355408022
192 2458453.41745 2 88.3406 10.9596988899
193 2458516.56779 23 38.9362 0.201209696401
194 2458474.40012 11 55.8412 0.758994706994
195 2458474.53667 15 54.3489 0.566338314725
196 2458516.63194 1 36.519 0.768116381484
197 2458453.20566 24 91.1014 4.94483103405
198 2458516.38875 2 36.7008 0.379406533631
199 2458474.26034 24 55.5868 0.199742938206
200 2458474.45397 2 54.004 -1.90558282956
201 2458516.6961 24 40.4158 -0.461439715714
202 2458474.51401 25 57.0893 -2.48552939689
203 2458453.39891 27 89.814 7.78009380367
204 2458453.25821 24 87.5241 3.76419870748
205 2458516.45185 22 39.146 -0.296227180858
206 2458453.21596 4 88.6734 7.45288505186
207 2458516.5884 18 41.4268 1.23723630064
208 2458453.40921 3 87.4712 10.032767038
209 2458474.33184 23 56.4874 -0.422942762657
210 2458474.52225 25 57.3046 -1.92767885767
211 2458516.65254 10 37.8986 1.41925229253
212 2458474.60495 25 57.8843 0.837992336833
213 2458453.26646 24 86.9419 5.7213371848
214 2458474.26858 35 57.3072 0.101096610203
215 2458516.64018 9 35.4523 -1.0242311596
216 2458453.48369 2 87.8956 9.94082879143
217 2458453.20772 3 88.2459 6.68442705991
218 2458516.43536 29 39.3819 -1.44253663033
219 2458516.51395 23 38.7685 -0.324361430838
220 2458453.32445 30 88.0987 3.95481428644
221 2458516.70846 29 39.111 -0.939808494597
222 2458453.52725 23 91.7144 5.33876371162
223 2458516.36609 20 38.9511 -1.55840553644
224 2458474.59464 4 53.4811 -0.593869148564
225 2458474.53255 7 53.6665 0.111236332452
226 2458516.57397 1 36.3489 0.177632816935
227 2458474.31948 24 57.6738 -2.26139141342
228 2458453.27264 1 88.2337 6.99454246485
229 2458516.49952 1 37.1891 0.0270322451995
