-0.0876772498188 596222202.098 640181310.276 595907950.412 667708307.471 2458474.52843 1 10 1
-0.44862722455 581414364.713 617597197.667 580146701.331 671529219.598 2458453.33681 0 2 0
-0.100038091365 582015037.335 616680157.412 581307764.538 662483152.079 2458474.33596 1 7 0
-0.444506740988 596134537.592 639921203.112 595744026.598 666017400.682 2458453.40097 0 3 1
-0.0969761435732 595566317.532 641045078.741 595154716.378 673400143.621 2458474.38364 1 8 1
-0.456123359071 597444606.885 642055876.684 597098962.346 668620934.356 2458453.22009 0 0 1
-0.451954548467 597294942.571 642070675.532 596969373.377 668331953.427 2458453.285 0 1 1
-0.387994580626 597494228.376 639844849.736 597134582.85 665712852.953 2458516.56573 2 15 1
-0.0957852490426 581406657.093 616736970.657 580273377.454 669416623.241 2458474.40218 1 8 0
-0.0870156525553 581841900.987 616860479.833 580563226.645 670662312.237 2458474.53874 1 10 0
-0.440385508866 580803279.759 615699782.977 579658693.621 663557107.211 2458453.46514 0 4 0
-0.382684018977 598148789.982 640624849.951 597765135.583 666959877.947 2458516.64842 2 16 1
-0.400022112348 583161059.372 617119769.36 581942178.142 669762564.262 2458516.37845 2 12 0
-0.378166627291 598617053.939 640769527.909 598214890.606 665653722.081 2458516.71877 2 17 1
-0.379489810634 597952753.415 640252501.776 597640481.686 666629524.43 2458516.69816 2 17 1
-0.0927240382665 595183632.529 638751096.315 594783252.25 674106777.826 2458474.44985 1 9 1
-0.444771383506 595972817.392 641766037.572 595629122.9 669551535.409 2458453.39685 0 3 1
-0.391055723337 583288776.556 618026109.372 582081029.851 670273438.244 2458516.51807 2 14 0
-0.448891866051 580792822.182 618003628.383 579653949.434 669679249.847 2458453.33269 0 2 0
-0.457181905638 595726740.021 639988711.839 595401168.641 667069370.91 2458453.2036 0 0 1
-0.439459272733 596496985.677 641126140.289 596103301.162 668426462.891 2458453.47957 0 4 1
-0.383477929425 597746769.535 640079828.75 597386017.998 666639494.206 2458516.63606 2 16 1
-0.443712826233 596189573.877 643377108.764 595807398.846 675206366.417 2458453.41333 0 3 1
-0.387729939663 597941265.343 640522837.345 597578845.382 667013849.336 2458516.56985 2 15 1
-0.0872802897501 581757467.339 617481326.234 580638121.545 668930552.293 2458474.53461 1 10 0
-0.386936029155 598158911.541 640815956.094 597790961.414 667093144.942 2458516.58222 2 15 1
-0.0960498882709 581656079.596 617396273.536 580940653.622 662707175.006 2458474.39806 1 8 0
-0.0838221094552 581237629.76 616440157.691 580088083.769 670049799.409 2458474.58846 1 11 0
-0.400286749902 582618554.268 618099002.564 581608331.998 666271243.733 2458516.37433 2 12 0
-0.103703690581 596670084.093 639837408.376 596310224.56 666317895.898 2458474.27888 1 6 1
-0.392114270801 583407085.747 618492820.56 582245329.714 670482936.216 2458516.50158 2 14 0
-0.382551702682 583792359.251 618864651.118 582709040.581 667020605.523 2458516.65048 2 16 0
-0.377901997035 598922800.819 641623602.385 598614346.25 667401814.512 2458516.72289 2 17 1
-0.457314226328 579874283.147 617443922.746 578860981.471 669793876.041 2458453.20154 0 0 0
-0.0826312294287 596460955.924 642953177.29 596075412.935 674163327.191 2458474.60701 1 11 1
-0.100567372184 581860597.374 616959395.4 580591483.512 670016161.843 2458474.32772 1 7 0
-0.378563576146 583595692.578 618443836.843 582387613.598 670659759.725 2458516.71258 2 17 0
-0.0878095708983 581100617.379 617234062.478 580074555.185 669792037.38 2458474.52637 1 10 0
-0.0840867553824 581212695.209 616278328.576 579962201.602 668703512.118 2458474.58434 1 11 0
-0.45341006183 581829769.792 616293890.55 580753197.537 663894107.882 2458453.26233 0 1 0
-0.395573105304 583934550.699 618611843.683 582870280.568 667191932.093 2458516.44773 2 13 0
-0.396102379095 583655677.757 618949726.305 582616244.305 669409840.879 2458516.43948 2 13 0
-0.440914796832 580335518.363 616455039.628 578930710.938 669753193.033 2458453.4569 0 4 0
-0.452616137686 581947333.252 619196135.156 581176829.59 668085458.883 2458453.2747 0 1 0
-0.392378912362 581880167.48 616702444.194 580636998.61 666671048.386 2458516.49746 2 14 0
-0.101361309338 580646721.659 616745129.152 579672280.162 667092910.483 2458474.31536 1 7 0
-0.436264276983 596325576.986 640968817.562 595955227.427 667362076.776 2458453.52932 0 5 1
-0.382287071289 583828603.062 618870965.2 582737190.616 668265037.918 2458516.6546 2 16 0
-0.0830281846527 581852886.547 615707103.006 580739997.72 663987280.432 2458474.60082 1 11 0
-0.391584992524 583297123.728 618233263.759 582195434.732 668666231.284 2458516.50983 2 14 0
-0.449156509437 581244821.224 617847950.171 580106177.533 668150194.567 2458453.32857 0 2 0
-0.0883388608088 580803531.725 616112556.949 579575769.943 668562724.23 2458474.51813 1 10 0
-0.0921947465318 595552367.497 638634677.897 595211043.95 664165375.212 2458474.45809 1 9 1
-0.379225169671 598277334.386 640739142.912 597936159.417 666172425.182 2458516.70228 2 17 1
-0.104629921899 580503535.4 617468515.934 579767457.439 665774570.196 2458474.26446 1 6 0
-0.396631660901 582511490.739 616194164.241 581702947.041 663927956.3 2458516.43124 2 13 0
-0.456255675934 582199680.545 618190236.079 581031150.929 671192140.25 2458453.21802 0 0 0
-0.395705422795 598989949.185 641566380.487 598612843.294 668071304.871 2458516.44567 2 13 1
-0.390791092184 583437983.944 618767723.459 582368064.309 669591649.651 2458516.52219 2 14 0
-0.0999057725884 597267064.1 643368278.237 596876620.416 676810204.525 2458474.33802 1 7 1
-0.444374420476 581283495.915 616648647.001 580183458.633 663638627.175 2458453.40303 0 3 0
-0.38281633584 583567323.855 618526448.678 582473769.389 668158548.817 2458516.64636 2 16 0
-0.09166546335 595771214.274 640466517.168 595368581.75 674934047.875 2458474.46633 1 9 1
-0.399889794528 597702754.206 640692332.703 597310899.692 666592726.714 2458516.38051 2 12 1
-0.378298943018 583568127.436 617944755.359 582326782.145 669386994.306 2458516.7167 2 17 0
-0.452086865449 582338450.022 619241525.762 581273789.858 672932839.764 2458453.28294 0 1 0
-0.39171731127 598233126.023 641682717.966 597880404.31 668738951.1 2458516.50776 2 14 1
-0.103968326161 596530260.848 639800608.859 596166968.57 665942916.849 2458474.27476 1 6 1
-0.388126901496 582362959.755 614944485.734 581113071.674 661652317.361 2458516.56367 2 15 0
-0.0956529302657 596081748.402 640017863.898 595717293.108 666458476.56 2458474.40424 1 8 1
-0.0868833345261 596702779.609 642486100.023 596291631.178 674991245.272 2458474.5408 1 10 1
-0.0965791741442 581453496.798 618196689.771 580503477.549 668860769.956 2458474.38982 1 8 0
-0.383610249727 582895133.068 617420342.382 581722632.36 669396086.582 2458516.634 2 16 0
-0.104762242739 595498370.451 638388692.09 595158280.337 665367451.653 2458474.2624 1 6 1
-0.379357489973 583569443.909 618391893.088 582416420.091 669138213.112 2458516.70022 2 17 0
-0.444903705393 581390747.184 617558050.111 580088526.835 671663586.647 2458453.39479 0 3 0
-0.099641136201 596980727.275 640338094.18 596671196.977 666841041.808 2458474.34214 1 7 1
-0.390923407521 598005440.336 640742673.575 597652954.556 667297668.701 2458516.52013 2 14 1
-0.44902418755 596022531.964 638045330.22 595582332.34 676253811.417 2458453.33063 0 2 1
-0.0839544322095 596326453.973 639535511.691 595963348.568 665744999.944 2458474.5864 1 11 1
-0.400419069546 596836610.515 639253172.091 596476105.884 666242877.405 2458516.37227 2 12 1
-0.435999634465 596452232.182 640842897.656 596109444.813 667049334.272 2458453.53344 0 5 1
-0.434941085208 596643769.297 640904991.234 596281497.259 666993175.079 2458453.54992 0 5 1
-0.100699693862 596249570.693 640153391.388 595935131.059 667436934.629 2458474.32566 1 7 1
-0.394911525924 598564293.946 640971783.882 598204086.062 666537240.385 2458516.45803 2 13 1
-0.0961822087524 596260383.216 639708784.531 595916480.813 665639226.858 2458474.396 1 8 1
-0.0911361888408 596264928.966 641712832.309 595844588.468 674845957.185 2458474.47457 1 9 1
-0.378034311984 583361458.372 618414394.865 582320385.929 669581275.133 2458516.72083 2 17 0
-0.399757477307 583781126.067 619262980.242 582674696.799 670705190.154 2458516.38257 2 12 0
-0.457446547498 594532964.116 637880933.123 594172192.015 665855162.954 2458453.19948 0 0 1
-0.0928563619777 580453813.218 615697188.638 579006104.835 669685039.322 2458474.44779 1 9 0
-0.103836008281 581715996.272 617195646.217 580544272.865 669767630.825 2458474.27682 1 6 0
-0.452219182821 597534352.232 641997919.549 597169269.328 668704888.123 2458453.28088 0 1 1
-0.391981950499 597706634.179 640291205.252 597359650.033 666591032.154 2458516.50364 2 14 1
-0.440517830364 596069577.603 640305893.37 595722050.606 666428656.545 2458453.46308 0 4 1
-0.0842190789142 595967639.366 638815015.214 595627829.504 665262395.98 2458474.58228 1 11 1
-0.395440788381 598859671.215 641673939.906 598538064.469 668106468.419 2458516.44979 2 13 1
-0.104232962937 596328694.518 642335047.683 595940890.192 673886510.834 2458474.27064 1 6 1
-0.386671397074 598024182.291 641336999.067 597644361.047 667946543.191 2458516.58634 2 15 1
-0.396234699009 598573152.418 641753414.85 598213729.801 669506601.836 2458516.43742 2 13 1
-0.0971084673143 580279212.399 614796022.436 578762218.816 668464279.507 2458474.38158 1 8 0
-0.443845144053 581619526.06 618660047.982 580526569.76 670937306.428 2458453.41127 0 3 0
-0.378695893637 598846074.588 641653661.883 598479716.022 668201643.565 2458516.71052 2 17 1
-0.0879418926059 595468458.253 638460175.246 595092255.186 664921023.286 2458474.52431 1 10 1
-0.436131955515 581626044.883 617339264.503 580683212.79 666811536.278 2458453.53138 0 5 0
-0.38215475634 598539494.521 641537545.718 598204684.681 668107351.53 2458516.65667 2 16 1
-0.0831605039977 596829435.81 640730767.835 596517600.07 669127143.093 2458474.59876 1 11 1
-0.38759761978 583236476.5 617209652.712 582328983.511 664994707.278 2458516.57191 2 15 0
-0.0963145298618 581146829.419 614181597.968 580394641.833 655848104.205 2458474.39394 1 8 0
-0.435734993981 596529747.573 641046279.703 596238270.92 668279551.422 2458453.53756 0 5 1
-0.440782474437 595931503.533 641164341.444 595564137.6 669036583.234 2458453.45896 0 4 1
-0.452483818849 597267647.351 644545978.368 596854096.929 676281961.982 2458453.27676 0 1 1
-0.101228985597 596035089.861 638922840.052 595668631.223 666258281.402 2458474.31742 1 7 1
-0.39517615627 599120911.587 642042065.97 598762880.053 668286401.618 2458516.45391 2 13 1
-0.456652628497 596937325.538 641148097.846 596663800.833 668441021.883 2458453.21184 0 0 1
-0.396499340001 598125626.433 640201535.838 597735198.536 666343791.962 2458516.4333 2 13 1
-0.383345609572 583259798.66 617733650.405 582160395.106 665101723.599 2458516.63812 2 16 0
-0.445036027549 595634058.158 639922743.701 595258111.434 668731654.012 2458453.39273 0 3 1
-0.0882065376059 595626025.235 636780624.054 595154254.581 674134260.108 2458474.52019 1 10 1
-0.379092849818 583819808.835 617073292.874 582735192.934 662060651.501 2458516.70434 2 17 0
-0.0920624248541 581216617.855 616327501.271 579971933.54 669571470.01 2458474.46015 1 9 0
-0.104100644369 581772895.718 617793290.627 580700348.85 668895216.214 2458474.2727 1 6 0
-0.378431259313 598786724.685 641729427.888 598411565.519 667924119.82 2458516.71464 2 17 1
-0.0914008252281 595856390.768 638972775.549 595534441.346 665551047.466 2458474.47045 1 9 1
-0.382948653361 598265778.061 640964674.176 597900424.698 666611813.668 2458516.6443 2 16 1
-0.0875449293074 580899680.114 616824881.978 579911555.293 672741476.167 2458474.53049 1 10 0
-0.10017041071 596742016.109 641121031.67 596408451.328 667779162.032 2458474.3339 1 7 1
-0.448494904607 596306056.44 640897455.56 595959545.137 668694262.101 2458453.33887 0 2 1
-0.0968438200713 580932347.173 614689503.173 579788797.052 661195824.46 2458474.3857 1 8 0
-0.386406766787 598190692.764 640716312.375 597822220.159 666820315.606 2458516.59046 2 15 1
-0.39597005972 598904944.476 641425206.108 598533911.652 668373103.522 2458516.44154 2 13 1
-0.453013097485 597148409.284 642953379.792 596802751.164 669513731.974 2458453.26852 0 1 1
-0.395043840903 583651129.625 618330564.154 582454098.221 670001925.307 2458516.45597 2 13 0
-0.100964338892 596771529.212 641529630.258 596464400.725 669003842.231 2458474.32154 1 7 1
-0.443580508892 581566201.549 618355668.054 580447299.998 670720193.607 2458453.41539 0 3 0
-0.387200663539 597927282.955 641236751.998 597592048.757 668202849.508 2458516.57809 2 15 1
-0.0835574655018 581509812.596 616560103.766 580238325.721 668882560.377 2458474.59258 1 11 0
-0.435867313954 582022340.7 618189153.808 580791956.772 672236095.578 2458453.5355 0 5 0
-0.0925917147347 580721748.208 614294840.107 579605208.112 660420810.922 2458474.45191 1 9 0
-0.391188039632 598193360.712 640882838.06 597802921.663 667478839.869 2458516.51601 2 14 1
-0.448759545062 596424521.375 641063464.847 596077447.983 669540821.687 2458453.33475 0 2 1
-0.0997734542003 582223219.792 617215556.344 581002984.051 670317108.906 2458474.34008 1 7 0
-0.439326955362 582007913.378 618168355.082 580754099.791 670881541.979 2458453.48163 0 4 0
-0.399492844628 583548477.715 618935114.244 582498192.628 668449980.042 2458516.38669 2 12 0
-0.105026886184 592987408.026 635711104.818 592655667.408 663377715.782 2458474.25828 1 6 1
-0.444109781128 581815948.444 617483319.008 580717456.329 665277341.283 2458453.40715 0 3 0
-0.100435051075 596917003.299 640995842.792 596540534.614 668772480.539 2458474.32978 1 7 1
-0.0919301037447 595528234.782 639272050.581 595166554.499 666461088.092 2458474.46221 1 9 1
-0.453542384316 596571399.834 639990807.473 596161620.729 667015618.898 2458453.26027 0 1 1
-0.0843514026553 580643530.469 615877836.064 579200740.619 669616339.519 2458474.58022 1 11 0
-0.456520310527 582542016.431 617567121.76 581511138.248 665303140.62 2458453.2139 0 0 0
-0.0953882938784 596115763.049 639336466.884 595847914.687 674924662.987 2458474.40836 1 8 1
-0.440650152251 581228038.611 617735321.691 579946976.809 671267492.047 2458453.46102 0 4 0
-0.452351500611 582505741.166 618507617.174 581285991.102 670894026.059 2458453.27882 0 1 0
-0.399625160653 598317224.175 641649995.653 597905481.382 668125735.659 2458516.38463 2 12 1
-0.457578869116 576479370.063 613482835.391 575442451.024 665726322.478 2458453.19742 0 0 0
-0.0912685068401 581488942.354 617423028.826 580452793.476 671487472.33 2458474.47251 1 9 0
-0.0828958658459 596459309.891 642478055.457 596071774.621 675475129.57 2458474.60289 1 11 1
-0.391452674016 598149516.437 640248261.922 597790088.588 665654083.843 2458516.51189 2 14 1
-0.449288831593 595955935.982 641433061.696 595595062.121 669301937.228 2458453.32651 0 2 1
-0.445168349944 580308572.96 616245569.267 578783762.375 670410575.742 2458453.39067 0 3 0
-0.0923270688075 581235360.238 616303421.482 579953152.687 668282977.651 2458474.45603 1 9 0
-0.378960530502 598688261.818 641350403.081 598355216.597 668712698.588 2458516.7064 2 17 1
-0.0884711842807 595473077.717 638761904.631 595114672.413 667534070.902 2458474.51607 1 10 1
-0.453277739973 596936485.732 641461014.384 596588537.006 668468585.401 2458453.2644 0 1 1
-0.104497601687 596256355.91 639259637.011 595893887.718 666238979.312 2458474.26652 1 6 1
-0.38308097148 583276269.316 618500339.43 582166447.708 669126751.002 2458516.64224 2 16 0
-0.456784946915 581533219.376 618869872.191 580675667.235 670180041.892 2458453.20978 0 0 0
-0.0964468515395 595827628.251 641178110.266 595458165.011 668364021.198 2458474.39188 1 8 1
-0.387332981688 583295967.06 617573896.834 582143444.929 669632046.175 2458516.57603 2 15 0
-0.435338037441 582292618.92 618081039.052 581513450.145 665388536.714 2458453.54374 0 5 0
-0.105159208729 577876758.636 613707530.171 576653707.26 667743703.998 2458474.25622 1 6 0
-0.436528921086 596285742.24 640557430.883 595904181.659 668485881.489 2458453.52519 0 5 1
-0.40068371018 595184110.065 638404217.374 594814211.352 665633357.237 2458516.36815 2 12 1
-0.0832928238811 581560706.68 616042042.241 580331456.274 669052565.803 2458474.5967 1 11 0
-0.400154430826 597493082.13 639415999.032 597135426.939 664784145.586 2458516.37639 2 12 1
-0.091533144005 581159245.927 615724457.202 580067586.598 666412457.136 2458474.46839 1 9 0
-0.391849630616 583221365.873 616654141.597 582328900.724 662977860.223 2458516.5057 2 14 0
-0.38680371283 583212072.532 618500835.145 582107725.724 669340125.516 2458516.58428 2 15 0
-0.0955206118777 581572972.921 617626081.437 580498412.441 669333927.238 2458474.4063 1 8 0
-0.0967114968685 596035989.801 639899727.388 595699697.455 666454575.919 2458474.38776 1 8 1
-0.436661243452 580804764.595 615974368.928 579848770.082 662023450.903 2458453.52313 0 5 0
-0.395837740973 583799545.208 617860773.404 582713262.431 670725017.056 2458516.4436 2 13 0
-0.444242100533 596119258.544 640761872.326 595777268.309 666983461.294 2458453.40509 0 3 1
-0.390658777235 598264659.711 640717073.506 597914469.716 666177218.934 2458516.52425 2 14 1
-0.400551389669 581668957.102 616876556.915 580518597.13 668806711.395 2458516.37021 2 12 0
-0.100832016138 581625309.346 615425566.14 580587002.134 661912917.961 2458474.3236 1 7 0
-0.44344819185 596355840.602 640565009.5 595990152.396 667467125.296 2458453.41745 0 3 1
-0.387862259935 582865506.28 616972024.859 581580909.601 670005633.221 2458516.56779 2 15 0
-0.0959175683876 596193525.685 641734494.841 595841071.272 670082131.146 2458474.40012 1 8 1
-0.0871479709434 597005572.577 643227871.706 596614074.104 674749746.536 2458474.53667 1 10 1
-0.383742570388 597572951.156 639546749.693 597236303.85 666120510.856 2458516.63194 2 16 1
-0.457049585515 580927092.843 617253889.419 579772117.778 669391406.436 2458453.20566 0 0 0
-0.399360529051 598200586.88 640986399.631 597842635.316 666646725.453 2458516.38875 2 12 1
-0.104894564148 580129460.202 614570369.136 579529224.442 662771694.186 2458474.26034 1 6 0
-0.0924593915618 595660724.292 639304053.206 595362684.61 667292171.427 2458474.45397 1 9 1
-0.379622131474 582512558.16 618026303.796 581342167.267 668989162.726 2458516.6961 2 17 0
-0.0886035080517 580229119.622 613704188.64 578935689.868 662287093.446 2458474.51401 1 10 0
-0.444639062037 581004381.916 617698915.408 579825600.922 670351875.673 2458453.39891 0 3 0
-0.453674706651 580962694.568 616155299.427 580121130.47 660574620.468 2458453.25821 0 1 0
-0.395308472027 583948859.051 619109494.64 582859009.192 669786844.712 2458516.45185 2 13 0
-0.456387993066 597005507.296 642370716.71 596662530.295 669517195.519 2458453.21596 0 0 1
-0.386539081736 583228736.848 616886898.373 581897297.178 668829348.818 2458516.5884 2 15 0
-0.443977462352 596082553.054 640350968.51 595697330.323 666906020.83 2458453.40921 0 3 1
-0.100302730594 582153754.371 616269293.128 580859994.291 670174613.951 2458474.33184 1 7 0
-0.0880742148218 581127191.392 616497785.426 580030986.046 666297583.275 2458474.52225 1 10 0
-0.382419386926 598437255.967 641522860.063 598079564.998 669081528.661 2458516.65254 2 16 1
-0.0827635474579 582078077.633 616368806.343 580988685.972 663893723.987 2458474.60495 1 11 0
-0.453145418475 581773696.281 618701719.241 580693518.338 671623932.536 2458453.26646 0 1 0
-0.104365282043 581213175.899 616446711.561 579999766.575 669312001.873 2458474.26858 1 6 0
-0.383213290227 597888734.945 642224072.4 597544003.617 668293932.226 2458516.64018 2 16 1
-0.439194638319 596932867.052 641361147.237 596606100.984 668419892.231 2458453.48369 0 4 1
-0.456917265931 596191215.718 640077020.739 595828740.506 666455674.079 2458453.20772 0 0 1
-0.396367019311 583409430.788 617676193.129 582156377.68 671682825.601 2458516.43536 2 13 0
-0.391320356525 583660787.617 617747271.894 582386953.343 670157569.466 2458516.51395 2 14 0
-0.449421153958 579979542.623 615803263.546 578541029.842 669515295.798 2458453.32445 0 2 0
-0.378828211785 583442237.616 616447405.242 582356443.118 661595151.281 2458516.70846 2 17 0
-0.4363965989 581719575.526 616390492.009 580582400.962 663891395.011 2458453.52725 0 5 0
-0.40081603099 578543414.486 613561694.684 577386420.309 664562247.931 2458516.36609 2 12 0
-0.0834251443924 596847320.778 640574287.68 596523565.637 669058615.897 2458474.59464 1 11 1
-0.0874126093942 595825719.95 636622888.998 595407833.763 667593844.024 2458474.53255 1 10 1
-0.387465300435 598063455.039 640908386.3 597714788.391 667889915.541 2458516.57397 2 15 1
-0.101096662065 581290649.946 616061262.177 580054448.198 668188397.881 2458474.31948 1 7 0
-0.452748457031 597032505.34 640986771.053 596678947.566 667343862.708 2458453.27264 0 1 1
-0.392246591492 597715487.208 640201813.681 597351589.832 667406145.4 2458516.49952 2 14 1
