# %ECSV 0.9
# ---
# datatype:
# - {name: t_mjd, datatype: float64}
# - {name: t_bjd, datatype: float64}
# - {name: t_visit, datatype: float64}
# - {name: t_orbit, datatype: float64}
# - {name: ivisit, datatype: float64}
# - {name: iorbit, datatype: float64}
# - {name: scan, datatype: float64}
# - {name: spec_opt, datatype: float64}
# - {name: var_opt, datatype: float64}
# - {name: wave, datatype: float64}
# schema: astropy-2.0
t_mjd t_bjd t_visit t_orbit ivisit iorbit scan spec_opt var_opt wave
58888.252084215 2458888.753034453 1.8658655940089375 1.8658655940089375 0.0 0.0 0.0 6564807.226609554 293501.8263963847 1.1775
58888.253380509996 2458888.7543307883 3.7325303920079023 3.7325303920079023 0.0 0.0 1.0 6606133.401319814 295316.33754888945 1.1775
58888.25467699 2458888.755627308 5.5994615983217955 5.5994615983217955 0.0 0.0 0.0 6616936.218114181 295780.51801097015 1.1775
58888.255973105 2458888.756923462 7.465867196442559 7.465867196442559 0.0 0.0 1.0 6634806.05314062 296579.1328508676 1.1775
58888.2572694 2458888.7582197953 9.332531994441524 9.332531994441524 0.0 0.0 0.0 6637727.027224696 296687.78930798604 1.1775
58888.258565694996 2458888.7595161274 11.199196792440489 11.199196792440489 0.0 0.0 1.0 6647837.251856717 297149.2729660161 1.1775
58888.259861989995 2458888.7608124586 13.065861590439454 13.065861590439454 0.0 0.0 0.0 6649968.145851282 297221.9696673346 1.1775
58888.261158285 2458888.7621087884 14.932526398915797 14.932526398915797 0.0 0.0 1.0 6659694.313387715 297654.59322138125 1.1775
58888.262454585 2458888.763405122 16.79919839487411 16.79919839487411 0.0 0.0 0.0 6659056.189636083 297617.31844908465 1.1775
58888.263750879996 2458888.7647014484 18.665863192873076 18.665863192873076 0.0 0.0 1.0 6663687.579209743 297827.7821637118 1.1775
58888.265047175 2458888.765997773 20.53252800134942 20.53252800134942 0.0 0.0 0.0 6662795.485319945 297780.5949151005 1.1775
58888.266343475 2458888.7672941014 22.399199997307733 22.399199997307733 0.0 0.0 1.0 6667597.978303802 297998.4512953764 1.1775
58888.26763977 2458888.7685904233 24.265864795306697 24.265864795306697 0.0 0.0 0.0 6666735.93082554 297952.93020496314 1.1775
58888.268936065 2458888.7698867433 26.132529593305662 26.132529593305662 0.0 0.0 1.0 6671294.2932221545 298169.1582812452 1.1775
58888.270232359995 2458888.7711830614 27.999194391304627 27.999194391304627 0.0 0.0 0.0 6670240.172986752 298105.15489372285 1.1775
58888.27152866 2458888.772479383 29.86586639774032 29.86586639774032 0.0 0.0 1.0 6673163.416358898 298240.64657823514 1.1775
58888.272824955 2458888.773775698 31.732531195739284 31.732531195739284 0.0 0.0 0.0 6671136.635941359 298143.60126512713 1.1775
58888.274121434995 2458888.7750721965 33.5994623915758 33.5994623915758 0.0 0.0 1.0 6675401.700786369 298350.35691619565 1.1775
58888.275417545 2458888.776368324 35.46586080221459 35.46586080221459 0.0 0.0 0.0 6674493.83711962 298290.7502579818 1.1775
58888.276713845 2458888.77766464 37.332532798172906 37.332532798172906 0.0 0.0 1.0 6675266.507518684 298331.7955815415 1.1775
58888.27801014 2458888.7789609507 39.19919759617187 39.19919759617187 0.0 0.0 0.0 6673253.29835856 298236.586573506 1.1775
58888.279306435 2458888.78025726 41.065862394170836 41.065862394170836 0.0 0.0 1.0 6676541.9376383815 298397.6221182128 1.1775
58888.280602735 2458888.7815535734 42.93253440060653 42.93253440060653 0.0 0.0 0.0 6675212.680052816 298320.95542576606 1.1775
58888.28189903 2458888.782849882 44.79919919860549 44.79919919860549 0.0 0.0 1.0 6676708.041187997 298394.84983501787 1.1775
58888.283195325 2458888.78414619 46.66586399660446 46.66586399660446 0.0 0.0 0.0 6675897.174314621 298351.9510699648 1.1775
58888.28449162 2458888.7854424976 48.53252879460342 48.53252879460342 0.0 0.0 1.0 6678246.150448243 298473.24905068567 1.1775
58888.318183845 2458888.8191354494 97.04933279310353 1.866132002323866 0.0 1.0 0.0 6662271.939423273 297758.3928807073 1.1775
58888.319480139995 2458888.8204317843 98.9159975911025 3.7327968003228307 0.0 1.0 1.0 6668981.251728407 298071.9177233013 1.1775
58888.320776435 2458888.821728119 100.78266239957884 5.599461608799174 0.0 1.0 0.0 6667982.983349345 298011.24608922994 1.1775
58888.322072735 2458888.8230244583 102.64933439553715 7.466133604757488 0.0 1.0 1.0 6672177.783491938 298210.6757489116 1.1775
58888.32336903 2458888.8243207913 104.51599919353612 9.332798402756453 0.0 1.0 0.0 6670812.989310322 298131.31948672154 1.1775
58888.324665325 2458888.825617124 106.38266400201246 11.199463211232796 0.0 1.0 1.0 6673072.830012228 298249.6455810434 1.1775
58888.32596162 2458888.826913455 108.24932880001143 13.066128009231761 0.0 1.0 0.0 6672886.520823057 298222.22225461405 1.1775
58888.32725773 2458888.8282095995 110.11572720017284 14.932526409393176 0.0 1.0 1.0 6675027.336996549 298334.36186062766 1.1775
58888.328554215 2458888.8295061174 111.9826655939687 16.79946480318904 0.0 1.0 0.0 6673573.534390521 298251.7215319911 1.1775
58888.329850509996 2458888.830802444 113.84933039196767 18.666129601188004 0.0 1.0 1.0 6676603.058755706 298402.2127337183 1.1775
58888.331146805 2458888.8320987695 115.71599520044401 20.532794409664348 0.0 1.0 0.0 6673324.901740626 298241.6634041913 1.1775
58888.332443105 2458888.833395098 117.58266719640233 22.39946640562266 0.0 1.0 1.0 6675660.766555871 298351.0318324957 1.1775
58888.3337394 2458888.8346914193 119.44933199440129 24.266131203621626 0.0 1.0 0.0 6674520.189281613 298291.95203158737 1.1775
58888.335035694996 2458888.8359877393 121.31599679240026 26.13279600162059 0.0 1.0 1.0 6675562.604737209 298356.16425749863 1.1775
58888.336331989995 2458888.837284058 123.18266159039922 27.999460799619555 0.0 1.0 0.0 6673677.584504286 298254.9158297157 1.1775
58888.337628099995 2458888.8385801897 125.04905999056064 29.86585919978097 0.0 1.0 1.0 6675328.764546149 298337.80403188954 1.1775
58888.338924585 2458888.8398766946 126.91599839483388 31.732797604054213 0.0 1.0 0.0 6675878.990649851 298351.23552020814 1.1775
58888.340220879996 2458888.841173008 128.78266319283284 33.59946240205318 0.0 1.0 1.0 6677393.553650638 298436.4347612336 1.1775
58888.341517175 2458888.842469321 130.6493280013092 35.46612721052952 0.0 1.0 0.0 6674618.345598884 298295.9223653635 1.1775
58888.34281329 2458888.8437654525 132.51573359942995 37.332532808650285 0.0 1.0 1.0 6676693.868230252 298394.7451941784 1.1775
58888.34410977 2458888.845061947 134.38266479526646 39.1994640044868 0.0 1.0 0.0 6676515.316873015 298377.31481402874 1.1775
58888.345406065 2458888.8463582564 136.24932959326543 41.066128802485764 0.0 1.0 1.0 6675716.759433407 298351.53225476894 1.1775
58888.346702359995 2458888.8476545657 138.1159943912644 42.93279360048473 0.0 1.0 0.0 6676366.543458122 298370.5676790391 1.1775
58888.34799866 2458888.8489508787 139.9826663977001 44.79946560692042 0.0 1.0 1.0 6676142.420505944 298381.7053958702 1.1775
58888.349294955 2458888.8502471866 141.84933119569905 46.666130404919386 0.0 1.0 0.0 6675117.122907843 298317.66959307523 1.1775
58888.35059125 2458888.8515434945 143.71599599369802 48.53279520291835 0.0 1.0 1.0 6676294.059124587 298386.29466584424 1.1775
58888.384294955 2458888.8852479253 192.2493312007282 1.866132002323866 0.0 2.0 0.0 6657982.604964711 297569.82638159854 1.1775
58888.38559125 2458888.8865442607 194.11599599872716 3.7327968003228307 0.0 2.0 1.0 6663588.432299537 297837.54120126885 1.1775
58888.38688736 2458888.88784041 195.98239439888857 5.599195200484246 0.0 2.0 0.0 6663527.728099411 297812.151967081 1.1775
58888.388183845 2458888.8891369347 197.84933280316181 7.466133604757488 0.0 2.0 1.0 6666216.7155372705 297950.1581658575 1.1775
58888.389479955 2458888.890433083 199.71573120332323 9.332532004918903 0.0 2.0 0.0 6666730.019311336 297953.72400440054 1.1775
58888.390776435 2458888.8917295993 201.58266239915974 11.199463200755417 0.0 2.0 1.0 6667942.148737729 298026.68070334324 1.1775
58888.392072735 2458888.8930259356 203.44933439511806 13.06613519671373 0.0 2.0 0.0 6666271.967759447 297932.69913346914 1.1775
58888.393369030004 2458888.8943222654 205.3159992035944 14.932800005190074 0.0 2.0 1.0 6668104.000301817 298031.7783663976 1.1775
58888.394665325 2458888.8956185933 207.18266400159337 16.79946480318904 0.0 2.0 0.0 6666588.044514932 297946.91269618727 1.1775
58888.39596162 2458888.89691492 209.04932879959233 18.666129601188004 0.0 2.0 1.0 6668021.171403775 298027.40907497314 1.1775
58888.397257915 2458888.898211245 210.9159935975913 20.53279439918697 0.0 2.0 0.0 6667756.8189647775 297995.7734039345 1.1775
58888.398554215004 2458888.899507574 212.782665604027 22.39946640562266 0.0 2.0 1.0 6668877.652767641 298063.5821346082 1.1775
58888.39985051 2458888.900803895 214.64933040202595 24.266131203621626 0.0 2.0 0.0 6668637.622940106 298033.9394345654 1.1775
58888.401146805 2458888.902100215 216.51599520002492 26.13279600162059 0.0 2.0 1.0 6669290.891300095 298080.5373031871 1.1775
58888.402443105 2458888.9033965385 218.38266719598323 27.999467997578904 0.0 2.0 0.0 6668309.704807282 298018.0644852564 1.1775
58888.403739400004 2458888.9046928557 220.24933200445957 29.866132806055248 0.0 2.0 1.0 6668953.709384751 298067.14130129374 1.1775
58888.405035695 2458888.9059891705 222.11599680245854 31.732797604054213 0.0 2.0 0.0 6667946.213445936 298003.0472910173 1.1775
58888.40633199 2458888.9072854845 223.9826616004575 33.59946240205318 0.0 2.0 1.0 6669482.374919837 298090.2426440756 1.1775
58888.407628285 2458888.9085817966 225.84932639845647 35.46612720005214 0.0 2.0 0.0 6669565.003687381 298074.22733669996 1.1775
58888.408924585 2458888.9098781133 227.71599839441478 37.332799196010455 0.0 2.0 1.0 6670242.490326158 298123.56037891505 1.1775
58888.41022088 2458888.9111744235 229.58266320289113 39.1994640044868 0.0 2.0 0.0 6669403.071927455 298066.51326504746 1.1775
58888.411517175 2458888.912470733 231.4493280008901 41.066128802485764 0.0 2.0 1.0 6670116.601987584 298116.5095855326 1.1775
58888.412813475 2458888.9137670468 233.3159999968484 42.93280079844408 0.0 2.0 0.0 6672710.46026968 298209.738114267 1.1775
58888.414109770005 2458888.9150633556 235.18266480532475 44.79946560692042 0.0 2.0 1.0 6673881.49484227 298281.79815141903 1.1775
58888.415406065 2458888.9163596635 237.0493296033237 46.666130404919386 0.0 2.0 0.0 6673241.67488124 298234.76864957216 1.1775
58888.41670236 2458888.9176559714 238.91599440132268 48.53279520291835 0.0 2.0 1.0 6674255.361257461 298296.6006782438 1.1775
58888.450417545 2458888.951371881 287.46586079592817 1.8658656044863164 0.0 3.0 0.0 6660597.517253116 297694.0689858893 1.1775
58888.451713845 2458888.952668221 289.33253280236386 3.7325376109220088 0.0 3.0 1.0 6666360.767618917 297957.5259425541 1.1775
58888.45301014 2458888.9539645556 291.1991976003628 5.5992024089209735 0.0 3.0 0.0 6666028.353033697 297921.5377135661 1.1775
58888.454306435 2458888.9552608896 293.0658623983618 7.465867206919938 0.0 3.0 1.0 6667849.908534451 298021.10683844174 1.1775
58888.455602735 2458888.9565572278 294.9325343943201 9.332539202878252 0.0 3.0 0.0 6667174.353683065 297972.4104304089 1.1775
58888.45689903 2458888.95785356 296.79919920279644 11.199204011354595 0.0 3.0 1.0 6670139.035669681 298121.4883725821 1.1775
58888.458195325 2458888.959149891 298.6658640007954 13.06586880935356 0.0 3.0 0.0 6669180.819217015 298060.2656957594 1.1775
58888.45949162 2458888.9604462204 300.5325287987944 14.932533607352525 0.0 3.0 1.0 6670690.224209209 298147.43965376326 1.1775
58888.460787915 2458888.9617425487 302.39919359679334 16.79919840535149 0.0 3.0 0.0 6670072.153350658 298098.50066193973 1.1775
58888.462084215 2458888.9630388804 304.26586560322903 18.665870411787182 0.0 3.0 1.0 6671250.389562609 298168.96104522876 1.1775
58888.46338051 2458888.964335205 306.132530401228 20.532535209786147 0.0 3.0 0.0 6671133.012047938 298143.1247783843 1.1775
58888.464676805 2458888.9656315283 307.99919519922696 22.39920000778511 0.0 3.0 1.0 6672344.825108169 298214.75586236565 1.1775
58888.465973105 2458888.9669278553 309.8658671951853 24.265872003743425 0.0 3.0 0.0 6671894.939871038 298176.41836609406 1.1775
58888.467269400004 2458888.9682241757 311.7325320036616 26.13253681221977 0.0 3.0 1.0 6670829.287552536 298139.5123712461 1.1775
58888.46856588 2458888.9695206787 313.59946319949813 27.999468008056283 0.0 3.0 0.0 6670497.621438019 298114.53955373046 1.1775
58888.46986199 2458888.9708168106 315.46586159965955 29.8658664082177 0.0 3.0 1.0 6671813.871313317 298190.3249058058 1.1775
58888.471158285 2458888.972113126 317.3325263976585 31.732531206216663 0.0 3.0 0.0 6669978.233062502 298092.70887748 1.1775
58888.472454585004 2458888.973409445 319.1991984040942 33.599203212652355 0.0 3.0 1.0 6671156.622522671 298165.26611225825 1.1775
58888.47375088 2458888.974705757 321.06586320209317 35.46586801065132 0.0 3.0 0.0 6672361.852265159 298197.2217553415 1.1775
58888.475047175 2458888.9760020687 322.93252800009213 37.332532808650285 0.0 3.0 1.0 6671287.840599131 298169.2622127159 1.1775
58888.476343475 2458888.977298384 324.79919999605045 39.1992048046086 0.0 3.0 0.0 6670661.507634853 298120.04854689003 1.1775
58888.477639770004 2458888.978594694 326.6658648045268 41.06586961308494 0.0 3.0 1.0 6671924.230229529 298195.65250837296 1.1775
58888.478936065 2458888.9798910026 328.53252960252576 42.93253441108391 0.0 3.0 0.0 6671259.314317226 298146.9110712351 1.1775
58888.48023236 2458888.981187311 330.3991944005247 44.79919920908287 0.0 3.0 1.0 6671812.556238622 298190.6019561984 1.1775
58888.48152866 2458888.982483624 332.26586639648303 46.665871205041185 0.0 3.0 0.0 6670116.947163848 298097.91884555283 1.1775
58888.482824955 2458888.9837799324 334.132531194482 48.53253600304015 0.0 3.0 1.0 6672430.347147412 298217.7910266681 1.1775
58946.83767614 2458947.3393639354 1.8658656044863164 1.8658656044863164 1.0 4.0 0.0 6619902.844464022 295915.8070992313 1.1775
58946.838972435 2458947.3406602414 3.7325304024852812 3.7325304024852812 1.0 4.0 1.0 6647241.702340546 297119.5188466338 1.1775
58946.84026873 2458947.3419565475 5.599195200484246 5.599195200484246 1.0 4.0 0.0 6652957.273142025 297359.24608394655 1.1775
58946.84156503 2458947.3432528577 7.465867206919938 7.465867206919938 1.0 4.0 1.0 6665327.498545 297909.9112175428 1.1775
58946.842861325 2458947.3445491623 9.332532004918903 9.332532004918903 1.0 4.0 0.0 6667197.027964643 297982.6030609338 1.1775
58946.84415762 2458947.3458454665 11.199196802917868 11.199196802917868 1.0 4.0 1.0 6674700.89893551 298317.84093072853 1.1775
58946.84545392 2458947.3471417744 13.06586880935356 13.06586880935356 1.0 4.0 0.0 6674371.037851026 298292.5392143571 1.1775
58946.846750215 2458947.348438077 14.932533607352525 14.932533607352525 1.0 4.0 1.0 6680715.331357376 298581.06598852796 1.1775
58946.84804651 2458947.3497343785 16.79919840535149 16.79919840535149 1.0 4.0 0.0 6679225.730236199 298504.6718245505 1.1775
58946.849342805 2458947.3510306785 18.665863203350455 18.665863203350455 1.0 4.0 1.0 6683999.614864174 298725.106653125 1.1775
58946.8506391 2458947.3523269785 20.53252800134942 20.53252800134942 1.0 4.0 0.0 6682701.280233644 298655.7164119806 1.1775
58946.8519354 2458947.3536232817 22.39920000778511 22.39920000778511 1.0 4.0 1.0 6687168.804354961 298860.99180767965 1.1775
58946.853231695 2458947.354919579 24.265864805784076 24.265864805784076 1.0 4.0 0.0 6685160.348299361 298761.81589679135 1.1775
58946.85452799 2458947.356215875 26.13252960378304 26.13252960378304 1.0 4.0 1.0 6687954.13330385 298892.5798365757 1.1775
58946.85582429 2458947.3575121756 27.999201610218734 27.999201610218734 1.0 4.0 0.0 6686523.688234747 298822.44254604436 1.1775
58946.857120585 2458947.35880847 29.8658664082177 29.8658664082177 1.0 4.0 1.0 6689794.307690392 298971.32506705937 1.1775
58946.85841688 2458947.3601047634 31.732531206216663 31.732531206216663 1.0 4.0 0.0 6688904.974753548 298927.88850944076 1.1775
58946.859713175 2458947.361401056 33.59919600421563 33.59919600421563 1.0 4.0 1.0 6690424.299335043 299004.29446684045 1.1775
58946.861009475004 2458947.3626973527 35.46586801065132 35.46586801065132 1.0 4.0 0.0 6688984.656680959 298930.9393389078 1.1775
58946.86230577 2458947.3639936442 37.332532808650285 37.332532808650285 1.0 4.0 1.0 6691718.748318421 299061.17776365945 1.1775
58946.863602065 2458947.3652899344 39.19919760664925 39.19919760664925 1.0 4.0 0.0 6689193.30952763 298938.5193494438 1.1775
58946.86489836 2458947.3665862246 41.065862404648215 41.065862404648215 1.0 4.0 1.0 6689986.1351932995 298982.0282273211 1.1775
58946.866194660004 2458947.3678825195 42.93253441108391 42.93253441108391 1.0 4.0 0.0 6689885.485710877 298968.0064150345 1.1775
58946.867490955 2458947.3691788097 44.79919920908287 44.79919920908287 1.0 4.0 1.0 6692074.475905838 299070.4846957792 1.1775
58946.86878725 2458947.370475099 46.66586400708184 46.66586400708184 1.0 4.0 0.0 6690809.126668041 299008.21294020757 1.1775
58946.870083545 2458947.3717713887 48.5325288050808 48.5325288050808 1.0 4.0 1.0 6692754.635573548 299101.0520972484 1.1775
58946.900754845 2458947.4024427715 92.69920080900192 1.8658656044863164 1.0 5.0 0.0 6678491.951670154 298473.5499620016 1.1775
58946.90205114 2458947.4037390784 94.56586560700089 3.7325304024852812 1.0 5.0 1.0 6685657.800176046 298798.8663309803 1.1775
58946.903347435 2458947.4050353845 96.43253040499985 5.599195200484246 1.0 5.0 0.0 6684321.523150729 298730.48616607045 1.1775
58946.904643735004 2458947.4063316956 98.29920241143554 7.465867206919938 1.0 5.0 1.0 6688383.268379919 298918.259118961 1.1775
58946.90594003 2458947.4076280016 100.16586720943451 9.332532004918903 1.0 5.0 0.0 6686401.800730063 298819.56025045016 1.1775
58946.907236325 2458947.408924307 102.03253200743347 11.199196802917868 1.0 5.0 1.0 6689081.785781941 298946.18719408155 1.1775
58946.90853262 2458947.410220612 103.89919680543244 13.065861600916833 1.0 5.0 0.0 6686699.696676919 298831.5077091416 1.1775
58946.909828915 2458947.411516916 105.7658616034314 14.932526398915797 1.0 5.0 1.0 6689996.221223635 298988.9159373731 1.1775
58946.911125215 2458947.4128132244 107.6325336098671 16.79919840535149 1.0 5.0 0.0 6689355.611429577 298947.9464408488 1.1775
58946.91242151 2458947.414109527 109.49919840786606 18.665863203350455 1.0 5.0 1.0 6690124.665728283 298993.5508634508 1.1775
58946.913717805 2458947.415405829 111.36586320586503 20.53252800134942 1.0 5.0 0.0 6689197.684724981 298939.935551765 1.1775
58946.915014105 2458947.4167021345 113.23253520182334 22.399199997307733 1.0 5.0 1.0 6690983.087862238 299030.8736736147 1.1775
58946.9163104 2458947.417998434 115.09920001029968 24.265864805784076 1.0 5.0 0.0 6689918.145576454 298971.0066921283 1.1775
58946.917606695 2458947.419294733 116.96586480829865 26.13252960378304 1.0 5.0 1.0 6691280.652868179 299039.69395378296 1.1775
58946.91890299 2458947.4205910307 118.83252960629761 27.999194401782006 1.0 5.0 0.0 6690369.787471382 298988.2224851532 1.1775
58946.920199285 2458947.421887327 120.69919440429658 29.86585919978097 1.0 5.0 1.0 6691142.087925882 299033.99155631155 1.1775
58946.921495585004 2458947.4231836274 122.56586641073227 31.732531206216663 1.0 5.0 0.0 6690579.338137339 298997.8365847459 1.1775
58946.92279188 2458947.4244799227 124.43253120873123 33.59919600421563 1.0 5.0 1.0 6692023.52154647 299072.2526806279 1.1775
58946.924088175 2458947.425776216 126.2991960067302 35.46586080221459 1.0 5.0 0.0 6690794.767627222 299009.3824075884 1.1775
58946.925384475 2458947.427072514 128.1658680026885 37.332532798172906 1.0 5.0 1.0 6692065.230047864 299073.834303891 1.1775
58946.926680770004 2458947.428368806 130.03253281116486 39.19919760664925 1.0 5.0 0.0 6689836.442339286 298966.2110952439 1.1775
58946.927977065 2458947.4296650975 131.89919760916382 41.065862404648215 1.0 5.0 1.0 6692524.656345932 299093.61102794565 1.1775
58946.92927336 2458947.4309613886 133.76586240716279 42.93252720264718 1.0 5.0 0.0 6688734.4170217225 298918.6270288974 1.1775
58946.930569660006 2458947.432257684 135.63253441359848 44.79919920908287 1.0 5.0 1.0 6691476.153873115 299050.7176413561 1.1775
58946.931865955004 2458947.4335539737 137.49919921159744 46.66586400708184 1.0 5.0 0.0 6688692.626150419 298915.92777976725 1.1775
58946.93316225 2458947.434850264 139.3658640095964 48.5325288050808 1.0 5.0 1.0 6690714.732490129 299014.1201520573 1.1775
58946.966831325 2458947.4685194087 187.84933200571686 1.865872791968286 1.0 6.0 0.0 6673828.275929149 298271.24404040334 1.1775
58946.96812762 2458947.4698157148 189.71599680371583 3.732537589967251 1.0 6.0 1.0 6679100.543363597 298511.87150187406 1.1775
58946.96942392 2458947.471112026 191.58266881015152 5.599209596402943 1.0 6.0 0.0 6678627.086434729 298481.72640392766 1.1775
58946.970720215 2458947.472408332 193.44933360815048 7.465874394401908 1.0 6.0 1.0 6682301.218304505 298652.63861652 1.1775
58946.97201651 2458947.473704638 195.31599840614945 9.332539192400873 1.0 6.0 0.0 6680125.03759429 298546.06678060716 1.1775
58946.973312805 2458947.475000943 197.1826632041484 11.199203990399837 1.0 6.0 1.0 6683150.265883486 298687.90127998416 1.1775
58946.9746091 2458947.4762972477 199.04932800214738 13.065868788398802 1.0 6.0 0.0 6682383.067952163 298642.53075578285 1.1775
58946.9759054 2458947.477593557 200.91600000858307 14.932540794834495 1.0 6.0 1.0 6684238.778788295 298733.74958944565 1.1775
58946.977201695 2458947.4788898607 202.78266480658203 16.79920559283346 1.0 6.0 0.0 6682414.575029882 298645.5645654783 1.1775
58946.97849799 2458947.480186163 204.649329604581 18.665870390832424 1.0 6.0 1.0 6684706.0101345815 298754.84831536247 1.1775
58946.979794290004 2458947.4814824695 206.5160016110167 20.532542397268116 1.0 6.0 0.0 6682758.03325751 298657.87000421644 1.1775
58946.981090585 2458947.48277877 208.38266640901566 22.39920719526708 1.0 6.0 1.0 6684813.821281362 298763.08571390045 1.1775
58946.98238688 2458947.48407507 210.24933120701462 24.265871993266046 1.0 6.0 0.0 6683585.36930799 298694.37065755355 1.1775
58946.983683175 2458947.4853713685 212.11599600501359 26.13253679126501 1.0 6.0 1.0 6685006.236022919 298759.05084713054 1.1775
58946.984979475004 2458947.4866676712 213.98266801144928 27.999208797700703 1.0 6.0 0.0 6682854.44873479 298660.7615074783 1.1775
58946.98627577 2458947.4879639675 215.84933280944824 29.865873595699668 1.0 6.0 1.0 6687047.363321452 298856.2529561104 1.1775
58946.987572065 2458947.4892602633 217.7159976074472 31.732538393698633 1.0 6.0 0.0 6684206.561061305 298719.03163264395 1.1775
58946.98886836 2458947.490556558 219.58266240544617 33.5992031916976 1.0 6.0 1.0 6685409.614566965 298783.5900831456 1.1775
58946.990164660005 2458947.4918528567 221.44933441188186 35.46587519813329 1.0 6.0 0.0 6684399.2025405895 298727.88859417685 1.1775
58946.991460955 2458947.4931491497 223.31599920988083 37.332539996132255 1.0 6.0 1.0 6687442.741428622 298872.2470289964 1.1775
58946.99275725 2458947.4944454418 225.1826640078798 39.19920479413122 1.0 6.0 0.0 6688532.487005745 298908.72657697514 1.1775
58946.994053545 2458947.4957417333 227.04932880587876 41.065869592130184 1.0 6.0 1.0 6689445.232269429 298960.92420420056 1.1775
58946.995349845005 2458947.497038029 228.91600081231445 42.93254159856588 1.0 6.0 0.0 6688993.183075526 298928.141161784 1.1775
58946.99664614 2458947.4983343193 230.78266561031342 44.79920639656484 1.0 6.0 1.0 6689324.593323055 298955.847060535 1.1775
58946.997942435 2458947.49963061 232.64933040831238 46.665871194563806 1.0 6.0 0.0 6686926.08660909 298839.891652922 1.1775
58946.99923873 2458947.5009268997 234.51599520631135 48.53253599256277 1.0 6.0 1.0 6689902.709521486 298979.4372542796 1.1775
58947.03290762 2458947.5345958583 282.99919680459425 1.8658656044863164 1.0 7.0 0.0 6677356.508995393 298425.75281363557 1.1775
58947.034203920004 2458947.5358921695 284.86586881102994 3.7325376109220088 1.0 7.0 1.0 6682212.946929712 298648.2026177221 1.1775
58947.035500215 2458947.5371884755 286.7325336090289 5.5992024089209735 1.0 7.0 0.0 6681420.347648748 298605.4406368174 1.1775
58947.03679651 2458947.538484782 288.59919840702787 7.465867206919938 1.0 7.0 1.0 6684967.826294874 298768.6746115614 1.1775
58947.038092805 2458947.5397810875 290.46586320502684 9.332532004918903 1.0 7.0 0.0 6684325.225157338 298728.25550597045 1.1775
58947.0393891 2458947.5410773926 292.3325280030258 11.199196802917868 1.0 7.0 1.0 6686441.5077926945 298831.97791270283 1.1775
58947.0406854 2458947.542373702 294.1992000094615 13.06586880935356 1.0 7.0 0.0 6685474.282821319 298779.45152429794 1.1775
58947.041981695 2458947.5436700066 296.06586480746046 14.932533607352525 1.0 7.0 1.0 6687677.350389264 298888.03240176657 1.1775
58947.04327799 2458947.5449663093 297.9325296054594 16.79919840535149 1.0 7.0 0.0 6686725.903046767 298833.7194344328 1.1775
58947.044574290005 2458947.5462626168 299.7992016118951 18.665870411787182 1.0 7.0 1.0 6687043.413730757 298857.87083023874 1.1775
58947.045870585 2458947.5475589186 301.6658664098941 20.532535209786147 1.0 7.0 0.0 6686716.431914377 298832.1191869831 1.1775
58947.04716688 2458947.5488552195 303.53253120789304 22.39920000778511 1.0 7.0 1.0 6688815.59628785 298935.4614166698 1.1775
58947.048463175 2458947.550151519 305.399196005892 24.265864805784076 1.0 7.0 0.0 6686838.17705548 298837.6431528143 1.1775
58947.049759475005 2458947.5514478222 307.2658680123277 26.13253681221977 1.0 7.0 1.0 6688646.607275484 298927.6413492754 1.1775
58947.05105577 2458947.55274412 309.13253281032667 27.999201610218734 1.0 7.0 0.0 6687304.303376776 298859.202538289 1.1775
58947.052352065 2458947.5540404166 310.99919760832563 29.8658664082177 1.0 7.0 1.0 6688872.967800423 298936.85800233396 1.1775
58947.05364836 2458947.5553367124 312.8658624063246 31.732531206216663 1.0 7.0 0.0 6687308.817721834 298856.1299964681 1.1775
58947.054944660005 2458947.556633012 314.7325344127603 33.599203212652355 1.0 7.0 1.0 6688670.490000122 298925.01027855714 1.1775
58947.056240955004 2458947.5579293054 316.59919921075925 35.46586801065132 1.0 7.0 0.0 6686764.900436613 298831.183274524 1.1775
58947.05753725 2458947.559225599 318.4658640087582 37.332532808650285 1.0 7.0 1.0 6689087.79720239 298942.17061032756 1.1775
58947.058833545 2458947.560521891 320.3325288067572 39.19919760664925 1.0 7.0 0.0 6687437.543269633 298862.42546625994 1.1775
58947.060129845006 2458947.5618181876 322.1992008131929 41.06586961308494 1.0 7.0 1.0 6687920.807402479 298894.11498077336 1.1775
58947.061426140004 2458947.5631144783 324.06586561119184 42.93253441108391 1.0 7.0 0.0 6687383.823421701 298860.73793045594 1.1775
58947.062722435 2458947.564410769 325.9325304091908 44.79919920908287 1.0 7.0 1.0 6687636.76981271 298880.60272428894 1.1775
58947.06401873 2458947.565707059 327.79919520718977 46.66586400708184 1.0 7.0 0.0 6686479.622437097 298819.561561435 1.1775
58947.065315030006 2458947.567003354 329.66586721362546 48.53253601351753 1.0 7.0 1.0 6689159.756489267 298948.5679848613 1.1775
59120.318630155 2459120.8177504004 1.8658656044863164 1.8658656044863164 2.0 8.0 0.0 6637205.851327984 296674.68913881556 1.1775
59120.319926455 2459120.819046701 3.73253760044463 3.73253760044463 2.0 8.0 1.0 6656146.918234632 297511.96828897786 1.1775
59120.321222750004 2459120.8203429957 5.5992024089209735 5.5992024089209735 2.0 8.0 0.0 6657546.560921943 297561.811658219 1.1775
59120.322519045 2459120.82163929 7.465867206919938 7.465867206919938 2.0 8.0 1.0 6667553.265780636 298009.3171374172 1.1775
59120.32381534 2459120.822935584 9.332532004918903 9.332532004918903 2.0 8.0 0.0 6667502.758373547 297996.96231875 1.1775
59120.32511164 2459120.824231882 11.199204000877216 11.199204000877216 2.0 8.0 1.0 6674806.286655867 298324.3358495276 1.1775
59120.326407935 2459120.8255281746 13.065868798876181 13.065868798876181 2.0 8.0 0.0 6674599.413649537 298304.4664454636 1.1775
59120.32770423 2459120.8268244658 14.932533607352525 14.932533607352525 2.0 8.0 1.0 6680800.472357333 298585.6695309345 1.1775
59120.329000525 2459120.8281207564 16.79919840535149 16.79919840535149 2.0 8.0 0.0 6678020.516786322 298455.1027642766 1.1775
59120.330296825 2459120.829417051 18.665870401309803 18.665870401309803 2.0 8.0 1.0 6684097.675376601 298731.1699107057 1.1775
59120.331593120005 2459120.830713339 20.532535209786147 20.532535209786147 2.0 8.0 0.0 6680790.202134666 298576.6356095783 1.1775
59120.332889415 2459120.832009626 22.39920000778511 22.39920000778511 2.0 8.0 1.0 6685561.55426761 298795.0305831411 1.1775
59120.334185715 2459120.833305917 24.265872003743425 24.265872003743425 2.0 8.0 0.0 6683342.129211247 298688.8149829431 1.1775
59120.33548201 2459120.8346022028 26.13253680174239 26.13253680174239 2.0 8.0 1.0 6687414.700512476 298877.35393248836 1.1775
59120.336778305 2459120.8358984864 27.999201599741355 27.999201599741355 2.0 8.0 0.0 6685845.663164707 298797.5265652565 1.1775
59120.338074600004 2459120.837194769 29.8658664082177 29.8658664082177 2.0 8.0 1.0 6688460.075313426 298921.74890158104 1.1775
59120.339370895 2459120.838491051 31.732531206216663 31.732531206216663 2.0 8.0 0.0 6687148.807959303 298853.91247307765 1.1775
59120.340667195 2459120.839787337 33.59920320217498 33.59920320217498 2.0 8.0 1.0 6689914.386324773 298986.17143367225 1.1775
59120.341963490006 2459120.841083617 35.46586801065132 35.46586801065132 2.0 8.0 0.0 6686825.610547425 298839.53160180344 1.1775
59120.343259785004 2459120.842379896 37.332532808650285 37.332532808650285 2.0 8.0 1.0 6691181.001095981 299039.55277795496 1.1775
59120.344556085 2459120.8436761796 39.1992048046086 39.1992048046086 2.0 8.0 0.0 6688213.690739916 298901.0265152433 1.1775
59120.34585238 2459120.844972458 41.06586960260756 41.06586960260756 2.0 8.0 1.0 6690492.004186845 299009.1971656096 1.1775
59120.347148675 2459120.846268736 42.93253440060653 42.93253440060653 2.0 8.0 0.0 6687593.181347155 298872.6762248002 1.1775
59120.348444970004 2459120.847565013 44.79919920908287 44.79919920908287 2.0 8.0 1.0 6689957.369215853 298984.1307393951 1.1775
59120.349741265 2459120.8488612906 46.66586400708184 46.66586400708184 2.0 8.0 0.0 6687182.993683431 298853.1546256093 1.1775
59120.351037565 2459120.850157573 48.53253600304015 48.53253600304015 2.0 8.0 1.0 6688765.3000215255 298933.9744321281 1.1775
59120.382449785 2459120.8815695937 93.76613280270249 1.866132002323866 2.0 9.0 0.0 6676492.138753651 298392.37870613456 1.1775
59120.383746085 2459120.8828658946 95.6328047986608 3.7328039982821792 2.0 9.0 1.0 6682348.382561477 298658.2469203137 1.1775
59120.38504238 2459120.8841621904 97.49946960713714 5.599468806758523 2.0 9.0 0.0 6681876.337544894 298627.0077244053 1.1775
59120.38633849 2459120.8854583004 99.36586800729856 7.465867206919938 2.0 9.0 1.0 6685234.257590495 298782.1764131937 1.1775
59120.38763497 2459120.88675478 101.23279920313507 9.332798402756453 2.0 9.0 0.0 6683500.365963125 298696.41926406324 1.1775
59120.38893108 2459120.8880508896 103.09919760329649 11.199196802917868 2.0 9.0 1.0 6687693.425657405 298890.9350461224 1.1775
59120.390227565 2459120.8893473735 104.96613600756973 13.06613520719111 2.0 9.0 0.0 6685386.883998411 298777.7208842544 1.1775
59120.39152386 2459120.8906436665 106.8328008055687 14.932800005190074 2.0 9.0 1.0 6688061.19786289 298906.5483813557 1.1775
59120.392820155 2459120.8919399586 108.69946560356766 16.79946480318904 2.0 9.0 0.0 6686013.317068011 298806.57303759904 1.1775
59120.39411627 2459120.89323607 110.56587120168842 18.665870401309803 2.0 9.0 1.0 6687648.647055308 298887.42839270964 1.1775
59120.395412750004 2459120.8945325455 112.43280240800232 20.532801607623696 2.0 9.0 0.0 6686947.6872572275 298844.86938462924 1.1775
59120.396709045 2459120.8958288347 114.29946720600128 22.39946640562266 2.0 9.0 1.0 6689662.145905267 298975.2192453265 1.1775
59120.39800534 2459120.8971251226 116.16613200400025 24.266131203621626 2.0 9.0 0.0 6686419.4877398815 298822.0052071463 1.1775
59120.399301640005 2459120.898421415 118.03280401043594 26.132803210057318 2.0 9.0 1.0 6688771.048023282 298933.73449061613 1.1775
59120.400597935004 2459120.8997177007 119.8994688084349 27.999468008056283 2.0 9.0 0.0 6687365.714819308 298864.81888507504 1.1775
59120.40189423 2459120.9010139853 121.76613360643387 29.866132806055248 2.0 9.0 1.0 6688393.017842676 298918.5674314103 1.1775
59120.403190525 2459120.902310269 123.63279840443283 31.732797604054213 2.0 9.0 0.0 6687261.183940203 298859.8446766835 1.1775
59120.404486825 2459120.903606557 125.49947040039115 33.599469600012526 2.0 9.0 1.0 6690375.896287958 299006.99459622015 1.1775
59120.405783120004 2459120.9049028386 127.36613520886749 35.46613440848887 2.0 9.0 0.0 6688398.776758539 298909.1771327195 1.1775
59120.407079415 2459120.906199119 129.23280000686646 37.332799206487834 2.0 9.0 1.0 6690010.137650049 298989.18972703355 1.1775
59120.408375715 2459120.9074954037 131.09947200282477 39.19947120244615 2.0 9.0 0.0 6687353.9677274665 298862.80247128505 1.1775
59120.40967201 2459120.908791683 132.96613680082373 41.06613600044511 2.0 9.0 1.0 6688860.933002354 298937.9631352087 1.1775
59120.410968305 2459120.9100879612 134.8328015988227 42.93280079844408 2.0 9.0 0.0 6687973.0107534295 298888.6604370072 1.1775
59120.4122646 2459120.9113842393 136.69946640729904 44.79946560692042 2.0 9.0 1.0 6688513.995497598 298921.07176506746 1.1775
59120.413560895 2459120.9126805165 138.566131205298 46.666130404919386 2.0 9.0 0.0 6687213.6005769465 298854.17583166395 1.1775
59120.414857195 2459120.9139767997 140.43280320125632 48.5328024008777 2.0 9.0 1.0 6689812.640796148 298980.74865080847 1.1775
59120.44857238 2459120.947691755 188.9826696063392 1.865872802445665 2.0 10.0 0.0 6670514.710353892 298130.3827601982 1.1775
59120.449868675 2459120.9489880507 190.84933440433815 3.73253760044463 2.0 10.0 1.0 6676507.471097078 298403.08388461237 1.1775
59120.45116497 2459120.9502843465 192.71599920233712 5.599202398443595 2.0 10.0 0.0 6675259.726272108 298337.51786972524 1.1775
59120.452461265 2459120.951580642 194.58266400033608 7.465867196442559 2.0 10.0 1.0 6679222.135469898 298521.4890361119 1.1775
59120.453757565 2459120.9528769418 196.44933600677177 9.332539202878252 2.0 10.0 0.0 6677123.204877915 298417.66608912725 1.1775
59120.45505386 2459120.954173236 198.31600080477074 11.199204000877216 2.0 10.0 1.0 6679538.191062759 298530.27857076237 1.1775
59120.456350155 2459120.9554695305 200.1826656027697 13.065868798876181 2.0 10.0 0.0 6679263.873954196 298510.78822775045 1.1775
59120.457646455 2459120.9567658287 202.04933759872802 14.932540794834495 2.0 10.0 1.0 6681328.202611355 298610.4893827079 1.1775
59120.45894275 2459120.9580621207 203.91600240720436 16.79920560331084 2.0 10.0 0.0 6679690.2594477385 298527.3125607668 1.1775
59120.460239045 2459120.959358412 205.78266720520332 18.665870401309803 2.0 10.0 1.0 6681544.88281287 298620.8556329691 1.1775
59120.46153534 2459120.9606547025 207.6493320032023 20.532535199308768 2.0 10.0 0.0 6679524.441051126 298518.9110233589 1.1775
59120.462831640005 2459120.961950997 209.51600400963798 22.39920720574446 2.0 10.0 1.0 6682354.937543578 298656.5082933231 1.1775
59120.464127935 2459120.9632472848 211.38266880763695 24.265872003743425 2.0 10.0 0.0 6681589.920086063 298610.2962119213 1.1775
59120.46542423 2459120.9645435717 213.2493336056359 26.13253680174239 2.0 10.0 1.0 6682472.876794753 298660.42559051735 1.1775
59120.466720525 2459120.965839858 215.11599840363488 27.999201599741355 2.0 10.0 0.0 6680380.984954749 298557.82758995757 1.1775
59120.468016825 2459120.967136148 216.9826703995932 29.865873595699668 2.0 10.0 1.0 6683380.471636601 298700.55359337135 1.1775
59120.469313120004 2459120.968432431 218.84933520806953 31.73253840417601 2.0 10.0 0.0 6681779.551612867 298619.66943284695 1.1775
59120.470609415 2459120.969728714 220.7160000060685 33.59920320217498 2.0 10.0 1.0 6682811.257873982 298675.1124616717 1.1775
59120.471905715 2459120.9710250003 222.5826720020268 35.46587519813329 2.0 10.0 0.0 6680932.19185317 298584.219429142 1.1775
59120.473202010005 2459120.972321281 224.44933681050315 37.332540006609634 2.0 10.0 1.0 6682951.002589082 298681.9315057062 1.1775
59120.474498305004 2459120.9736175607 226.31600160850212 39.1992048046086 2.0 10.0 0.0 6680290.537658987 298552.17596759804 1.1775
59120.4757946 2459120.9749138397 228.18266640650108 41.06586960260756 2.0 10.0 1.0 6683225.117083681 298694.6234959765 1.1775
59120.477090895 2459120.9762101183 230.04933120450005 42.93253440060653 2.0 10.0 0.0 6681370.899007038 298600.8007777011 1.1775
59120.478387195 2459120.9775064015 231.91600320045836 44.79920639656484 2.0 10.0 1.0 6683054.233282347 298686.0428649048 1.1775
59120.479683490004 2459120.9788026786 233.7826680089347 46.665871205041185 2.0 10.0 0.0 6682215.309067894 298636.7502094467 1.1775
59120.480979785 2459120.980098956 235.64933280693367 48.53253600304015 2.0 10.0 1.0 6683954.091485547 298722.8453183425 1.1775
59120.51469497 2459121.0138139124 284.19919920153916 1.865858396049589 2.0 11.0 0.0 6673700.675930648 298270.36807887047 1.1775
59120.515991265 2459121.015110208 286.0658639995381 3.7325231940485537 2.0 11.0 1.0 6679716.408690437 298542.42374372645 1.1775
59120.517287565 2459121.016406509 287.9325360059738 5.599195200484246 2.0 11.0 0.0 6679065.191611459 298502.12634754885 1.1775
59120.51858386 2459121.0177028044 289.7992008039728 7.465859998483211 2.0 11.0 1.0 6682578.170760933 298665.8160814296 1.1775
59120.519880155 2459121.0189991 291.66586560197175 9.332524796482176 2.0 11.0 0.0 6680488.333995679 298564.52820757555 1.1775
59120.521176455004 2459121.0202953997 293.53253760840744 11.199196802917868 2.0 11.0 1.0 6682268.494204246 298652.5354067628 1.1775
59120.52247275 2459121.0215916936 295.3992024064064 13.065861600916833 2.0 11.0 0.0 6680947.238511336 298582.4852691521 1.1775
59120.523769045 2459121.0228879866 297.26586720440537 14.932526398915797 2.0 11.0 1.0 6683762.17634036 298725.8722933982 1.1775
59120.52506534 2459121.024184279 299.13253200240433 16.799191196914762 2.0 11.0 0.0 6681324.415480655 298598.7700185864 1.1775
59120.526361640004 2459121.025480576 300.99920400884 18.665863203350455 2.0 11.0 1.0 6684354.847020617 298754.377438554 1.1775
59120.527657935 2459121.026776866 302.865868806839 20.53252800134942 2.0 11.0 0.0 6682719.012491295 298659.9444188755 1.1775
59120.52895423 2459121.0280731553 304.73253360483795 22.399192799348384 2.0 11.0 1.0 6685104.974528673 298776.35480968544 1.1775
59120.530250525 2459121.0293694437 306.5991984028369 24.26585759734735 2.0 11.0 0.0 6682646.585878307 298656.8011967465 1.1775
59120.531546825 2459121.0306657357 308.46587039879523 26.132529593305662 2.0 11.0 1.0 6685130.718960698 298779.97044505994 1.1775
59120.53284312 2459121.0319620213 310.3325352072716 27.999194401782006 2.0 11.0 0.0 6684597.890850039 298743.63151603146 1.1775
59120.534139415 2459121.033258306 312.19920000527054 29.86585919978097 2.0 11.0 1.0 6684341.832073644 298742.16445468663 1.1775
59120.535435715 2459121.034554595 314.06587200122885 31.732531195739284 2.0 11.0 0.0 6684714.854708918 298748.8673162712 1.1775
59120.536732010005 2459121.0358508774 315.9325368097052 33.59919600421563 2.0 11.0 1.0 6684561.071006118 298751.9567705592 1.1775
59120.538028305 2459121.0371471588 317.79920160770416 35.46586080221459 2.0 11.0 0.0 6683464.146180742 298692.50707959634 1.1775
59120.5393246 2459121.038443439 319.6658664057031 37.33252560021356 2.0 11.0 1.0 6685276.109867176 298784.1265342257 1.1775
59120.540620895 2459121.0397397196 321.5325312037021 39.19919039821252 2.0 11.0 0.0 6683322.0162812155 298687.47769846715 1.1775
59120.541917195 2459121.0410360033 323.3992031996604 41.065862394170836 2.0 11.0 1.0 6686007.811494787 298816.1372160895 1.1775
59120.543213490004 2459121.042332282 325.26586800813675 42.93252720264718 2.0 11.0 0.0 6684056.81513886 298718.20491728047 1.1775
59120.544509785 2459121.0436285594 327.1325328061357 44.799192000646144 2.0 11.0 1.0 6685182.500726521 298776.71179715666 1.1775
59120.545806085 2459121.044924842 328.999204802094 46.66586399660446 2.0 11.0 0.0 6683445.042131168 298689.7749653781 1.1775
59120.547102380006 2459121.0462211194 330.86586961057037 48.5325288050808 2.0 11.0 1.0 6684127.027168257 298731.6774743431 1.1775
59178.899314755 2459179.3987022704 1.8658655940089375 1.8658655940089375 3.0 12.0 0.0 6611263.032864196 295533.09209065145 1.1775
59178.900611054996 2459179.399998604 3.732537589967251 3.732537589967251 3.0 12.0 1.0 6635613.275089943 296617.39509388385 1.1775
59178.901907349995 2459179.401294932 5.599202387966216 5.599202387966216 3.0 12.0 0.0 6639287.354829273 296757.21854418755 1.1775
59178.903203645 2459179.4025912588 7.465867196442559 7.465867196442559 3.0 12.0 1.0 6652264.6038087085 297345.0999771446 1.1775
59178.90449994 2459179.4038875857 9.332531994441524 9.332531994441524 3.0 12.0 0.0 6652937.408508123 297355.24243973393 1.1775
59178.905796235 2459179.405183911 11.199196792440489 11.199196792440489 3.0 12.0 1.0 6662847.380763354 297808.5504207529 1.1775
59178.907092535 2459179.4064802397 13.065868798876181 13.065868798876181 3.0 12.0 0.0 6662533.555050052 297774.55964799854 1.1775
59178.90838883 2459179.407776562 14.932533596875146 14.932533596875146 3.0 12.0 1.0 6669960.632120857 298120.17661748454 1.1775
59178.909685125 2459179.4090728834 16.79919839487411 16.79919839487411 3.0 12.0 0.0 6667748.859006008 298002.7335947139 1.1775
59178.910981425 2459179.410369208 18.665870390832424 18.665870390832424 3.0 12.0 1.0 6672979.712385763 298251.2670222084 1.1775
59178.912277719995 2459179.4116655253 20.53253518883139 20.53253518883139 3.0 12.0 0.0 6671567.855933125 298170.1555615283 1.1775
59178.913574015 2459179.412961841 22.399199997307733 22.399199997307733 3.0 12.0 1.0 6676099.641451163 298377.37182142213 1.1775
59178.91487031 2459179.4142581555 24.265864795306697 24.265864795306697 3.0 12.0 0.0 6674442.764882471 298291.7987875193 1.1775
59178.91616661 2459179.4155544727 26.13253679126501 26.13253679126501 3.0 12.0 1.0 6679176.299156078 298521.72534926655 1.1775
59178.917462904996 2459179.4168507834 27.999201589263976 27.999201589263976 3.0 12.0 0.0 6676646.248050293 298389.81339593366 1.1775
59178.918759199994 2459179.418147092 29.86586638726294 29.86586638726294 3.0 12.0 1.0 6680597.737495148 298584.4378619918 1.1775
59178.920055495 2459179.4194433996 31.732531195739284 31.732531195739284 3.0 12.0 0.0 6677445.268382493 298423.7027928658 1.1775
59178.921351795 2459179.420739711 33.5992031916976 33.5992031916976 3.0 12.0 1.0 6681887.201182976 298640.9492872817 1.1775
59178.922648089996 2459179.422036015 35.46586798969656 35.46586798969656 3.0 12.0 0.0 6679211.499851732 298502.3132401846 1.1775
59178.923944385 2459179.423332318 37.332532798172906 37.332532798172906 3.0 12.0 1.0 6682665.233179143 298674.7016973721 1.1775
59178.925240685 2459179.4246286256 39.19920479413122 39.19920479413122 3.0 12.0 0.0 6679706.376325214 298523.0768477881 1.1775
59178.92653698 2459179.425924927 41.065869592130184 41.065869592130184 3.0 12.0 1.0 6683558.150593959 298715.1245015214 1.1775
59178.927833275 2459179.427221228 42.93253439012915 42.93253439012915 3.0 12.0 0.0 6681106.368545725 298587.13813839224 1.1775
59178.929129569995 2459179.428517528 44.799199188128114 44.799199188128114 3.0 12.0 1.0 6684691.209323773 298766.010179454 1.1775
59178.96190735 2459179.4612957714 91.99920239509083 1.865872802445665 3.0 13.0 0.0 6667232.302409222 297977.5497913028 1.1775
59178.963203645 2459179.4625921003 93.8658671930898 3.73253760044463 3.0 13.0 1.0 6675218.655598999 298348.1429172284 1.1775
59178.964499940004 2459179.4638884296 95.73253200156614 5.5992024089209735 3.0 13.0 0.0 6673581.5377987735 298253.5082335039 1.1775
59178.965796235 2459179.4651847584 97.5991967995651 7.465867206919938 3.0 13.0 1.0 6679168.187458252 298509.07104035653 1.1775
59178.967092535 2459179.466481092 99.46586879552342 9.332539202878252 3.0 13.0 0.0 6676641.648755756 298388.51813071105 1.1775
59178.96838883 2459179.46777742 101.33253359352238 11.199204000877216 3.0 13.0 1.0 6680058.731108441 298557.9567660857 1.1775
59178.969685125 2459179.4690737473 103.19919839152135 13.065868798876181 3.0 13.0 0.0 6676980.701243877 298405.64550440334 1.1775
59178.970981425 2459179.4703700785 105.06587039795704 14.932540805311874 3.0 13.0 1.0 6681989.44422733 298642.49337861384 1.1775
59178.97227772 2459179.4716664036 106.932535195956 16.79920560331084 3.0 13.0 0.0 6678819.319166811 298485.8673230548 1.1775
59178.973574015 2459179.4729627273 108.79919999395497 18.665870401309803 3.0 13.0 1.0 6682983.199705352 298688.13056443987 1.1775
59178.974870310005 2459179.4742590496 110.66586480243132 20.532535209786147 3.0 13.0 0.0 6679429.186663304 298511.8476088007 1.1775
59178.976166609995 2459179.475555375 112.53253678791225 22.39920719526708 3.0 13.0 1.0 6683361.157779834 298705.7606612995 1.1775
59178.977462905 2459179.4768516943 114.3992015963886 24.265872003743425 3.0 13.0 0.0 6681806.942065166 298614.72027025226 1.1775
59178.9787592 2459179.478148011 116.26586639438756 26.13253680174239 3.0 13.0 1.0 6683322.5924258465 298703.9408208954 1.1775
59178.980055495 2459179.479444327 118.13253119238652 27.999201599741355 3.0 13.0 0.0 6680574.012839524 298560.9906860777 1.1775
59178.981351795 2459179.4807406454 119.99920319882222 29.865873606177047 3.0 13.0 1.0 6682812.19166841 298681.376552178 1.1775
59178.98264809 2459179.4820369575 121.86586799682118 31.73253840417601 3.0 13.0 0.0 6680405.339509711 298552.6460587873 1.1775
59178.983944385 2459179.4833332673 123.73253279482014 33.59920320217498 3.0 13.0 1.0 6683893.817415781 298728.00425907836 1.1775
59178.985240685 2459179.4846295808 125.59920479077846 35.46587519813329 3.0 13.0 0.0 6680303.395271216 298548.23866342305 1.1775
59178.986536979995 2459179.485925888 127.46586958877742 37.332539996132255 3.0 13.0 1.0 6684138.248055932 298739.3192242456 1.1775
59178.987833275 2459179.4872221933 129.33253439725377 39.1992048046086 3.0 13.0 0.0 6680677.800952333 298565.1586473615 1.1775
59178.98912957 2459179.4885184974 131.19919919525273 41.06586960260756 3.0 13.0 1.0 6682445.2395434035 298664.82767682057 1.1775
59178.990425865 2459179.4898148007 133.0658639932517 42.93253440060653 3.0 13.0 0.0 6681028.248347509 298580.0845505687 1.1775
59178.991722164996 2459179.4911111076 134.93253598921 44.79920639656484 3.0 13.0 1.0 6682524.929652893 298668.3940518184 1.1775
59178.993018459994 2459179.4924074085 136.79920078720897 46.665871194563806 3.0 13.0 0.0 6681288.666072999 298591.4655620538 1.1775
59178.994314755 2459179.493703709 138.66586559568532 48.53253600304015 3.0 13.0 1.0 6683395.351171328 298708.6443451826 1.1775
59179.028087905 2459179.527477328 187.29920159094036 1.865872791968286 3.0 14.0 0.0 6663102.46429665 297795.3965760651 1.1775
59179.029384199996 2459179.528773657 189.16586638893932 3.732537589967251 3.0 14.0 1.0 6670835.727243531 298155.91572107247 1.1775
59179.030680494994 2459179.5300699864 191.0325311869383 5.599202387966216 3.0 14.0 0.0 6669456.421624227 298074.64667077735 1.1775
59179.031976795 2459179.5313663203 192.89920319337398 7.465874394401908 3.0 14.0 1.0 6673361.579238033 298264.81703792687 1.1775
59179.03327309 2459179.532662649 194.76586799137294 9.332539192400873 3.0 14.0 0.0 6671311.6121888645 298154.51278388174 1.1775
59179.034569384996 2459179.533958977 196.6325327893719 11.199203990399837 3.0 14.0 1.0 6675359.006356823 298351.0516821918 1.1775
59179.035865679994 2459179.5352553045 198.49919758737087 13.065868788398802 3.0 14.0 0.0 6672334.582182285 298200.2824899368 1.1775
59179.03716198 2459179.5365516357 200.36586959380656 14.932540794834495 3.0 14.0 1.0 6675435.381336526 298358.63097438193 1.1775
59179.038458275 2459179.537847961 202.23253439180553 16.79920559283346 3.0 14.0 0.0 6673430.979407376 298247.1533107398 1.1775
59179.039754569996 2459179.5391442846 204.0991991898045 18.665870390832424 3.0 14.0 1.0 6676561.1972410055 298408.6277683488 1.1775
59179.04105087 2459179.5404406115 205.9658711962402 20.532542397268116 3.0 14.0 0.0 6673781.064104105 298264.9514509999 1.1775
59179.042347165 2459179.541736932 207.83253599423915 22.39920719526708 3.0 14.0 1.0 6677222.944161499 298436.66730071895 1.1775
59179.04364346 2459179.5430332515 209.69920079223812 24.265871993266046 3.0 14.0 0.0 6673791.646387411 298263.4283594925 1.1775
59179.044939755 2459179.5443295687 211.56586559023708 26.13253679126501 3.0 14.0 1.0 6676565.910744142 298406.8576293265 1.1775
59179.046236049995 2459179.545625884 213.43253038823605 27.999201589263976 3.0 14.0 0.0 6674173.014880007 298280.3360360982 1.1775
59179.04753235 2459179.5469222027 215.29920239467174 29.865873595699668 3.0 14.0 1.0 6675538.108789795 298363.180105142 1.1775
59179.048828645 2459179.548218515 217.1658671926707 31.732538393698633 3.0 14.0 0.0 6674361.848083406 298289.01640890667 1.1775
59179.05012494 2459179.5495148245 219.03253199066967 33.5992031916976 3.0 14.0 1.0 6675418.394569166 298357.87894449715 1.1775
59179.05142124 2459179.550811138 220.89920399710536 35.46587519813329 3.0 14.0 0.0 6674700.153219541 298302.7897602661 1.1775
59179.052717535 2459179.5521074445 222.76586879510432 37.332539996132255 3.0 14.0 1.0 6675777.123282114 298373.80677273613 1.1775
59179.05401383 2459179.5534037505 224.6325335931033 39.19920479413122 3.0 14.0 0.0 6675397.973358168 298333.49213898706 1.1775
59179.055310125 2459179.554700054 226.49919839110225 41.065869592130184 3.0 14.0 1.0 6677601.817566633 298452.11329601234 1.1775
59179.056606425 2459179.555996362 228.36587039753795 42.93254159856588 3.0 14.0 0.0 6675245.511993673 298327.17037526506 1.1775
59179.05790272 2459179.557292664 230.2325351955369 44.79920639656484 3.0 14.0 1.0 6677852.563854747 298466.7372334572 1.1775
59179.059199015 2459179.5585889653 232.09919999353588 46.665871194563806 3.0 14.0 0.0 6674184.346283224 298282.11804498703 1.1775
59179.06049531 2459179.559885266 233.96586479153484 48.53253599256277 3.0 14.0 1.0 6677194.496193637 298438.5926844833 1.1775
59179.09426846 2459179.5936588855 282.59920079726726 1.865872802445665 3.0 15.0 0.0 6666103.755461088 297927.2140241827 1.1775
59179.095564755 2459179.594955215 284.4658655952662 3.73253760044463 3.0 15.0 1.0 6673557.77192866 298275.5737166927 1.1775
59179.096861055004 2459179.5962515497 286.3325376017019 5.599209606880322 3.0 15.0 0.0 6671926.529908241 298180.29398994014 1.1775
59179.09815735 2459179.5975478785 288.1992023997009 7.465874404879287 3.0 15.0 1.0 6675428.216535076 298356.5554717312 1.1775
59179.099453645 2459179.5988442074 290.06586719769984 9.332539202878252 3.0 15.0 0.0 6674138.060161423 298281.1854701462 1.1775
59179.10074994 2459179.6001405357 291.9325319956988 11.199204000877216 3.0 15.0 1.0 6677308.9472354585 298439.170388474 1.1775
59179.102046235 2459179.6014368627 293.7991967936978 13.065868798876181 3.0 15.0 0.0 6674603.885208993 298297.57580953225 1.1775
59179.103342535 2459179.6027331944 295.66586880013347 14.932540805311874 3.0 15.0 1.0 6677908.314245019 298465.87329312385 1.1775
59179.10463883 2459179.604029519 297.53253359813243 16.79920560331084 3.0 15.0 0.0 6675176.671460286 298332.70741065196 1.1775
59179.105935125 2459179.605325843 299.3991983961314 18.665870401309803 3.0 15.0 1.0 6678111.800331507 298472.95639231626 1.1775
59179.107231425 2459179.6066221707 301.2658703920897 20.532542397268116 3.0 15.0 0.0 6675880.345008977 298353.4383287214 1.1775
59179.10852772 2459179.607918491 303.13253520056605 22.39920720574446 3.0 15.0 1.0 6678128.108852035 298473.94855328824 1.1775
59179.109824015 2459179.6092148097 304.999199998565 24.265872003743425 3.0 15.0 0.0 6676734.573440537 298391.41969026084 1.1775
59179.11112031 2459179.6105111274 306.865864796564 26.13253680174239 3.0 15.0 1.0 6680021.611125668 298557.8667461092 1.1775
59179.112416610005 2459179.611807448 308.7325368029997 27.999208808178082 3.0 15.0 0.0 6676768.219117905 298393.9047488676 1.1775
59179.113712905004 2459179.613103761 310.59920160099864 29.865873606177047 3.0 15.0 1.0 6679191.613341563 298522.0809925805 1.1775
59179.1150092 2459179.614400073 312.4658663989976 31.73253840417601 3.0 15.0 0.0 6677415.630366682 298420.7470291631 1.1775
59179.116305495 2459179.615696383 314.33253119699657 33.59920320217498 3.0 15.0 1.0 6679027.193935151 298515.79576592206 1.1775
59179.117601795 2459179.6169926967 316.1992031929549 35.46587519813329 3.0 15.0 0.0 6676651.255829022 298386.4405949477 1.1775
59179.118898090004 2459179.618289003 318.0658680014312 37.332540006609634 3.0 15.0 1.0 6679959.131191011 298554.50654983363 1.1775
59179.120194385 2459179.6195853082 319.9325327994302 39.1992048046086 3.0 15.0 0.0 6677368.34933551 298419.38000544976 1.1775
59179.121490685 2459179.620881617 321.7992047953885 41.06587680056691 3.0 15.0 1.0 6680081.1135654915 298562.79948951874 1.1775
59179.12278698 2459179.6221779203 323.66586959338747 42.93254159856588 3.0 15.0 0.0 6676830.753391664 298395.7501237535 1.1775
59179.124083275 2459179.623474222 325.53253439138643 44.79920639656484 3.0 15.0 1.0 6679188.211989147 298523.60238275066 1.1775
59179.12537957 2459179.624770523 327.3991991998628 46.665871205041185 3.0 15.0 0.0 6677431.0969615085 298423.65390398056 1.1775
59179.126675865 2459179.6260668235 329.26586399786174 48.53253600304015 3.0 15.0 1.0 6680509.2568094265 298583.3916381442 1.1775
59269.031274124995 2459269.53252416 1.8661391898058355 1.8661391898058355 4.0 16.0 0.0 6622540.555486799 296025.9084895654 1.1775
59269.03257042 2459269.5338204913 3.7328039982821792 3.7328039982821792 4.0 16.0 1.0 6644583.514023184 297007.7074043145 1.1775
59269.033866715006 2459269.535116822 5.599468806758523 5.599468806758523 4.0 16.0 0.0 6646983.6625254005 297093.4614951631 1.1775
59269.035163010005 2459269.536413152 7.466133604757488 7.466133604757488 4.0 16.0 1.0 6659709.184927319 297668.62354500574 1.1775
59269.036459309995 2459269.5377094857 9.332805590238422 9.332805590238422 4.0 16.0 0.0 6658400.895520716 297591.27623252285 1.1775
59269.03775560499 2459269.539005813 11.199470388237387 11.199470388237387 4.0 16.0 1.0 6667727.19041342 298017.8061042028 1.1775
59269.0390519 2459269.54030214 13.06613519671373 13.06613519671373 4.0 16.0 0.0 6665914.417339333 297920.16434491315 1.1775
59269.040348195005 2459269.5415984653 14.932800005190074 14.932800005190074 4.0 16.0 1.0 6671415.38095503 298180.3880166705 1.1775
59269.041644494995 2459269.542894794 16.79947199067101 16.79947199067101 4.0 16.0 0.0 6670066.479189454 298101.906315136 1.1775
59269.04294079 2459269.544191116 18.666136799147353 18.666136799147353 4.0 16.0 1.0 6675446.071666869 298354.4089625039 1.1775
59269.04423708501 2459269.545487437 20.532801607623696 20.532801607623696 4.0 16.0 0.0 6673402.590993943 298245.25868788024 1.1775
59269.045533380006 2459269.5467837555 22.39946640562266 22.39946640562266 4.0 16.0 1.0 6678526.603746512 298488.434018683 1.1775
59269.046829679995 2459269.5480800774 24.266138391103595 24.266138391103595 4.0 16.0 0.0 6675384.081058725 298332.37925012957 1.1775
59269.048125789996 2459269.549376208 26.13253679126501 26.13253679126501 4.0 16.0 1.0 6680523.755265008 298573.653654522 1.1775
59269.049422085 2459269.5506725213 27.999201599741355 27.999201599741355 4.0 16.0 0.0 6677463.715128188 298420.1266386213 1.1775
59269.050718385 2459269.551968838 29.865873595699668 29.865873595699668 4.0 16.0 1.0 6680851.525441005 298586.72756686993 1.1775
59269.05201468 2459269.5532651492 31.732538393698633 31.732538393698633 4.0 16.0 0.0 6678565.389240481 298468.3129223059 1.1775
59269.053310974996 2459269.5545614576 33.5992031916976 33.5992031916976 4.0 16.0 1.0 6681498.372581396 298615.28232841083 1.1775
59269.054607269994 2459269.555857765 35.46586798969656 35.46586798969656 4.0 16.0 0.0 6680190.865522506 298536.60823909246 1.1775
59269.055903565 2459269.557154072 37.332532798172906 37.332532798172906 4.0 16.0 1.0 6682603.149745186 298662.98646576545 1.1775
59269.057199865 2459269.558450382 39.19920479413122 39.19920479413122 4.0 16.0 0.0 6680297.767019148 298542.9085828231 1.1775
59269.058496159996 2459269.559746687 41.065869592130184 41.065869592130184 4.0 16.0 1.0 6681970.124025906 298634.5951159836 1.1775
59269.059792455 2459269.5610429905 42.93253440060653 42.93253440060653 4.0 16.0 0.0 6680417.804691894 298548.9682133126 1.1775
59269.061088755 2459269.562339299 44.79920639656484 44.79920639656484 4.0 16.0 1.0 6682672.643538161 298667.1734108483 1.1775
59269.06238505 2459269.5636356026 46.665871194563806 46.665871194563806 4.0 16.0 0.0 6681018.739389847 298576.14749986294 1.1775
59269.063681345 2459269.5649319054 48.53253599256277 48.53253599256277 4.0 16.0 1.0 6681968.750644939 298636.51439411845 1.1775
59269.097373565004 2459269.5986247375 97.04933280358091 1.8658656044863164 4.0 17.0 0.0 6667865.0407688 298007.70497361344 1.1775
59269.098669865 2459269.5999210733 98.91600479953922 3.73253760044463 4.0 17.0 1.0 6674424.103924287 298304.89020161325 1.1775
59269.09996616 2459269.6012174035 100.78266959753819 5.599202398443595 4.0 17.0 0.0 6674525.484687682 298297.3594483767 1.1775
59269.101262455 2459269.6025137333 102.64933439553715 7.465867196442559 4.0 17.0 1.0 6676738.183343863 298414.11311855353 1.1775
59269.102558754996 2459269.6038100673 104.51600639149547 9.332539192400873 4.0 17.0 0.0 6675477.5074426355 298337.54544535966 1.1775
59269.103855049994 2459269.605106395 106.38267118949443 11.199203990399837 4.0 17.0 1.0 6679615.854366236 298536.37529179984 1.1775
59269.105151345 2459269.6064027217 108.24933599797077 13.065868798876181 4.0 17.0 0.0 6677204.570139518 298411.3585529633 1.1775
59269.10644764 2459269.607699047 110.11600079596974 14.932533596875146 4.0 17.0 1.0 6680685.961459429 298582.17837653396 1.1775
59269.107743935 2459269.6089953706 111.9826655939687 16.79919839487411 4.0 17.0 0.0 6678078.924618433 298449.1501846071 1.1775
59269.109040235 2459269.610291698 113.8493376004044 18.665870401309803 4.0 17.0 1.0 6680199.683510064 298561.0226272963 1.1775
59269.11033653 2459269.611588018 115.71600239840336 20.532535199308768 4.0 17.0 0.0 6679411.106012231 298507.06925612007 1.1775
59269.111632825 2459269.612884337 117.58266719640233 22.399199997307733 4.0 17.0 1.0 6682441.133833494 298660.3785618984 1.1775
59269.112929124996 2459269.614180659 119.44933919236064 24.265871993266046 4.0 17.0 0.0 6678671.332842347 298473.9657824662 1.1775
59269.114225419995 2459269.6154769748 121.3160039903596 26.13253679126501 4.0 17.0 1.0 6681286.0886460645 298608.9429202675 1.1775
59269.115521715 2459269.616773288 123.18266879883595 27.999201599741355 4.0 17.0 0.0 6679981.699398889 298530.14940200764 1.1775
59269.11681801 2459269.6180696 125.04933359683491 29.86586639774032 4.0 17.0 1.0 6682378.7008464765 298656.0556334065 1.1775
59269.11811431 2459269.619365915 126.91600559279323 31.732538393698633 4.0 17.0 0.0 6680446.8962627975 298551.1536285345 1.1775
59269.119410605 2459269.6206622245 128.78267040126957 33.59920320217498 4.0 17.0 1.0 6681903.68305175 298632.33818482835 1.1775
59269.1207069 2459269.6219585324 130.64933519926853 35.46586800017394 4.0 17.0 0.0 6679944.118198791 298528.0716664342 1.1775
59269.122003195 2459269.6232548384 132.5159999972675 37.332532798172906 4.0 17.0 1.0 6681436.996300314 298611.27370214695 1.1775
59269.123299495 2459269.624551149 134.3826719932258 39.19920479413122 4.0 17.0 0.0 6679818.731735837 298521.921676794 1.1775
59269.124595789996 2459269.6258474537 136.24933679122478 41.065869592130184 4.0 17.0 1.0 6681290.053116186 298607.2602503804 1.1775
59269.125892085 2459269.627143758 138.11600159970112 42.93253440060653 4.0 17.0 0.0 6679730.6919144085 298519.0015233293 1.1775
59269.127188385 2459269.6284400662 139.98267359565943 44.79920639656484 4.0 17.0 1.0 6681144.672116453 298599.8848893973 1.1775
59269.12848468 2459269.6297363695 141.8493383936584 46.665871194563806 4.0 17.0 0.0 6680140.530648449 298537.1738979973 1.1775
59269.129780974996 2459269.6310326727 143.71600319165736 48.53253599256277 4.0 17.0 1.0 6682590.165032882 298664.08744156535 1.1775
59269.163473010005 2459269.664725318 192.23253360483795 1.8658656044863164 4.0 18.0 0.0 6662933.3886363115 297790.1406070349 1.1775
59269.164769309995 2459269.666021654 194.0992055903189 3.732537589967251 4.0 18.0 1.0 6668462.11246883 298033.9485958318 1.1775
59269.16606560499 2459269.667317984 195.96587038831785 5.599202387966216 4.0 18.0 0.0 6667399.740136359 297985.23704068235 1.1775
59269.1673619 2459269.668614314 197.8325351967942 7.465867196442559 4.0 18.0 1.0 6672028.843714797 298197.69068702677 1.1775
59269.168658195005 2459269.669910643 199.69920000527054 9.332532004918903 4.0 18.0 0.0 6669867.5746953 298092.46606737736 1.1775
59269.169954494995 2459269.6712069754 201.56587199075148 11.199203990399837 4.0 18.0 1.0 6672876.960995239 298233.58491620776 1.1775
59269.17125079 2459269.672503302 203.43253679922782 13.065868798876181 4.0 18.0 0.0 6671630.446877264 298167.36606402445 1.1775
59269.17254708501 2459269.6737996275 205.29920160770416 14.932533607352525 4.0 18.0 1.0 6674189.494908435 298298.2466163704 1.1775
59269.173843380006 2459269.6750959507 207.16586640570313 16.79919840535149 4.0 18.0 0.0 6672822.497296919 298219.8713198397 1.1775
59269.175139679995 2459269.676392278 209.03253839118406 18.665870390832424 4.0 18.0 1.0 6675043.884621103 298327.64637273527 1.1775
59269.176435974994 2459269.677688598 210.89920318918303 20.53253518883139 4.0 18.0 0.0 6673313.094059612 298242.4548849779 1.1775
59269.17773227 2459269.6789849172 212.76586799765937 22.399199997307733 4.0 18.0 1.0 6675827.2200123845 298362.587985008 1.1775
59269.17902857 2459269.6802812396 214.63253999361768 24.265871993266046 4.0 18.0 0.0 6673571.349674065 298252.2437869109 1.1775
59269.180324864996 2459269.681577555 216.49920479161665 26.13253679126501 4.0 18.0 1.0 6675803.2043939475 298375.81073205767 1.1775
59269.181621159994 2459269.6828738684 218.3658695896156 27.999201589263976 4.0 18.0 0.0 6674847.940168316 298307.3359514747 1.1775
59269.18291745499 2459269.6841701805 220.23253438761458 29.86586638726294 4.0 18.0 1.0 6676177.989699302 298390.345012564 1.1775
59269.18421375 2459269.685466491 222.09919919609092 31.732531195739284 4.0 18.0 0.0 6673116.589329925 298229.7662565202 1.1775
59269.185510049996 2459269.686762805 223.96587119204924 33.5992031916976 4.0 18.0 1.0 6675282.4479321325 298327.28923545376 1.1775
59269.186806344995 2459269.6880591125 225.8325359900482 35.46586798969656 4.0 18.0 0.0 6674221.185682328 298279.5331312949 1.1775
59269.18810264 2459269.6893554195 227.69920079852454 37.332532798172906 4.0 18.0 1.0 6680121.860678017 298554.38762895955 1.1775
59269.18939894 2459269.6906517297 229.56587279448286 39.19920479413122 4.0 18.0 0.0 6678369.161483169 298459.33790853084 1.1775
59269.190695235 2459269.6919480343 231.43253759248182 41.065869592130184 4.0 18.0 1.0 6678259.829103411 298473.36360162 1.1775
59269.191991529995 2459269.6932443385 233.2992023904808 42.93253439012915 4.0 18.0 0.0 6677493.701798045 298420.88981576834 1.1775
59269.19328782499 2459269.694540642 235.16586718847975 44.799199188128114 4.0 18.0 1.0 6679751.017394599 298538.5941734298 1.1775
59269.194584125 2459269.6958369506 237.03253919491544 46.665871194563806 4.0 18.0 0.0 6678293.449282138 298456.913543601 1.1775
59269.19588042 2459269.697133254 238.8992039929144 48.53253599256277 4.0 18.0 1.0 6679824.020891069 298542.02490596543 1.1775
59269.229584125 2459269.7308375677 287.4325391999446 1.865872802445665 4.0 19.0 0.0 6665467.8203184465 297900.28435299714 1.1775
59269.23088042 2459269.732133899 289.29920399794355 3.73253760044463 4.0 19.0 1.0 6671596.536307595 298179.0749617618 1.1775
59269.232176715 2459269.7334302287 291.1658687959425 5.599202398443595 4.0 19.0 0.0 6670472.180875457 298119.98515405523 1.1775
59269.23347301 2459269.7347265584 293.0325335939415 7.465867196442559 4.0 19.0 1.0 6673493.4600497205 298260.85949325596 1.1775
59269.23476931 2459269.736022892 294.8992056003772 9.332539202878252 4.0 19.0 0.0 6673126.563357924 298234.2962827824 1.1775
59269.236065605 2459269.73731922 296.76587039837614 11.199204000877216 4.0 19.0 1.0 6676065.5906239785 298380.9129305946 1.1775
59269.2373619 2459269.7386155464 298.6325351963751 13.065868798876181 4.0 19.0 0.0 6673792.410714593 298262.8695178112 1.1775
59269.238658195 2459269.7399118715 300.49919999437407 14.932533596875146 4.0 19.0 1.0 6675762.465007189 298351.24929103913 1.1775
59269.239954495 2459269.7412082 302.36587200080976 16.79920560331084 4.0 19.0 0.0 6673968.439216984 298269.6664338321 1.1775
59269.24125079 2459269.742504522 304.2325367988087 18.665870401309803 4.0 19.0 1.0 6676406.9454421615 298388.32719046745 1.1775
59269.242547085 2459269.7438008427 306.0992015968077 20.532535199308768 4.0 19.0 0.0 6675365.4946373515 298329.59569371573 1.1775
59269.24384338 2459269.7450971613 307.96586639480665 22.399199997307733 4.0 19.0 1.0 6676994.562870962 298412.03433310654 1.1775
59269.24513968 2459269.7463934836 309.83253840124235 24.265872003743425 4.0 19.0 0.0 6676146.602389981 298357.49890479003 1.1775
59269.246435975 2459269.747689799 311.6992031992413 26.13253680174239 4.0 19.0 1.0 6677495.901697855 298438.55028474185 1.1775
59269.24773227 2459269.748986113 313.5658679972403 27.999201599741355 4.0 19.0 0.0 6675772.470623012 298346.389709498 1.1775
59269.249028570004 2459269.7502824296 315.43254000367597 29.865873606177047 4.0 19.0 1.0 6677864.71931031 298448.16647714353 1.1775
59269.250324865 2459269.7515787403 317.29920480167493 31.73253840417601 4.0 19.0 0.0 6676863.642620894 298394.56434328295 1.1775
59269.25162116 2459269.7528750496 319.1658695996739 33.59920320217498 4.0 19.0 1.0 6677299.871617612 298424.74166735314 1.1775
59269.252917455 2459269.754171357 321.03253439767286 35.46586800017394 4.0 19.0 0.0 6676551.405110565 298379.3671011204 1.1775
59269.25421375 2459269.7554676635 322.8991991956718 37.332532798172906 4.0 19.0 1.0 6677650.674747237 298437.5479182881 1.1775
59269.25551005 2459269.756763974 324.7658712021075 39.1992048046086 4.0 19.0 0.0 6675814.734678899 298346.5521715654 1.1775
59269.256806345 2459269.7580602793 326.6325360001065 41.06586960260756 4.0 19.0 1.0 6678461.980398486 298475.7727163104 1.1775
59269.25810264 2459269.759356583 328.49920079810545 42.93253440060653 4.0 19.0 0.0 6676532.110446824 298379.5083170298 1.1775
59269.259398940005 2459269.760652892 330.36587280454114 44.79920640704222 4.0 19.0 1.0 6677282.904105365 298421.2812820922 1.1775
59269.260695235 2459269.761949195 332.2325376025401 46.665871205041185 4.0 19.0 0.0 6676604.376575853 298380.90132574213 1.1775
59269.26199153 2459269.7632454988 334.09920240053907 48.53253600304015 4.0 19.0 1.0 6677756.638618074 298443.20937741286 1.1775
