# %ECSV 0.9
# ---
# datatype:
# - {name: t_mjd, datatype: float64}
# - {name: t_bjd, datatype: float64}
# - {name: t_visit, datatype: float64}
# - {name: t_orbit, datatype: float64}
# - {name: ivisit, datatype: float64}
# - {name: iorbit, datatype: float64}
# - {name: scan, datatype: float64}
# - {name: spec_opt, datatype: float64}
# - {name: var_opt, datatype: float64}
# - {name: wave, datatype: float64}
# schema: astropy-2.0
t_mjd t_bjd t_visit t_orbit ivisit iorbit scan spec_opt var_opt wave
58888.252084215 2458888.753034453 1.8658655940089375 1.8658655940089375 0.0 0.0 0.0 6994795.527575961 312342.0962492973 1.5975
58888.253380509996 2458888.7543307883 3.7325303920079023 3.7325303920079023 0.0 0.0 1.0 7035110.362008208 314116.215978257 1.5975
58888.25467699 2458888.755627308 5.5994615983217955 5.5994615983217955 0.0 0.0 0.0 7049650.280901302 314738.95691993984 1.5975
58888.255973105 2458888.756923462 7.465867196442559 7.465867196442559 0.0 0.0 1.0 7066397.806462586 315497.6452104074 1.5975
58888.2572694 2458888.7582197953 9.332531994441524 9.332531994441524 0.0 0.0 0.0 7072666.361093181 315742.41501207586 1.5975
58888.258565694996 2458888.7595161274 11.199196792440489 11.199196792440489 0.0 0.0 1.0 7080634.876754246 316117.2110796255 1.5975
58888.259861989995 2458888.7608124586 13.065861590439454 13.065861590439454 0.0 0.0 0.0 7085985.732507099 316325.0552306091 1.5975
58888.261158285 2458888.7621087884 14.932526398915797 14.932526398915797 0.0 0.0 1.0 7089788.895404916 316505.0219846736 1.5975
58888.262454585 2458888.763405122 16.79919839487411 16.79919839487411 0.0 0.0 0.0 7092953.412083187 316628.15654997155 1.5975
58888.263750879996 2458888.7647014484 18.665863192873076 18.665863192873076 0.0 0.0 1.0 7096669.640285438 316803.37905092357 1.5975
58888.265047175 2458888.765997773 20.53252800134942 20.53252800134942 0.0 0.0 0.0 7099132.969471122 316897.81390517676 1.5975
58888.266343475 2458888.7672941014 22.399199997307733 22.399199997307733 0.0 0.0 1.0 7100182.143392678 316957.304047331 1.5975
58888.26763977 2458888.7685904233 24.265864795306697 24.265864795306697 0.0 0.0 0.0 7104710.160349954 317139.7718140632 1.5975
58888.268936065 2458888.7698867433 26.132529593305662 26.132529593305662 0.0 0.0 1.0 7104364.13568256 317149.11865358404 1.5975
58888.270232359995 2458888.7711830614 27.999194391304627 27.999194391304627 0.0 0.0 0.0 7104806.11520808 317144.34085457603 1.5975
58888.27152866 2458888.772479383 29.86586639774032 29.86586639774032 0.0 0.0 1.0 7105771.981072962 317201.15847328695 1.5975
58888.272824955 2458888.773775698 31.732531195739284 31.732531195739284 0.0 0.0 0.0 7106484.4894291675 317218.72582508565 1.5975
58888.274121434995 2458888.7750721965 33.5994623915758 33.5994623915758 0.0 0.0 1.0 7107692.552361397 317297.12967091164 1.5975
58888.275417545 2458888.776368324 35.46586080221459 35.46586080221459 0.0 0.0 0.0 7108717.30803473 317315.1363412994 1.5975
58888.276713845 2458888.77766464 37.332532798172906 37.332532798172906 0.0 0.0 1.0 7107685.813232595 317281.90719860594 1.5975
58888.27801014 2458888.7789609507 39.19919759617187 39.19919759617187 0.0 0.0 0.0 7110564.916295388 317395.52852735325 1.5975
58888.279306435 2458888.78025726 41.065862394170836 41.065862394170836 0.0 0.0 1.0 7109368.571942522 317368.634695007 1.5975
58888.280602735 2458888.7815535734 42.93253440060653 42.93253440060653 0.0 0.0 0.0 7111593.878639909 317440.45245658554 1.5975
58888.28189903 2458888.782849882 44.79919919860549 44.79919919860549 0.0 0.0 1.0 7109055.266537401 317342.5474590639 1.5975
58888.283195325 2458888.78414619 46.66586399660446 46.66586399660446 0.0 0.0 0.0 7111725.600665738 317444.330542514 1.5975
58888.28449162 2458888.7854424976 48.53252879460342 48.53252879460342 0.0 0.0 1.0 7111146.072452805 317446.47315964446 1.5975
58888.318183845 2458888.8191354494 97.04933279310353 1.866132002323866 0.0 1.0 0.0 7096872.472179059 316801.9640605933 1.5975
58888.319480139995 2458888.8204317843 98.9159975911025 3.7327968003228307 0.0 1.0 1.0 7100129.367922291 316969.12443164503 1.5975
58888.320776435 2458888.821728119 100.78266239957884 5.599461608799174 0.0 1.0 0.0 7103715.133849071 317101.29849406204 1.5975
58888.322072735 2458888.8230244583 102.64933439553715 7.466133604757488 0.0 1.0 1.0 7104044.502000967 317139.86384326 1.5975
58888.32336903 2458888.8243207913 104.51599919353612 9.332798402756453 0.0 1.0 0.0 7106312.062230818 317211.72407553194 1.5975
58888.324665325 2458888.825617124 106.38266400201246 11.199463211232796 0.0 1.0 1.0 7106503.045038603 317247.39142386115 1.5975
58888.32596162 2458888.826913455 108.24932880001143 13.066128009231761 0.0 1.0 0.0 7107862.054146283 317281.7230283617 1.5975
58888.32725773 2458888.8282095995 110.11572720017284 14.932526409393176 0.0 1.0 1.0 7107371.788330354 317284.82001511374 1.5975
58888.328554215 2458888.8295061174 111.9826655939687 16.79946480318904 0.0 1.0 0.0 7108646.803085773 317315.6679702387 1.5975
58888.329850509996 2458888.830802444 113.84933039196767 18.666129601188004 0.0 1.0 1.0 7107311.674758266 317281.7604362142 1.5975
58888.331146805 2458888.8320987695 115.71599520044401 20.532794409664348 0.0 1.0 0.0 7108685.618497112 317316.6778451765 1.5975
58888.332443105 2458888.833395098 117.58266719640233 22.39946640562266 0.0 1.0 1.0 7108432.313462667 317316.77868092095 1.5975
58888.3337394 2458888.8346914193 119.44933199440129 24.266131203621626 0.0 1.0 0.0 7109496.768010431 317351.3752166425 1.5975
58888.335035694996 2458888.8359877393 121.31599679240026 26.13279600162059 0.0 1.0 1.0 7107018.5700596245 317266.07135276456 1.5975
58888.336331989995 2458888.837284058 123.18266159039922 27.999460799619555 0.0 1.0 0.0 7109760.687867182 317359.8982759347 1.5975
58888.337628099995 2458888.8385801897 125.04905999056064 29.86585919978097 0.0 1.0 1.0 7108913.9073721375 317338.4242415401 1.5975
58888.338924585 2458888.8398766946 126.91599839483388 31.732797604054213 0.0 1.0 0.0 7109447.015480975 317345.8810488769 1.5975
58888.340220879996 2458888.841173008 128.78266319283284 33.59946240205318 0.0 1.0 1.0 7108567.2501655435 317333.79306266585 1.5975
58888.341517175 2458888.842469321 130.6493280013092 35.46612721052952 0.0 1.0 0.0 7111056.736925685 317418.0044670514 1.5975
58888.34281329 2458888.8437654525 132.51573359942995 37.332532808650285 0.0 1.0 1.0 7106692.047770663 317240.09559064667 1.5975
58888.34410977 2458888.845061947 134.38266479526646 39.1994640044868 0.0 1.0 0.0 7109600.570811085 317351.78065605473 1.5975
58888.345406065 2458888.8463582564 136.24932959326543 41.066128802485764 0.0 1.0 1.0 7107387.179225538 317269.2986933865 1.5975
58888.346702359995 2458888.8476545657 138.1159943912644 42.93279360048473 0.0 1.0 0.0 7110308.0034878515 317383.83425152034 1.5975
58888.34799866 2458888.8489508787 139.9826663977001 44.79946560692042 0.0 1.0 1.0 7108056.997247649 317311.67183555925 1.5975
58888.349294955 2458888.8502471866 141.84933119569905 46.666130404919386 0.0 1.0 0.0 7109151.209117065 317332.6872802501 1.5975
58888.35059125 2458888.8515434945 143.71599599369802 48.53279520291835 0.0 1.0 1.0 7108368.958360389 317325.0567156267 1.5975
58888.384294955 2458888.8852479253 192.2493312007282 1.866132002323866 0.0 2.0 0.0 7092336.886893556 316598.28967371205 1.5975
58888.38559125 2458888.8865442607 194.11599599872716 3.7327968003228307 0.0 2.0 1.0 7095190.809424724 316752.3260643483 1.5975
58888.38688736 2458888.88784041 195.98239439888857 5.599195200484246 0.0 2.0 0.0 7097102.071804306 316810.11763564165 1.5975
58888.388183845 2458888.8891369347 197.84933280316181 7.466133604757488 0.0 2.0 1.0 7097373.093795085 316849.4977183236 1.5975
58888.389479955 2458888.890433083 199.71573120332323 9.332532004918903 0.0 2.0 0.0 7098763.377262192 316883.9719752913 1.5975
58888.390776435 2458888.8917295993 201.58266239915974 11.199463200755417 0.0 2.0 1.0 7098626.533458404 316903.39052305487 1.5975
58888.392072735 2458888.8930259356 203.44933439511806 13.06613519671373 0.0 2.0 0.0 7099944.427189215 316933.5334929714 1.5975
58888.393369030004 2458888.8943222654 205.3159992035944 14.932800005190074 0.0 2.0 1.0 7099882.764853917 316958.65349919355 1.5975
58888.394665325 2458888.8956185933 207.18266400159337 16.79946480318904 0.0 2.0 0.0 7100409.215810451 316953.20038690197 1.5975
58888.39596162 2458888.89691492 209.04932879959233 18.666129601188004 0.0 2.0 1.0 7100930.4564239355 317003.32288789423 1.5975
58888.397257915 2458888.898211245 210.9159935975913 20.53279439918697 0.0 2.0 0.0 7102150.364904342 317031.48350877577 1.5975
58888.398554215004 2458888.899507574 212.782665604027 22.39946640562266 0.0 2.0 1.0 7100401.961440366 316977.2946586196 1.5975
58888.39985051 2458888.900803895 214.64933040202595 24.266131203621626 0.0 2.0 0.0 7101458.302272902 316998.09103253094 1.5975
58888.401146805 2458888.902100215 216.51599520002492 26.13279600162059 0.0 2.0 1.0 7100692.361890951 316991.5906537715 1.5975
58888.402443105 2458888.9033965385 218.38266719598323 27.999467997578904 0.0 2.0 0.0 7101811.544675036 317010.5322642661 1.5975
58888.403739400004 2458888.9046928557 220.24933200445957 29.866132806055248 0.0 2.0 1.0 7100456.159790357 316982.8813724951 1.5975
58888.405035695 2458888.9059891705 222.11599680245854 31.732797604054213 0.0 2.0 0.0 7103374.201710856 317080.89628715115 1.5975
58888.40633199 2458888.9072854845 223.9826616004575 33.59946240205318 0.0 2.0 1.0 7101604.04855412 317029.4804091147 1.5975
58888.407628285 2458888.9085817966 225.84932639845647 35.46612720005214 0.0 2.0 0.0 7102837.558280913 317058.34293849854 1.5975
58888.408924585 2458888.9098781133 227.71599839441478 37.332799196010455 0.0 2.0 1.0 7101821.715240214 317039.5983493971 1.5975
58888.41022088 2458888.9111744235 229.58266320289113 39.1994640044868 0.0 2.0 0.0 7103473.3090578 317085.65538443625 1.5975
58888.411517175 2458888.912470733 231.4493280008901 41.066128802485764 0.0 2.0 1.0 7103308.174904888 317105.89429972635 1.5975
58888.412813475 2458888.9137670468 233.3159999968484 42.93280079844408 0.0 2.0 0.0 7107765.43139012 317268.1935773303 1.5975
58888.414109770005 2458888.9150633556 235.18266480532475 44.79946560692042 0.0 2.0 1.0 7105407.173790806 317195.6796067653 1.5975
58888.415406065 2458888.9163596635 237.0493296033237 46.666130404919386 0.0 2.0 0.0 7107305.1944493875 317251.5092088343 1.5975
58888.41670236 2458888.9176559714 238.91599440132268 48.53279520291835 0.0 2.0 1.0 7106180.692744566 317228.6075538836 1.5975
58888.450417545 2458888.951371881 287.46586079592817 1.8658656044863164 0.0 3.0 0.0 7094054.318948302 316687.2812678347 1.5975
58888.451713845 2458888.952668221 289.33253280236386 3.7325376109220088 0.0 3.0 1.0 7096663.774202643 316818.0894016309 1.5975
58888.45301014 2458888.9539645556 291.1991976003628 5.5992024089209735 0.0 3.0 0.0 7099504.692569224 316911.0706735421 1.5975
58888.454306435 2458888.9552608896 293.0658623983618 7.465867206919938 0.0 3.0 1.0 7099172.195677782 316927.31234767224 1.5975
58888.455602735 2458888.9565572278 294.9325343943201 9.332539202878252 0.0 3.0 0.0 7101189.861303989 316988.6775405026 1.5975
58888.45689903 2458888.95785356 296.79919920279644 11.199204011354595 0.0 3.0 1.0 7101349.063960846 317021.40909813653 1.5975
58888.458195325 2458888.959149891 298.6658640007954 13.06586880935356 0.0 3.0 0.0 7102963.281064898 317066.651252499 1.5975
58888.45949162 2458888.9604462204 300.5325287987944 14.932533607352525 0.0 3.0 1.0 7101921.30895941 317048.5873441987 1.5975
58888.460787915 2458888.9617425487 302.39919359679334 16.79919840535149 0.0 3.0 0.0 7102583.04314647 317049.5415925826 1.5975
58888.462084215 2458888.9630388804 304.26586560322903 18.665870411787182 0.0 3.0 1.0 7102980.646540725 317092.9314996017 1.5975
58888.46338051 2458888.964335205 306.132530401228 20.532535209786147 0.0 3.0 0.0 7103045.116942107 317067.05775090086 1.5975
58888.464676805 2458888.9656315283 307.99919519922696 22.39920000778511 0.0 3.0 1.0 7103447.435859421 317111.2473883821 1.5975
58888.465973105 2458888.9669278553 309.8658671951853 24.265872003743425 0.0 3.0 0.0 7105354.118064253 317168.0981351411 1.5975
58888.467269400004 2458888.9682241757 311.7325320036616 26.13253681221977 0.0 3.0 1.0 7103308.830538337 317092.70904021105 1.5975
58888.46856588 2458888.9695206787 313.59946319949813 27.999468008056283 0.0 3.0 0.0 7104308.63256793 317120.5015050252 1.5975
58888.46986199 2458888.9708168106 315.46586159965955 29.8658664082177 0.0 3.0 1.0 7103575.06818392 317116.2750495057 1.5975
58888.471158285 2458888.972113126 317.3325263976585 31.732531206216663 0.0 3.0 0.0 7104888.237924979 317147.01167327573 1.5975
58888.472454585004 2458888.973409445 319.1991984040942 33.599203212652355 0.0 3.0 1.0 7103399.003441209 317109.1828459054 1.5975
58888.47375088 2458888.974705757 321.06586320209317 35.46586801065132 0.0 3.0 0.0 7103889.2536015585 317102.7119451221 1.5975
58888.475047175 2458888.9760020687 322.93252800009213 37.332532808650285 0.0 3.0 1.0 7104131.189965566 317142.1000545224 1.5975
58888.476343475 2458888.977298384 324.79919999605045 39.1992048046086 0.0 3.0 0.0 7105092.1660820795 317154.36912285554 1.5975
58888.477639770004 2458888.978594694 326.6658648045268 41.06586961308494 0.0 3.0 1.0 7103463.269462593 317112.4464391587 1.5975
58888.478936065 2458888.9798910026 328.53252960252576 42.93253441108391 0.0 3.0 0.0 7105097.851327077 317154.0305047036 1.5975
58888.48023236 2458888.981187311 330.3991944005247 44.79919920908287 0.0 3.0 1.0 7103920.186989504 317130.52799843566 1.5975
58888.48152866 2458888.982483624 332.26586639648303 46.665871205041185 0.0 3.0 0.0 7104093.46440604 317111.20632961596 1.5975
58888.482824955 2458888.9837799324 334.132531194482 48.53253600304015 0.0 3.0 1.0 7103749.995269793 317127.51641062996 1.5975
58946.83767614 2458947.3393639354 1.8658656044863164 1.8658656044863164 1.0 4.0 0.0 7053391.477654265 314907.09052361257 1.5975
58946.838972435 2458947.3406602414 3.7325304024852812 3.7325304024852812 1.0 4.0 1.0 7079473.673142637 316059.3860099148 1.5975
58946.84026873 2458947.3419565475 5.599195200484246 5.599195200484246 1.0 4.0 0.0 7089869.020297768 316498.9235404157 1.5975
58946.84156503 2458947.3432528577 7.465867206919938 7.465867206919938 1.0 4.0 1.0 7098156.239024482 316876.0281027208 1.5975
58946.842861325 2458947.3445491623 9.332532004918903 9.332532004918903 1.0 4.0 0.0 7103323.022888705 317087.2545850451 1.5975
58946.84415762 2458947.3458454665 11.199196802917868 11.199196802917868 1.0 4.0 1.0 7109615.296475734 317375.9254980318 1.5975
58946.84545392 2458947.3471417744 13.06586880935356 13.06586880935356 1.0 4.0 0.0 7111508.431586261 317443.2986942938 1.5975
58946.846750215 2458947.348438077 14.932533607352525 14.932533607352525 1.0 4.0 1.0 7115066.705900943 317612.7168787721 1.5975
58946.84804651 2458947.3497343785 16.79919840535149 16.79919840535149 1.0 4.0 0.0 7116838.59974017 317674.49453033326 1.5975
58946.849342805 2458947.3510306785 18.665863203350455 18.665863203350455 1.0 4.0 1.0 7117811.802983507 317735.273293585 1.5975
58946.8506391 2458947.3523269785 20.53252800134942 20.53252800134942 1.0 4.0 0.0 7120954.01935767 317853.22196124506 1.5975
58946.8519354 2458947.3536232817 22.39920000778511 22.39920000778511 1.0 4.0 1.0 7120099.644216552 317833.67269742105 1.5975
58946.853231695 2458947.354919579 24.265864805784076 24.265864805784076 1.0 4.0 0.0 7122498.426521015 317919.8369645583 1.5975
58946.85452799 2458947.356215875 26.13252960378304 26.13252960378304 1.0 4.0 1.0 7121550.974925024 317895.3065636083 1.5975
58946.85582429 2458947.3575121756 27.999201610218734 27.999201610218734 1.0 4.0 0.0 7125334.548816612 318043.34633680765 1.5975
58946.857120585 2458947.35880847 29.8658664082177 29.8658664082177 1.0 4.0 1.0 7123890.635232664 317998.15917824657 1.5975
58946.85841688 2458947.3601047634 31.732531206216663 31.732531206216663 1.0 4.0 0.0 7126482.611041838 318096.7262449225 1.5975
58946.859713175 2458947.361401056 33.59919600421563 33.59919600421563 1.0 4.0 1.0 7124751.689796135 318038.6845480097 1.5975
58946.861009475004 2458947.3626973527 35.46586801065132 35.46586801065132 1.0 4.0 0.0 7127939.784125463 318159.48306373175 1.5975
58946.86230577 2458947.3639936442 37.332532808650285 37.332532808650285 1.0 4.0 1.0 7125948.941877762 318091.39381857385 1.5975
58946.863602065 2458947.3652899344 39.19919760664925 39.19919760664925 1.0 4.0 0.0 7126241.807355962 318086.58885983337 1.5975
58946.86489836 2458947.3665862246 41.065862404648215 41.065862404648215 1.0 4.0 1.0 7125971.875788612 318091.4067024263 1.5975
58946.866194660004 2458947.3678825195 42.93253441108391 42.93253441108391 1.0 4.0 0.0 7127979.267703207 318160.2320092876 1.5975
58946.867490955 2458947.3691788097 44.79919920908287 44.79919920908287 1.0 4.0 1.0 7126234.079901813 318099.68234130286 1.5975
58946.86878725 2458947.370475099 46.66586400708184 46.66586400708184 1.0 4.0 0.0 7128261.51096332 318172.7216540744 1.5975
58946.870083545 2458947.3717713887 48.5325288050808 48.5325288050808 1.0 4.0 1.0 7126497.788890948 318108.3108357999 1.5975
58946.900754845 2458947.4024427715 92.69920080900192 1.8658656044863164 1.0 5.0 0.0 7117517.538744219 317706.54680131143 1.5975
58946.90205114 2458947.4037390784 94.56586560700089 3.7325304024852812 1.0 5.0 1.0 7120344.251159864 317847.50587460154 1.5975
58946.903347435 2458947.4050353845 96.43253040499985 5.599195200484246 1.0 5.0 0.0 7123871.8846103735 317985.50272694585 1.5975
58946.904643735004 2458947.4063316956 98.29920241143554 7.465867206919938 1.0 5.0 1.0 7122518.220118432 317945.6844873289 1.5975
58946.90594003 2458947.4076280016 100.16586720943451 9.332532004918903 1.0 5.0 0.0 7125827.835847031 318068.08271254186 1.5975
58946.907236325 2458947.408924307 102.03253200743347 11.199196802917868 1.0 5.0 1.0 7123359.287310491 317976.30803676054 1.5975
58946.90853262 2458947.410220612 103.89919680543244 13.065861600916833 1.0 5.0 0.0 7125310.398408653 318047.14999556314 1.5975
58946.909828915 2458947.411516916 105.7658616034314 14.932526398915797 1.0 5.0 1.0 7125544.315082222 318073.6434073736 1.5975
58946.911125215 2458947.4128132244 107.6325336098671 16.79919840535149 1.0 5.0 0.0 7127069.507608326 318125.19787084445 1.5975
58946.91242151 2458947.414109527 109.49919840786606 18.665863203350455 1.0 5.0 1.0 7125479.681001499 318070.95274246443 1.5975
58946.913717805 2458947.415405829 111.36586320586503 20.53252800134942 1.0 5.0 0.0 7127253.2596885795 318130.4890286189 1.5975
58946.915014105 2458947.4167021345 113.23253520182334 22.399199997307733 1.0 5.0 1.0 7126939.339332809 318134.7684786863 1.5975
58946.9163104 2458947.417998434 115.09920001029968 24.265864805784076 1.0 5.0 0.0 7127502.669093191 318139.55487885495 1.5975
58946.917606695 2458947.419294733 116.96586480829865 26.13252960378304 1.0 5.0 1.0 7126002.94481921 318090.6385703339 1.5975
58946.91890299 2458947.4205910307 118.83252960629761 27.999194401782006 1.0 5.0 0.0 7128594.9484239975 318186.1330971646 1.5975
58946.920199285 2458947.421887327 120.69919440429658 29.86585919978097 1.0 5.0 1.0 7126506.038607045 318112.81517488573 1.5975
58946.921495585004 2458947.4231836274 122.56586641073227 31.732531206216663 1.0 5.0 0.0 7128468.747118776 318182.61084407754 1.5975
58946.92279188 2458947.4244799227 124.43253120873123 33.59919600421563 1.0 5.0 1.0 7125492.324440297 318069.0668004572 1.5975
58946.924088175 2458947.425776216 126.2991960067302 35.46586080221459 1.0 5.0 0.0 7128529.106266255 318186.4141706041 1.5975
58946.925384475 2458947.427072514 128.1658680026885 37.332532798172906 1.0 5.0 1.0 7124902.895856972 318041.30784714717 1.5975
58946.926680770004 2458947.428368806 130.03253281116486 39.19919760664925 1.0 5.0 0.0 7127112.74043648 318124.3942820803 1.5975
58946.927977065 2458947.4296650975 131.89919760916382 41.065862404648215 1.0 5.0 1.0 7127293.457549106 318148.7635718131 1.5975
58946.92927336 2458947.4309613886 133.76586240716279 42.93252720264718 1.0 5.0 0.0 7127066.4682387505 318123.853913275 1.5975
58946.930569660006 2458947.432257684 135.63253441359848 44.79919920908287 1.0 5.0 1.0 7124812.409273057 318042.8945037977 1.5975
58946.931865955004 2458947.4335539737 137.49919921159744 46.66586400708184 1.0 5.0 0.0 7126049.392632794 318078.28038188926 1.5975
58946.93316225 2458947.434850264 139.3658640095964 48.5325288050808 1.0 5.0 1.0 7126095.528348973 318094.97884579375 1.5975
58946.966831325 2458947.4685194087 187.84933200571686 1.865872791968286 1.0 6.0 0.0 7108879.8884120425 317331.24152878503 1.5975
58946.96812762 2458947.4698157148 189.71599680371583 3.732537589967251 1.0 6.0 1.0 7111952.208140105 317480.91873520735 1.5975
58946.96942392 2458947.471112026 191.58266881015152 5.599209596402943 1.0 6.0 0.0 7116546.09564796 317666.94439412956 1.5975
58946.970720215 2458947.472408332 193.44933360815048 7.465874394401908 1.0 6.0 1.0 7115741.583209274 317647.57592971367 1.5975
58946.97201651 2458947.473704638 195.31599840614945 9.332539192400873 1.0 6.0 0.0 7118124.264546738 317733.3865052023 1.5975
58946.973312805 2458947.475000943 197.1826632041484 11.199203990399837 1.0 6.0 1.0 7116102.968935614 317660.78725629003 1.5975
58946.9746091 2458947.4762972477 199.04932800214738 13.065868788398802 1.0 6.0 0.0 7120200.675343415 317823.79851417715 1.5975
58946.9759054 2458947.477593557 200.91600000858307 14.932540794834495 1.0 6.0 1.0 7117223.09147875 317708.7255791793 1.5975
58946.977201695 2458947.4788898607 202.78266480658203 16.79920559283346 1.0 6.0 0.0 7120277.375220673 317824.5329373481 1.5975
58946.97849799 2458947.480186163 204.649329604581 18.665870390832424 1.0 6.0 1.0 7118558.308238343 317767.7688219497 1.5975
58946.979794290004 2458947.4814824695 206.5160016110167 20.532542397268116 1.0 6.0 0.0 7121080.281416814 317859.33918744395 1.5975
58946.981090585 2458947.48277877 208.38266640901566 22.39920719526708 1.0 6.0 1.0 7118335.562591217 317759.86691259395 1.5975
58946.98238688 2458947.48407507 210.24933120701462 24.265871993266046 1.0 6.0 0.0 7121845.666926715 317893.72158622334 1.5975
58946.983683175 2458947.4853713685 212.11599600501359 26.13253679126501 1.0 6.0 1.0 7118975.413290562 317775.40042356926 1.5975
58946.984979475004 2458947.4866676712 213.98266801144928 27.999208797700703 1.0 6.0 0.0 7121154.764095238 317862.2010728547 1.5975
58946.98627577 2458947.4879639675 215.84933280944824 29.865873595699668 1.0 6.0 1.0 7119654.74122204 317814.6484556094 1.5975
58946.987572065 2458947.4892602633 217.7159976074472 31.732538393698633 1.0 6.0 0.0 7122730.350387643 317930.601549013 1.5975
58946.98886836 2458947.490556558 219.58266240544617 33.5992031916976 1.0 6.0 1.0 7120150.108918277 317835.27443612076 1.5975
58946.990164660005 2458947.4918528567 221.44933441188186 35.46587519813329 1.0 6.0 0.0 7122098.171536911 317901.79237620306 1.5975
58946.991460955 2458947.4931491497 223.31599920988083 37.332539996132255 1.0 6.0 1.0 7120187.415752926 317836.5822409154 1.5975
58946.99275725 2458947.4944454418 225.1826640078798 39.19920479413122 1.0 6.0 0.0 7126236.394392565 318083.5730699809 1.5975
58946.994053545 2458947.4957417333 227.04932880587876 41.065869592130184 1.0 6.0 1.0 7124187.4578195065 318012.71036468 1.5975
58946.995349845005 2458947.497038029 228.91600081231445 42.93254159856588 1.0 6.0 0.0 7125733.183706917 318063.9369590942 1.5975
58946.99664614 2458947.4983343193 230.78266561031342 44.79920639656484 1.0 6.0 1.0 7123887.030745515 318000.161172626 1.5975
58946.997942435 2458947.49963061 232.64933040831238 46.665871194563806 1.0 6.0 0.0 7123681.155028112 317972.6612638228 1.5975
58946.99923873 2458947.5009268997 234.51599520631135 48.53253599256277 1.0 6.0 1.0 7123729.474532259 317993.5549419093 1.5975
58947.03290762 2458947.5345958583 282.99919680459425 1.8658656044863164 1.0 7.0 0.0 7112721.629182305 317499.9434524231 1.5975
58947.034203920004 2458947.5358921695 284.86586881102994 3.7325376109220088 1.0 7.0 1.0 7115295.802152656 317628.00368255127 1.5975
58947.035500215 2458947.5371884755 286.7325336090289 5.5992024089209735 1.0 7.0 0.0 7118748.087637003 317761.1742067711 1.5975
58947.03679651 2458947.538484782 288.59919840702787 7.465867206919938 1.0 7.0 1.0 7117473.249424305 317724.07298307045 1.5975
58947.038092805 2458947.5397810875 290.46586320502684 9.332532004918903 1.0 7.0 0.0 7120257.417625828 317827.80511552736 1.5975
58947.0393891 2458947.5410773926 292.3325280030258 11.199196802917868 1.0 7.0 1.0 7119993.029137726 317831.5556959907 1.5975
58947.0406854 2458947.542373702 294.1992000094615 13.06586880935356 1.0 7.0 0.0 7121489.17269808 317880.3955062849 1.5975
58947.041981695 2458947.5436700066 296.06586480746046 14.932533607352525 1.0 7.0 1.0 7121748.847403813 317907.909223217 1.5975
58947.04327799 2458947.5449663093 297.9325296054594 16.79919840535149 1.0 7.0 0.0 7122066.455651641 317904.87674489355 1.5975
58947.044574290005 2458947.5462626168 299.7992016118951 18.665870411787182 1.0 7.0 1.0 7121577.189183612 317899.551336058 1.5975
58947.045870585 2458947.5475589186 301.6658664098941 20.532535209786147 1.0 7.0 0.0 7123636.366497865 317973.08322178485 1.5975
58947.04716688 2458947.5488552195 303.53253120789304 22.39920000778511 1.0 7.0 1.0 7122083.09317625 317921.70681811 1.5975
58947.048463175 2458947.550151519 305.399196005892 24.265864805784076 1.0 7.0 0.0 7123961.561994252 317986.6477934444 1.5975
58947.049759475005 2458947.5514478222 307.2658680123277 26.13253681221977 1.0 7.0 1.0 7121145.512888352 317881.44415604474 1.5975
58947.05105577 2458947.55274412 309.13253281032667 27.999201610218734 1.0 7.0 0.0 7124212.287085324 317998.96446128265 1.5975
58947.052352065 2458947.5540404166 310.99919760832563 29.8658664082177 1.0 7.0 1.0 7121619.678833221 317902.0956092366 1.5975
58947.05364836 2458947.5553367124 312.8658624063246 31.732531206216663 1.0 7.0 0.0 7123921.130490237 317986.6855617993 1.5975
58947.054944660005 2458947.556633012 314.7325344127603 33.599203212652355 1.0 7.0 1.0 7121660.972074466 317900.67433236056 1.5975
58947.056240955004 2458947.5579293054 316.59919921075925 35.46586801065132 1.0 7.0 0.0 7125229.097269623 318039.6924179805 1.5975
58947.05753725 2458947.559225599 318.4658640087582 37.332532808650285 1.0 7.0 1.0 7121856.492001295 317909.9472718626 1.5975
58947.058833545 2458947.560521891 320.3325288067572 39.19919760664925 1.0 7.0 0.0 7123911.791666998 317984.21715042094 1.5975
58947.060129845006 2458947.5618181876 322.1992008131929 41.06586961308494 1.0 7.0 1.0 7122574.487269226 317943.38088941394 1.5975
58947.061426140004 2458947.5631144783 324.06586561119184 42.93253441108391 1.0 7.0 0.0 7124321.976571079 318003.40041997813 1.5975
58947.062722435 2458947.564410769 325.9325304091908 44.79919920908287 1.0 7.0 1.0 7121542.181371166 317896.6345854168 1.5975
58947.06401873 2458947.565707059 327.79919520718977 46.66586400708184 1.0 7.0 0.0 7123260.091233643 317955.6664685533 1.5975
58947.065315030006 2458947.567003354 329.66586721362546 48.53253601351753 1.0 7.0 1.0 7122715.122442757 317949.63280955923 1.5975
59120.318630155 2459120.8177504004 1.8658656044863164 1.8658656044863164 2.0 8.0 0.0 7081585.558191022 316143.55545735796 1.5975
59120.319926455 2459120.819046701 3.73253760044463 3.73253760044463 2.0 8.0 1.0 7098128.136125618 316879.149238086 1.5975
59120.321222750004 2459120.8203429957 5.5992024089209735 5.5992024089209735 2.0 8.0 0.0 7105199.8059588345 317173.95362526627 1.5975
59120.322519045 2459120.82163929 7.465867206919938 7.465867206919938 2.0 8.0 1.0 7115387.081165831 317630.6362185843 1.5975
59120.32381534 2459120.822935584 9.332532004918903 9.332532004918903 2.0 8.0 0.0 7116673.373116602 317673.6054522209 1.5975
59120.32511164 2459120.824231882 11.199204000877216 11.199204000877216 2.0 8.0 1.0 7121511.636469002 317899.2928302586 1.5975
59120.326407935 2459120.8255281746 13.065868798876181 13.065868798876181 2.0 8.0 0.0 7125705.280815154 318069.21637391497 1.5975
59120.32770423 2459120.8268244658 14.932533607352525 14.932533607352525 2.0 8.0 1.0 7128033.337792817 318183.19188527187 1.5975
59120.329000525 2459120.8281207564 16.79919840535149 16.79919840535149 2.0 8.0 0.0 7130556.042353311 318278.8256167835 1.5975
59120.330296825 2459120.829417051 18.665870401309803 18.665870401309803 2.0 8.0 1.0 7131214.2023673495 318322.4538834842 1.5975
59120.331593120005 2459120.830713339 20.532535209786147 20.532535209786147 2.0 8.0 0.0 7133531.818994165 318409.73560477747 1.5975
59120.332889415 2459120.832009626 22.39920000778511 22.39920000778511 2.0 8.0 1.0 7134608.940816162 318472.04372922884 1.5975
59120.334185715 2459120.833305917 24.265872003743425 24.265872003743425 2.0 8.0 0.0 7136184.315295043 318528.15874017135 1.5975
59120.33548201 2459120.8346022028 26.13253680174239 26.13253680174239 2.0 8.0 1.0 7135856.610127246 318527.2410145704 1.5975
59120.336778305 2459120.8358984864 27.999201599741355 27.999201599741355 2.0 8.0 0.0 7138326.831356422 318620.50785534456 1.5975
59120.338074600004 2459120.837194769 29.8658664082177 29.8658664082177 2.0 8.0 1.0 7137536.806929139 318599.60732984956 1.5975
59120.339370895 2459120.838491051 31.732531206216663 31.732531206216663 2.0 8.0 0.0 7138925.778058051 318646.6287431459 1.5975
59120.340667195 2459120.839787337 33.59920320217498 33.59920320217498 2.0 8.0 1.0 7138026.183276941 318623.17958822445 1.5975
59120.341963490006 2459120.841083617 35.46586801065132 35.46586801065132 2.0 8.0 0.0 7140101.401453875 318697.9792040993 1.5975
59120.343259785004 2459120.842379896 37.332532808650285 37.332532808650285 2.0 8.0 1.0 7138556.934038202 318644.9246454955 1.5975
59120.344556085 2459120.8436761796 39.1992048046086 39.1992048046086 2.0 8.0 0.0 7141923.463774259 318775.9141219293 1.5975
59120.34585238 2459120.844972458 41.06586960260756 41.06586960260756 2.0 8.0 1.0 7138489.344357942 318641.0502722105 1.5975
59120.347148675 2459120.846268736 42.93253440060653 42.93253440060653 2.0 8.0 0.0 7141336.020423402 318750.3101139169 1.5975
59120.348444970004 2459120.847565013 44.79919920908287 44.79919920908287 2.0 8.0 1.0 7139832.697608261 318697.92825587373 1.5975
59120.349741265 2459120.8488612906 46.66586400708184 46.66586400708184 2.0 8.0 0.0 7142191.145861163 318786.4332388263 1.5975
59120.351037565 2459120.850157573 48.53253600304015 48.53253600304015 2.0 8.0 1.0 7139041.29776411 318665.8410528199 1.5975
59120.382449785 2459120.8815695937 93.76613280270249 1.866132002323866 2.0 9.0 0.0 7127231.759894789 318139.3420784294 1.5975
59120.383746085 2459120.8828658946 95.6328047986608 3.7328039982821792 2.0 9.0 1.0 7130846.462305345 318309.7039685026 1.5975
59120.38504238 2459120.8841621904 97.49946960713714 5.599468806758523 2.0 9.0 0.0 7134256.520756836 318443.162877297 1.5975
59120.38633849 2459120.8854583004 99.36586800729856 7.465867206919938 2.0 9.0 1.0 7133254.042823499 318412.90248932614 1.5975
59120.38763497 2459120.88675478 101.23279920313507 9.332798402756453 2.0 9.0 0.0 7137076.881727518 318568.4662407311 1.5975
59120.38893108 2459120.8880508896 103.09919760329649 11.199196802917868 2.0 9.0 1.0 7135494.739451958 318511.2474070704 1.5975
59120.390227565 2459120.8893473735 104.96613600756973 13.06613520719111 2.0 9.0 0.0 7135732.643424601 318507.29222427856 1.5975
59120.39152386 2459120.8906436665 106.8328008055687 14.932800005190074 2.0 9.0 1.0 7135373.417163167 318505.0300266346 1.5975
59120.392820155 2459120.8919399586 108.69946560356766 16.79946480318904 2.0 9.0 0.0 7137316.9795106305 318575.80623896833 1.5975
59120.39411627 2459120.89323607 110.56587120168842 18.665870401309803 2.0 9.0 1.0 7135935.222277683 318531.0784451767 1.5975
59120.395412750004 2459120.8945325455 112.43280240800232 20.532801607623696 2.0 9.0 0.0 7139440.643613989 318666.943699476 1.5975
59120.396709045 2459120.8958288347 114.29946720600128 22.39946640562266 2.0 9.0 1.0 7138409.08417664 318638.09180988744 1.5975
59120.39800534 2459120.8971251226 116.16613200400025 24.266131203621626 2.0 9.0 0.0 7139719.695904499 318679.8559998051 1.5975
59120.399301640005 2459120.898421415 118.03280401043594 26.132803210057318 2.0 9.0 1.0 7136268.70177084 318543.7653546165 1.5975
59120.400597935004 2459120.8997177007 119.8994688084349 27.999468008056283 2.0 9.0 0.0 7140549.918126013 318718.2564181425 1.5975
59120.40189423 2459120.9010139853 121.76613360643387 29.866132806055248 2.0 9.0 1.0 7137318.735670672 318590.77988803555 1.5975
59120.403190525 2459120.902310269 123.63279840443283 31.732797604054213 2.0 9.0 0.0 7139628.369972761 318678.43532607687 1.5975
59120.404486825 2459120.903606557 125.49947040039115 33.599469600012526 2.0 9.0 1.0 7137602.497039169 318605.8435759607 1.5975
59120.405783120004 2459120.9049028386 127.36613520886749 35.46613440848887 2.0 9.0 0.0 7137506.916062176 318586.6816782042 1.5975
59120.407079415 2459120.906199119 129.23280000686646 37.332799206487834 2.0 9.0 1.0 7138662.430313029 318648.8958292262 1.5975
59120.408375715 2459120.9074954037 131.09947200282477 39.19947120244615 2.0 9.0 0.0 7139186.302270972 318656.64129740815 1.5975
59120.40967201 2459120.908791683 132.96613680082373 41.06613600044511 2.0 9.0 1.0 7138392.2364232605 318638.48510497017 1.5975
59120.410968305 2459120.9100879612 134.8328015988227 42.93280079844408 2.0 9.0 0.0 7138967.554166974 318648.5577756509 1.5975
59120.4122646 2459120.9113842393 136.69946640729904 44.79946560692042 2.0 9.0 1.0 7137291.024551531 318585.4890071869 1.5975
59120.413560895 2459120.9126805165 138.566131205298 46.666130404919386 2.0 9.0 0.0 7140094.367065028 318694.0893143436 1.5975
59120.414857195 2459120.9139767997 140.43280320125632 48.5328024008777 2.0 9.0 1.0 7137566.929908761 318599.4131627695 1.5975
59120.44857238 2459120.947691755 188.9826696063392 1.865872802445665 2.0 10.0 0.0 7121414.953735174 317883.79267471103 1.5975
59120.449868675 2459120.9489880507 190.84933440433815 3.73253760044463 2.0 10.0 1.0 7124599.616441362 318036.46092281095 1.5975
59120.45116497 2459120.9502843465 192.71599920233712 5.599202398443595 2.0 10.0 0.0 7129012.9165945435 318217.6283229439 1.5975
59120.452461265 2459120.951580642 194.58266400033608 7.465867196442559 2.0 10.0 1.0 7126974.463919355 318140.6065988815 1.5975
59120.453757565 2459120.9528769418 196.44933600677177 9.332539202878252 2.0 10.0 0.0 7130088.569450632 318262.44485236926 1.5975
59120.45505386 2459120.954173236 198.31600080477074 11.199204000877216 2.0 10.0 1.0 7128317.798920608 318196.22671835375 1.5975
59120.456350155 2459120.9554695305 200.1826656027697 13.065868798876181 2.0 10.0 0.0 7131562.340014711 318322.62530110904 1.5975
59120.457646455 2459120.9567658287 202.04933759872802 14.932540794834495 2.0 10.0 1.0 7129495.478059455 318247.40824161295 1.5975
59120.45894275 2459120.9580621207 203.91600240720436 16.79920560331084 2.0 10.0 0.0 7130716.693844162 318286.1701852092 1.5975
59120.460239045 2459120.959358412 205.78266720520332 18.665870401309803 2.0 10.0 1.0 7130712.192433396 318303.9657256189 1.5975
59120.46153534 2459120.9606547025 207.6493320032023 20.532535199308768 2.0 10.0 0.0 7132887.21871347 318383.4965452814 1.5975
59120.462831640005 2459120.961950997 209.51600400963798 22.39920720574446 2.0 10.0 1.0 7130853.939707433 318308.7696036842 1.5975
59120.464127935 2459120.9632472848 211.38266880763695 24.265872003743425 2.0 10.0 0.0 7133111.767514688 318392.8992961185 1.5975
59120.46542423 2459120.9645435717 213.2493336056359 26.13253680174239 2.0 10.0 1.0 7130095.152411982 318276.556606551 1.5975
59120.466720525 2459120.965839858 215.11599840363488 27.999201599741355 2.0 10.0 0.0 7131763.867812869 318330.38902231754 1.5975
59120.468016825 2459120.967136148 216.9826703995932 29.865873595699668 2.0 10.0 1.0 7130360.699364467 318287.7732711352 1.5975
59120.469313120004 2459120.968432431 218.84933520806953 31.73253840417601 2.0 10.0 0.0 7131951.176454097 318340.6977287879 1.5975
59120.470609415 2459120.969728714 220.7160000060685 33.59920320217498 2.0 10.0 1.0 7130694.140514568 318302.3673386094 1.5975
59120.471905715 2459120.9710250003 222.5826720020268 35.46587519813329 2.0 10.0 0.0 7132513.8550383765 318368.4853425163 1.5975
59120.473202010005 2459120.972321281 224.44933681050315 37.332540006609634 2.0 10.0 1.0 7130331.3001970025 318289.53470763523 1.5975
59120.474498305004 2459120.9736175607 226.31600160850212 39.1992048046086 2.0 10.0 0.0 7133186.21265779 318392.6448046894 1.5975
59120.4757946 2459120.9749138397 228.18266640650108 41.06586960260756 2.0 10.0 1.0 7131934.155438596 318357.36083176057 1.5975
59120.477090895 2459120.9762101183 230.04933120450005 42.93253440060653 2.0 10.0 0.0 7132913.482331799 318382.22473319643 1.5975
59120.478387195 2459120.9775064015 231.91600320045836 44.79920639656484 2.0 10.0 1.0 7131537.24752933 318337.6091054631 1.5975
59120.479683490004 2459120.9788026786 233.7826680089347 46.665871205041185 2.0 10.0 0.0 7133287.451397788 318398.66158000525 1.5975
59120.480979785 2459120.980098956 235.64933280693367 48.53253600304015 2.0 10.0 1.0 7132204.909763135 318368.6065468728 1.5975
59120.51469497 2459121.0138139124 284.19919920153916 1.865858396049589 2.0 11.0 0.0 7123846.590722283 317990.2026463242 1.5975
59120.515991265 2459121.015110208 286.0658639995381 3.7325231940485537 2.0 11.0 1.0 7126683.985900661 318127.8847898343 1.5975
59120.517287565 2459121.016406509 287.9325360059738 5.599195200484246 2.0 11.0 0.0 7129347.679379235 318231.7261896831 1.5975
59120.51858386 2459121.0177028044 289.7992008039728 7.465859998483211 2.0 11.0 1.0 7128777.282390193 318218.5143368149 1.5975
59120.519880155 2459121.0189991 291.66586560197175 9.332524796482176 2.0 11.0 0.0 7132072.12499267 318346.30934016814 1.5975
59120.521176455004 2459121.0202953997 293.53253760840744 11.199196802917868 2.0 11.0 1.0 7130559.430976702 318295.474136044 1.5975
59120.52247275 2459121.0215916936 295.3992024064064 13.065861600916833 2.0 11.0 0.0 7132369.644139099 318357.0937384275 1.5975
59120.523769045 2459121.0228879866 297.26586720440537 14.932526398915797 2.0 11.0 1.0 7133503.801631643 318435.4514873356 1.5975
59120.52506534 2459121.024184279 299.13253200240433 16.799191196914762 2.0 11.0 0.0 7134894.156167539 318468.26180764474 1.5975
59120.526361640004 2459121.025480576 300.99920400884 18.665863203350455 2.0 11.0 1.0 7133386.414867735 318434.82570236817 1.5975
59120.527657935 2459121.026776866 302.865868806839 20.53252800134942 2.0 11.0 0.0 7135364.115141523 318488.1191613189 1.5975
59120.52895423 2459121.0280731553 304.73253360483795 22.399192799348384 2.0 11.0 1.0 7133460.476990811 318422.9087900956 1.5975
59120.530250525 2459121.0293694437 306.5991984028369 24.26585759734735 2.0 11.0 0.0 7134727.592596435 318464.0623127579 1.5975
59120.531546825 2459121.0306657357 308.46587039879523 26.132529593305662 2.0 11.0 1.0 7132124.8245722195 318365.2340658995 1.5975
59120.53284312 2459121.0319620213 310.3325352072716 27.999194401782006 2.0 11.0 0.0 7134851.356672602 318467.6638390077 1.5975
59120.534139415 2459121.033258306 312.19920000527054 29.86585919978097 2.0 11.0 1.0 7132341.523037699 318374.20506994537 1.5975
59120.535435715 2459121.034554595 314.06587200122885 31.732531195739284 2.0 11.0 0.0 7135400.323523468 318494.8545919105 1.5975
59120.536732010005 2459121.0358508774 315.9325368097052 33.59919600421563 2.0 11.0 1.0 7133491.1988005685 318424.2722139883 1.5975
59120.538028305 2459121.0371471588 317.79920160770416 35.46586080221459 2.0 11.0 0.0 7135847.197759145 318510.0319031364 1.5975
59120.5393246 2459121.038443439 319.6658664057031 37.33252560021356 2.0 11.0 1.0 7132315.1743733585 318373.7553157004 1.5975
59120.540620895 2459121.0397397196 321.5325312037021 39.19919039821252 2.0 11.0 0.0 7135503.784527981 318497.5101162762 1.5975
59120.541917195 2459121.0410360033 323.3992031996604 41.065862394170836 2.0 11.0 1.0 7132860.92001081 318397.7351953472 1.5975
59120.543213490004 2459121.042332282 325.26586800813675 42.93252720264718 2.0 11.0 0.0 7136316.393113212 318533.6134645159 1.5975
59120.544509785 2459121.0436285594 327.1325328061357 44.799192000646144 2.0 11.0 1.0 7133108.752935146 318406.0860050193 1.5975
59120.545806085 2459121.044924842 328.999204802094 46.66586399660446 2.0 11.0 0.0 7135234.229311227 318484.46074245375 1.5975
59120.547102380006 2459121.0462211194 330.86586961057037 48.5325288050808 2.0 11.0 1.0 7134454.16080101 318465.91069224506 1.5975
59178.899314755 2459179.3987022704 1.8658655940089375 1.8658655940089375 3.0 12.0 0.0 7060634.984031989 315221.1305357466 1.5975
59178.900611054996 2459179.399998604 3.732537589967251 3.732537589967251 3.0 12.0 1.0 7083064.522004375 316225.15293392533 1.5975
59178.901907349995 2459179.401294932 5.599202387966216 5.599202387966216 3.0 12.0 0.0 7089204.4019162655 316467.3032995674 1.5975
59178.903203645 2459179.4025912588 7.465867196442559 7.465867196442559 3.0 12.0 1.0 7100811.868985143 317002.1654707767 1.5975
59178.90449994 2459179.4038875857 9.332531994441524 9.332531994441524 3.0 12.0 0.0 7104746.002040033 317147.66560414055 1.5975
59178.905796235 2459179.405183911 11.199196792440489 11.199196792440489 3.0 12.0 1.0 7112548.073078937 317514.3661459651 1.5975
59178.907092535 2459179.4064802397 13.065868798876181 13.065868798876181 3.0 12.0 0.0 7114936.176516091 317594.5147587631 1.5975
59178.90838883 2459179.407776562 14.932533596875146 14.932533596875146 3.0 12.0 1.0 7119187.767643917 317807.58832346293 1.5975
59178.909685125 2459179.4090728834 16.79919839487411 16.79919839487411 3.0 12.0 0.0 7120578.179463604 317838.12519576075 1.5975
59178.910981425 2459179.410369208 18.665870390832424 18.665870390832424 3.0 12.0 1.0 7123754.522019438 318006.85856650124 1.5975
59178.912277719995 2459179.4116655253 20.53253518883139 20.53253518883139 3.0 12.0 0.0 7125207.632896323 318040.27913009434 1.5975
59178.913574015 2459179.412961841 22.399199997307733 22.399199997307733 3.0 12.0 1.0 7125535.531480531 318069.5659516802 1.5975
59178.91487031 2459179.4142581555 24.265864795306697 24.265864795306697 3.0 12.0 0.0 7128002.793757403 318162.0638339911 1.5975
59178.91616661 2459179.4155544727 26.13253679126501 26.13253679126501 3.0 12.0 1.0 7129390.574162581 318251.15369349107 1.5975
59178.917462904996 2459179.4168507834 27.999201589263976 27.999201589263976 3.0 12.0 0.0 7131233.198990981 318304.6185971021 1.5975
59178.918759199994 2459179.418147092 29.86586638726294 29.86586638726294 3.0 12.0 1.0 7130742.901503226 318310.3180997271 1.5975
59178.920055495 2459179.4194433996 31.732531195739284 31.732531195739284 3.0 12.0 0.0 7130924.937409175 318289.89253689226 1.5975
59178.921351795 2459179.420739711 33.5992031916976 33.5992031916976 3.0 12.0 1.0 7131836.34084483 318359.2344567859 1.5975
59178.922648089996 2459179.422036015 35.46586798969656 35.46586798969656 3.0 12.0 0.0 7132629.987708902 318364.54307161144 1.5975
59178.923944385 2459179.423332318 37.332532798172906 37.332532798172906 3.0 12.0 1.0 7133482.518144606 318431.4376029206 1.5975
59178.925240685 2459179.4246286256 39.19920479413122 39.19920479413122 3.0 12.0 0.0 7133666.928324228 318410.29015334777 1.5975
59178.92653698 2459179.425924927 41.065869592130184 41.065869592130184 3.0 12.0 1.0 7131968.783435808 318366.1476252719 1.5975
59178.927833275 2459179.427221228 42.93253439012915 42.93253439012915 3.0 12.0 0.0 7134713.224777003 318457.9795218583 1.5975
59178.929129569995 2459179.428517528 44.799199188128114 44.799199188128114 3.0 12.0 1.0 7133328.713118093 318427.3459116144 1.5975
59178.96190735 2459179.4612957714 91.99920239509083 1.865872802445665 3.0 13.0 0.0 7119178.236978452 317774.56921082275 1.5975
59178.963203645 2459179.4625921003 93.8658671930898 3.73253760044463 3.0 13.0 1.0 7122357.104648707 317942.3127726584 1.5975
59178.964499940004 2459179.4638884296 95.73253200156614 5.5992024089209735 3.0 13.0 0.0 7127735.418640644 318148.8571007846 1.5975
59178.965796235 2459179.4651847584 97.5991967995651 7.465867206919938 3.0 13.0 1.0 7126215.545836298 318096.6071304555 1.5975
59178.967092535 2459179.466481092 99.46586879552342 9.332539202878252 3.0 13.0 0.0 7129908.048479348 318244.0340643004 1.5975
59178.96838883 2459179.46777742 101.33253359352238 11.199204000877216 3.0 13.0 1.0 7128627.80295677 318214.3198789727 1.5975
59178.969685125 2459179.4690737473 103.19919839152135 13.065868798876181 3.0 13.0 0.0 7131802.607457101 318327.9306753464 1.5975
59178.970981425 2459179.4703700785 105.06587039795704 14.932540805311874 3.0 13.0 1.0 7130044.944117648 318277.7137387188 1.5975
59178.97227772 2459179.4716664036 106.932535195956 16.79920560331084 3.0 13.0 0.0 7132552.116892357 318360.0203985719 1.5975
59178.973574015 2459179.4729627273 108.79919999395497 18.665870401309803 3.0 13.0 1.0 7131306.088241594 318334.0967379337 1.5975
59178.974870310005 2459179.4742590496 110.66586480243132 20.532535209786147 3.0 13.0 0.0 7133514.859548297 318403.7097595617 1.5975
59178.976166609995 2459179.475555375 112.53253678791225 22.39920719526708 3.0 13.0 1.0 7131442.3188635325 318342.1123374628 1.5975
59178.977462905 2459179.4768516943 114.3992015963886 24.265872003743425 3.0 13.0 0.0 7132848.192691881 318372.88669813244 1.5975
59178.9787592 2459179.478148011 116.26586639438756 26.13253680174239 3.0 13.0 1.0 7131112.007329098 318326.51265659847 1.5975
59178.980055495 2459179.479444327 118.13253119238652 27.999201599741355 3.0 13.0 0.0 7132675.829814445 318366.13152424124 1.5975
59178.981351795 2459179.4807406454 119.99920319882222 29.865873606177047 3.0 13.0 1.0 7132002.392672978 318365.88866163866 1.5975
59178.98264809 2459179.4820369575 121.86586799682118 31.73253840417601 3.0 13.0 0.0 7132102.578902197 318341.9105038891 1.5975
59178.983944385 2459179.4833332673 123.73253279482014 33.59920320217498 3.0 13.0 1.0 7133295.468005642 318419.6873663318 1.5975
59178.985240685 2459179.4846295808 125.59920479077846 35.46587519813329 3.0 13.0 0.0 7132368.593748129 318351.6859519198 1.5975
59178.986536979995 2459179.485925888 127.46586958877742 37.332539996132255 3.0 13.0 1.0 7131977.12232843 318363.4056581511 1.5975
59178.987833275 2459179.4872221933 129.33253439725377 39.1992048046086 3.0 13.0 0.0 7133622.950231565 318405.82169198175 1.5975
59178.98912957 2459179.4885184974 131.19919919525273 41.06586960260756 3.0 13.0 1.0 7131282.2842398025 318333.5294460066 1.5975
59178.990425865 2459179.4898148007 133.0658639932517 42.93253440060653 3.0 13.0 0.0 7134614.8749887915 318450.46888292476 1.5975
59178.991722164996 2459179.4911111076 134.93253598921 44.79920639656484 3.0 13.0 1.0 7130730.011731828 318309.0072765647 1.5975
59178.993018459994 2459179.4924074085 136.79920078720897 46.665871194563806 3.0 13.0 0.0 7133979.672004874 318423.6472802902 1.5975
59178.994314755 2459179.493703709 138.66586559568532 48.53253600304015 3.0 13.0 1.0 7131964.822750473 318365.4057683225 1.5975
59179.028087905 2459179.527477328 187.29920159094036 1.865872791968286 3.0 14.0 0.0 7114125.5196984615 317553.14273909037 1.5975
59179.029384199996 2459179.528773657 189.16586638893932 3.732537589967251 3.0 14.0 1.0 7117838.444454899 317745.20268600475 1.5975
59179.030680494994 2459179.5300699864 191.0325311869383 5.599202387966216 3.0 14.0 0.0 7120304.316497555 317822.6781233253 1.5975
59179.031976795 2459179.5313663203 192.89920319337398 7.465874394401908 3.0 14.0 1.0 7121260.962760936 317892.12065086956 1.5975
59179.03327309 2459179.532662649 194.76586799137294 9.332539192400873 3.0 14.0 0.0 7123830.561840739 317976.9142641863 1.5975
59179.034569384996 2459179.533958977 196.6325327893719 11.199203990399837 3.0 14.0 1.0 7121992.092358784 317924.99873994855 1.5975
59179.035865679994 2459179.5352553045 198.49919758737087 13.065868788398802 3.0 14.0 0.0 7123886.532963716 317980.93574816565 1.5975
59179.03716198 2459179.5365516357 200.36586959380656 14.932540794834495 3.0 14.0 1.0 7123802.467980557 318005.5237284141 1.5975
59179.038458275 2459179.537847961 202.23253439180553 16.79920559283346 3.0 14.0 0.0 7125235.766428547 318038.5030460961 1.5975
59179.039754569996 2459179.5391442846 204.0991991898045 18.665870390832424 3.0 14.0 1.0 7123832.01835077 318008.2444801998 1.5975
59179.04105087 2459179.5404406115 205.9658711962402 20.532542397268116 3.0 14.0 0.0 7125988.327753467 318074.28242231614 1.5975
59179.042347165 2459179.541736932 207.83253599423915 22.39920719526708 3.0 14.0 1.0 7122874.180155237 317966.10479581985 1.5975
59179.04364346 2459179.5430332515 209.69920079223812 24.265871993266046 3.0 14.0 0.0 7124970.7046786435 318027.8249668743 1.5975
59179.044939755 2459179.5443295687 211.56586559023708 26.13253679126501 3.0 14.0 1.0 7125665.860853171 318089.0344889538 1.5975
59179.046236049995 2459179.545625884 213.43253038823605 27.999201589263976 3.0 14.0 0.0 7125486.085727838 318051.00137832336 1.5975
59179.04753235 2459179.5469222027 215.29920239467174 29.865873595699668 3.0 14.0 1.0 7125887.79560143 318098.11660637485 1.5975
59179.048828645 2459179.548218515 217.1658671926707 31.732538393698633 3.0 14.0 0.0 7127388.4505429985 318133.2929698375 1.5975
59179.05012494 2459179.5495148245 219.03253199066967 33.5992031916976 3.0 14.0 1.0 7123700.276098029 318003.1550722463 1.5975
59179.05142124 2459179.550811138 220.89920399710536 35.46587519813329 3.0 14.0 0.0 7126315.456682091 318085.70165381517 1.5975
59179.052717535 2459179.5521074445 222.76586879510432 37.332539996132255 3.0 14.0 1.0 7124593.572708227 318039.9372253538 1.5975
59179.05401383 2459179.5534037505 224.6325335931033 39.19920479413122 3.0 14.0 0.0 7125217.083329748 318039.3141030933 1.5975
59179.055310125 2459179.554700054 226.49919839110225 41.065869592130184 3.0 14.0 1.0 7125777.973970623 318094.1710091396 1.5975
59179.056606425 2459179.555996362 228.36587039753795 42.93254159856588 3.0 14.0 0.0 7126403.406553387 318092.73094867176 1.5975
59179.05790272 2459179.557292664 230.2325351955369 44.79920639656484 3.0 14.0 1.0 7124353.862425452 318034.0753119735 1.5975
59179.059199015 2459179.5585889653 232.09919999353588 46.665871194563806 3.0 14.0 0.0 7126198.780233384 318083.9878045248 1.5975
59179.06049531 2459179.559885266 233.96586479153484 48.53253599256277 3.0 14.0 1.0 7125256.873082241 318074.87526054843 1.5975
59179.09426846 2459179.5936588855 282.59920079726726 1.865872802445665 3.0 15.0 0.0 7117152.266970309 317684.54718657513 1.5975
59179.095564755 2459179.594955215 284.4658655952662 3.73253760044463 3.0 15.0 1.0 7119857.620933953 317834.05759976 1.5975
59179.096861055004 2459179.5962515497 286.3325376017019 5.599209606880322 3.0 15.0 0.0 7121890.721408343 317890.795639326 1.5975
59179.09815735 2459179.5975478785 288.1992023997009 7.465874404879287 3.0 15.0 1.0 7123146.800105628 317976.6599564924 1.5975
59179.099453645 2459179.5988442074 290.06586719769984 9.332539202878252 3.0 15.0 0.0 7125088.300523764 318031.1001922686 1.5975
59179.10074994 2459179.6001405357 291.9325319956988 11.199204000877216 3.0 15.0 1.0 7126513.648316538 318124.2222771404 1.5975
59179.102046235 2459179.6014368627 293.7991967936978 13.065868798876181 3.0 15.0 0.0 7126185.034752738 318080.08105080476 1.5975
59179.103342535 2459179.6027331944 295.66586880013347 14.932540805311874 3.0 15.0 1.0 7125747.409154931 318089.76698698703 1.5975
59179.10463883 2459179.604029519 297.53253359813243 16.79920560331084 3.0 15.0 0.0 7128268.835922821 318182.96576039906 1.5975
59179.105935125 2459179.605325843 299.3991983961314 18.665870401309803 3.0 15.0 1.0 7127039.66455279 318149.35813749884 1.5975
59179.107231425 2459179.6066221707 301.2658703920897 20.532542397268116 3.0 15.0 0.0 7127763.640274494 318147.506482829 1.5975
59179.10852772 2459179.607918491 303.13253520056605 22.39920720574446 3.0 15.0 1.0 7126491.656266664 318124.08558087563 1.5975
59179.109824015 2459179.6092148097 304.999199998565 24.265872003743425 3.0 15.0 0.0 7128535.83552866 318183.37521716574 1.5975
59179.11112031 2459179.6105111274 306.865864796564 26.13253680174239 3.0 15.0 1.0 7126928.3404505905 318141.64189955883 1.5975
59179.112416610005 2459179.611807448 308.7325368029997 27.999208808178082 3.0 15.0 0.0 7127097.916240159 318120.1543533854 1.5975
59179.113712905004 2459179.613103761 310.59920160099864 29.865873606177047 3.0 15.0 1.0 7127870.859180891 318183.2515281022 1.5975
59179.1150092 2459179.614400073 312.4658663989976 31.73253840417601 3.0 15.0 0.0 7129362.966290928 318218.6299041358 1.5975
59179.116305495 2459179.615696383 314.33253119699657 33.59920320217498 3.0 15.0 1.0 7127521.753414533 318168.2969659928 1.5975
59179.117601795 2459179.6169926967 316.1992031929549 35.46587519813329 3.0 15.0 0.0 7128806.513757122 318193.24359361886 1.5975
59179.118898090004 2459179.618289003 318.0658680014312 37.332540006609634 3.0 15.0 1.0 7127732.704977387 318180.28394117334 1.5975
59179.120194385 2459179.6195853082 319.9325327994302 39.1992048046086 3.0 15.0 0.0 7128684.105706982 318190.6757432913 1.5975
59179.121490685 2459179.620881617 321.7992047953885 41.06587680056691 3.0 15.0 1.0 7127437.23432896 318168.10675532656 1.5975
59179.12278698 2459179.6221779203 323.66586959338747 42.93254159856588 3.0 15.0 0.0 7127600.247698825 318141.05181173264 1.5975
59179.124083275 2459179.623474222 325.53253439138643 44.79920639656484 3.0 15.0 1.0 7126852.039662592 318141.238909147 1.5975
59179.12537957 2459179.624770523 327.3991991998628 46.665871205041185 3.0 15.0 0.0 7128100.326847123 318167.7917726136 1.5975
59179.126675865 2459179.6260668235 329.26586399786174 48.53253600304015 3.0 15.0 1.0 7127469.243482618 318171.00203780876 1.5975
59269.031274124995 2459269.53252416 1.8661391898058355 1.8661391898058355 4.0 16.0 0.0 7053449.543235695 314907.98867050576 1.5975
59269.03257042 2459269.5338204913 3.7328039982821792 3.7328039982821792 4.0 16.0 1.0 7081470.421177606 316153.9412760481 1.5975
59269.033866715006 2459269.535116822 5.599468806758523 5.599468806758523 4.0 16.0 0.0 7091938.3694840735 316587.5646161017 1.5975
59269.035163010005 2459269.536413152 7.466133604757488 7.466133604757488 4.0 16.0 1.0 7102254.815242747 317063.3443527987 1.5975
59269.036459309995 2459269.5377094857 9.332805590238422 9.332805590238422 4.0 16.0 0.0 7108103.083819224 317293.6758285356 1.5975
59269.03775560499 2459269.539005813 11.199470388237387 11.199470388237387 4.0 16.0 1.0 7115148.105224069 317624.5680099865 1.5975
59269.0390519 2459269.54030214 13.06613519671373 13.06613519671373 4.0 16.0 0.0 7119295.183850534 317783.2787957406 1.5975
59269.040348195005 2459269.5415984653 14.932800005190074 14.932800005190074 4.0 16.0 1.0 7122564.794023858 317949.4828708813 1.5975
59269.041644494995 2459269.542894794 16.79947199067101 16.79947199067101 4.0 16.0 0.0 7125163.59561383 318038.054116076 1.5975
59269.04294079 2459269.544191116 18.666136799147353 18.666136799147353 4.0 16.0 1.0 7127540.298417373 318164.8229636738 1.5975
59269.04423708501 2459269.545487437 20.532801607623696 20.532801607623696 4.0 16.0 0.0 7129800.9325333135 318239.6541892877 1.5975
59269.045533380006 2459269.5467837555 22.39946640562266 22.39946640562266 4.0 16.0 1.0 7129674.19934519 318257.3780773731 1.5975
59269.046829679995 2459269.5480800774 24.266138391103595 24.266138391103595 4.0 16.0 0.0 7131711.999570281 318322.7672943733 1.5975
59269.048125789996 2459269.549376208 26.13253679126501 26.13253679126501 4.0 16.0 1.0 7132693.836924878 318387.87335275137 1.5975
59269.049422085 2459269.5506725213 27.999201599741355 27.999201599741355 4.0 16.0 0.0 7134620.976202534 318445.00717371685 1.5975
59269.050718385 2459269.551968838 29.865873595699668 29.865873595699668 4.0 16.0 1.0 7136364.839228789 318547.2412320327 1.5975
59269.05201468 2459269.5532651492 31.732538393698633 31.732538393698633 4.0 16.0 0.0 7136219.634627064 318515.9491199212 1.5975
59269.053310974996 2459269.5545614576 33.5992031916976 33.5992031916976 4.0 16.0 1.0 7133573.871254039 318424.8656621431 1.5975
59269.054607269994 2459269.555857765 35.46586798969656 35.46586798969656 4.0 16.0 0.0 7136438.595257695 318526.67760723236 1.5975
59269.055903565 2459269.557154072 37.332532798172906 37.332532798172906 4.0 16.0 1.0 7136023.467630906 318531.86927439435 1.5975
59269.057199865 2459269.558450382 39.19920479413122 39.19920479413122 4.0 16.0 0.0 7137916.772305341 318590.53673433134 1.5975
59269.058496159996 2459269.559746687 41.065869592130184 41.065869592130184 4.0 16.0 1.0 7137107.383644555 318577.05527685635 1.5975
59269.059792455 2459269.5610429905 42.93253440060653 42.93253440060653 4.0 16.0 0.0 7139482.4909236515 318658.5082411781 1.5975
59269.061088755 2459269.562339299 44.79920639656484 44.79920639656484 4.0 16.0 1.0 7138270.333511338 318629.68864764454 1.5975
59269.06238505 2459269.5636356026 46.665871194563806 46.665871194563806 4.0 16.0 0.0 7140073.885725463 318686.6490612974 1.5975
59269.063681345 2459269.5649319054 48.53253599256277 48.53253599256277 4.0 16.0 1.0 7136935.896566261 318570.0098206289 1.5975
59269.097373565004 2459269.5986247375 97.04933280358091 1.8658656044863164 4.0 17.0 0.0 7122647.271209008 317931.6996507028 1.5975
59269.098669865 2459269.5999210733 98.91600479953922 3.73253760044463 4.0 17.0 1.0 7126244.34757278 318102.4559837315 1.5975
59269.09996616 2459269.6012174035 100.78266959753819 5.599202398443595 4.0 17.0 0.0 7131344.8575470885 318307.126029585 1.5975
59269.101262455 2459269.6025137333 102.64933439553715 7.465867196442559 4.0 17.0 1.0 7132460.13331084 318380.84690878756 1.5975
59269.102558754996 2459269.6038100673 104.51600639149547 9.332539192400873 4.0 17.0 0.0 7132758.583231077 318369.2782755303 1.5975
59269.103855049994 2459269.605106395 106.38267118949443 11.199203990399837 4.0 17.0 1.0 7132615.900184528 318387.1334464366 1.5975
59269.105151345 2459269.6064027217 108.24933599797077 13.065868798876181 4.0 17.0 0.0 7134291.447180463 318434.32324039284 1.5975
59269.10644764 2459269.607699047 110.11600079596974 14.932533596875146 4.0 17.0 1.0 7134381.093386894 318463.06487773394 1.5975
59269.107743935 2459269.6089953706 111.9826655939687 16.79919839487411 4.0 17.0 0.0 7136973.022751884 318552.61613180774 1.5975
59269.109040235 2459269.610291698 113.8493376004044 18.665870401309803 4.0 17.0 1.0 7134135.616006319 318453.7446864856 1.5975
59269.11033653 2459269.611588018 115.71600239840336 20.532535199308768 4.0 17.0 0.0 7137235.987147066 318560.8765195079 1.5975
59269.111632825 2459269.612884337 117.58266719640233 22.399199997307733 4.0 17.0 1.0 7135968.8417174835 318532.7120727307 1.5975
59269.112929124996 2459269.614180659 119.44933919236064 24.265871993266046 4.0 17.0 0.0 7136767.8454909725 318542.0452801981 1.5975
59269.114225419995 2459269.6154769748 121.3160039903596 26.13253679126501 4.0 17.0 1.0 7136311.2237251885 318546.11766088085 1.5975
59269.115521715 2459269.616773288 123.18266879883595 27.999201599741355 4.0 17.0 0.0 7136688.452804977 318539.7653330314 1.5975
59269.11681801 2459269.6180696 125.04933359683491 29.86586639774032 4.0 17.0 1.0 7136902.7762136245 318572.53847045073 1.5975
59269.11811431 2459269.619365915 126.91600559279323 31.732538393698633 4.0 17.0 0.0 7138715.164116461 318625.86404636945 1.5975
59269.119410605 2459269.6206622245 128.78267040126957 33.59920320217498 4.0 17.0 1.0 7136004.712485156 318531.8649499346 1.5975
59269.1207069 2459269.6219585324 130.64933519926853 35.46586800017394 4.0 17.0 0.0 7137667.220964267 318578.7080130347 1.5975
59269.122003195 2459269.6232548384 132.5159999972675 37.332532798172906 4.0 17.0 1.0 7136029.782497848 318532.1753820402 1.5975
59269.123299495 2459269.624551149 134.3826719932258 39.19920479413122 4.0 17.0 0.0 7137896.655559021 318590.82515530044 1.5975
59269.124595789996 2459269.6258474537 136.24933679122478 41.065869592130184 4.0 17.0 1.0 7135831.616281925 318524.83500085305 1.5975
59269.125892085 2459269.627143758 138.11600159970112 42.93253440060653 4.0 17.0 0.0 7137327.780377311 318564.34927120927 1.5975
59269.127188385 2459269.6284400662 139.98267359565943 44.79920639656484 4.0 17.0 1.0 7135027.697821935 318487.18000913254 1.5975
59269.12848468 2459269.6297363695 141.8493383936584 46.665871194563806 4.0 17.0 0.0 7137454.489115726 318569.46903599607 1.5975
59269.129780974996 2459269.6310326727 143.71600319165736 48.53253599256277 4.0 17.0 1.0 7134877.860637572 318481.2238483034 1.5975
59269.163473010005 2459269.664725318 192.23253360483795 1.8658656044863164 4.0 18.0 0.0 7117880.702722292 317721.00814430404 1.5975
59269.164769309995 2459269.666021654 194.0992055903189 3.732537589967251 4.0 18.0 1.0 7120894.557880691 317858.0092877742 1.5975
59269.16606560499 2459269.667317984 195.96587038831785 5.599202387966216 4.0 18.0 0.0 7123662.0817049695 317974.0197256218 1.5975
59269.1673619 2459269.668614314 197.8325351967942 7.465867196442559 4.0 18.0 1.0 7124968.360506382 318048.5871025849 1.5975
59269.168658195005 2459269.669910643 199.69920000527054 9.332532004918903 4.0 18.0 0.0 7127019.181353894 318120.80190906447 1.5975
59269.169954494995 2459269.6712069754 201.56587199075148 11.199203990399837 4.0 18.0 1.0 7126250.950022732 318100.61166453635 1.5975
59269.17125079 2459269.672503302 203.43253679922782 13.065868798876181 4.0 18.0 0.0 7128925.263253968 318198.8140710718 1.5975
59269.17254708501 2459269.6737996275 205.29920160770416 14.932533607352525 4.0 18.0 1.0 7126482.26043077 318116.87929481274 1.5975
59269.173843380006 2459269.6750959507 207.16586640570313 16.79919840535149 4.0 18.0 0.0 7128016.3507819455 318162.6263457065 1.5975
59269.175139679995 2459269.676392278 209.03253839118406 18.665870390832424 4.0 18.0 1.0 7126039.518236289 318090.5589176161 1.5975
59269.176435974994 2459269.677688598 210.89920318918303 20.53253518883139 4.0 18.0 0.0 7130027.021121802 318248.7917532696 1.5975
59269.17773227 2459269.6789849172 212.76586799765937 22.399199997307733 4.0 18.0 1.0 7126868.444210575 318124.6828863925 1.5975
59269.17902857 2459269.6802812396 214.63253999361768 24.265871993266046 4.0 18.0 0.0 7128957.84527511 318200.6621683455 1.5975
59269.180324864996 2459269.681577555 216.49920479161665 26.13253679126501 4.0 18.0 1.0 7128008.022555605 318193.81297814846 1.5975
59269.181621159994 2459269.6828738684 218.3658695896156 27.999201589263976 4.0 18.0 0.0 7130521.306339268 318268.5503900763 1.5975
59269.18291745499 2459269.6841701805 220.23253438761458 29.86586638726294 4.0 18.0 1.0 7129877.338420515 318275.36244353664 1.5975
59269.18421375 2459269.685466491 222.09919919609092 31.732531195739284 4.0 18.0 0.0 7130764.795076564 318278.0856848204 1.5975
59269.185510049996 2459269.686762805 223.96587119204924 33.5992031916976 4.0 18.0 1.0 7128262.326604154 318174.1123647047 1.5975
59269.186806344995 2459269.6880591125 225.8325359900482 35.46586798969656 4.0 18.0 0.0 7129822.539105286 318236.77354556165 1.5975
59269.18810264 2459269.6893554195 227.69920079852454 37.332532798172906 4.0 18.0 1.0 7130852.854056655 318305.5613057628 1.5975
59269.18939894 2459269.6906517297 229.56587279448286 39.19920479413122 4.0 18.0 0.0 7133678.496494146 318405.9357313583 1.5975
59269.190695235 2459269.6919480343 231.43253759248182 41.065869592130184 4.0 18.0 1.0 7134004.731648767 318441.70543576626 1.5975
59269.191991529995 2459269.6932443385 233.2992023904808 42.93253439012915 4.0 18.0 0.0 7134756.392963887 318451.72470391425 1.5975
59269.19328782499 2459269.694540642 235.16586718847975 44.799199188128114 4.0 18.0 1.0 7132780.913562558 318390.89411794295 1.5975
59269.194584125 2459269.6958369506 237.03253919491544 46.665871194563806 4.0 18.0 0.0 7133852.294735321 318412.30206439475 1.5975
59269.19588042 2459269.697133254 238.8992039929144 48.53253599256277 4.0 18.0 1.0 7132964.829631901 318396.6196806479 1.5975
59269.229584125 2459269.7308375677 287.4325391999446 1.865872802445665 4.0 19.0 0.0 7119528.802451411 317792.7649149804 1.5975
59269.23088042 2459269.732133899 289.29920399794355 3.73253760044463 4.0 19.0 1.0 7124381.514918803 318018.9510142526 1.5975
59269.232176715 2459269.7334302287 291.1658687959425 5.599202398443595 4.0 19.0 0.0 7125998.303629748 318075.2374846643 1.5975
59269.23347301 2459269.7347265584 293.0325335939415 7.465867196442559 4.0 19.0 1.0 7127339.750465966 318148.72447917005 1.5975
59269.23476931 2459269.736022892 294.8992056003772 9.332539202878252 4.0 19.0 0.0 7128661.446804847 318188.7100632908 1.5975
59269.236065605 2459269.73731922 296.76587039837614 11.199204000877216 4.0 19.0 1.0 7128237.591269083 318195.7512389184 1.5975
59269.2373619 2459269.7386155464 298.6325351963751 13.065868798876181 4.0 19.0 0.0 7129879.99631937 318243.7640910696 1.5975
59269.238658195 2459269.7399118715 300.49919999437407 14.932533596875146 4.0 19.0 1.0 7128787.289267324 318201.4844604154 1.5975
59269.239954495 2459269.7412082 302.36587200080976 16.79920560331084 4.0 19.0 0.0 7131304.296271815 318303.2711497898 1.5975
59269.24125079 2459269.742504522 304.2325367988087 18.665870401309803 4.0 19.0 1.0 7130241.497024228 318274.9838321465 1.5975
59269.242547085 2459269.7438008427 306.0992015968077 20.532535199308768 4.0 19.0 0.0 7131561.745479879 318316.53014243185 1.5975
59269.24384338 2459269.7450971613 307.96586639480665 22.399199997307733 4.0 19.0 1.0 7129053.618736032 318221.2458851222 1.5975
59269.24513968 2459269.7463934836 309.83253840124235 24.265872003743425 4.0 19.0 0.0 7132560.915663029 318357.62847857067 1.5975
59269.246435975 2459269.747689799 311.6992031992413 26.13253680174239 4.0 19.0 1.0 7129887.231017596 318267.9882586456 1.5975
59269.24773227 2459269.748986113 313.5658679972403 27.999201599741355 4.0 19.0 0.0 7132833.524925781 318369.5384102591 1.5975
59269.249028570004 2459269.7502824296 315.43254000367597 29.865873606177047 4.0 19.0 1.0 7129632.74716278 318244.5816730213 1.5975
59269.250324865 2459269.7515787403 317.29920480167493 31.73253840417601 4.0 19.0 0.0 7132329.419613405 318348.3290815828 1.5975
59269.25162116 2459269.7528750496 319.1658695996739 33.59920320217498 4.0 19.0 1.0 7130655.387312712 318289.95330333937 1.5975
59269.252917455 2459269.754171357 321.03253439767286 35.46586800017394 4.0 19.0 0.0 7131902.512107915 318327.3446584525 1.5975
59269.25421375 2459269.7554676635 322.8991991956718 37.332532798172906 4.0 19.0 1.0 7130285.198605842 318270.410515677 1.5975
59269.25551005 2459269.756763974 324.7658712021075 39.1992048046086 4.0 19.0 0.0 7133114.436975788 318379.69429864094 1.5975
59269.256806345 2459269.7580602793 326.6325360001065 41.06586960260756 4.0 19.0 1.0 7130719.515207773 318294.24499518407 1.5975
59269.25810264 2459269.759356583 328.49920079810545 42.93253440060653 4.0 19.0 0.0 7132895.778543246 318370.36011240614 1.5975
59269.259398940005 2459269.760652892 330.36587280454114 44.79920640704222 4.0 19.0 1.0 7130135.797912638 318266.5452950457 1.5975
59269.260695235 2459269.761949195 332.2325376025401 46.665871205041185 4.0 19.0 0.0 7131350.460665204 318302.2569337665 1.5975
59269.26199153 2459269.7632454988 334.09920240053907 48.53253600304015 4.0 19.0 1.0 7130006.625634886 318260.24889117 1.5975
