9.699999999999999734e-01 0.000000000000000000e+00
9.746500000000000163e-01 1.725062559692340676e-04
9.792999999999999483e-01 2.595208389006531629e-04
9.839499999999999913e-01 2.555841010716878550e-04
9.886000000000000343e-01 2.470981598179900168e-04
9.932499999999999662e-01 2.818914604060159261e-04
9.979000000000000092e-01 3.511143207918293249e-04
1.002550000000000052e+00 4.717304868290049633e-04
1.007200000000000095e+00 6.443204218266440197e-04
1.011849999999999916e+00 8.071356333139394343e-04
1.016499999999999959e+00 9.040492887724346522e-04
1.021150000000000002e+00 1.152303910207202282e-03
1.025800000000000045e+00 1.905709452825644825e-03
1.030450000000000088e+00 2.495136265160873956e-03
1.035099999999999909e+00 3.354399503010135810e-03
1.039749999999999952e+00 3.607856437740961531e-03
1.044399999999999995e+00 6.455239577456978704e-03
1.049050000000000038e+00 9.256378105305752835e-03
1.053700000000000081e+00 1.369374660466931952e-02
1.058349999999999902e+00 1.830209124405609081e-02
1.062999999999999945e+00 2.305225411903862043e-02
1.067649999999999988e+00 2.728073446921392212e-02
1.072300000000000031e+00 4.498720994064882295e-02
1.076950000000000074e+00 7.600713926732080572e-02
1.081599999999999895e+00 1.032478764883501821e-01
1.086249999999999938e+00 1.142272897035247203e-01
1.090899999999999981e+00 1.449547107326684681e-01
1.095550000000000024e+00 1.714694965212169575e-01
1.100200000000000067e+00 1.994655754508473655e-01
1.104850000000000110e+00 2.226591814491337695e-01
1.109499999999999931e+00 2.483198895609776968e-01
1.114149999999999974e+00 2.562203409033934065e-01
1.118800000000000017e+00 2.697284283370405267e-01
1.123450000000000060e+00 2.663007010757260651e-01
1.128100000000000103e+00 2.715356393694009496e-01
1.132749999999999924e+00 2.747588587282320804e-01
1.137399999999999967e+00 2.676426051350986879e-01
1.142050000000000010e+00 2.703681224094308666e-01
1.146700000000000053e+00 2.836773906458495698e-01
1.151350000000000096e+00 2.825330066900579307e-01
1.155999999999999917e+00 2.754797754757805639e-01
1.160649999999999959e+00 2.509975579285216862e-01
1.165300000000000002e+00 2.872511403761987547e-01
1.169950000000000045e+00 2.928395665588893748e-01
1.174600000000000088e+00 2.907332764689949944e-01
1.179249999999999909e+00 2.126202687307394423e-01
1.183899999999999952e+00 2.973907779389445838e-01
1.188549999999999995e+00 2.996939831051550485e-01
1.193200000000000038e+00 2.967919552448869402e-01
1.197850000000000081e+00 2.966399808055270038e-01
1.202499999999999902e+00 2.961168178926286698e-01
1.207149999999999945e+00 3.073586227000317250e-01
1.211799999999999988e+00 3.118129613610669537e-01
1.216450000000000031e+00 3.204191912988968438e-01
1.221100000000000074e+00 3.249960951917333918e-01
1.225749999999999895e+00 3.262883629901320859e-01
1.230399999999999938e+00 3.280734663112743754e-01
1.235049999999999981e+00 3.272263163138298681e-01
1.239700000000000024e+00 3.240275820823797504e-01
1.244350000000000067e+00 3.194842267455320073e-01
1.249000000000000110e+00 3.334195054471048580e-01
1.253649999999999931e+00 3.194713623777949429e-01
1.258299999999999974e+00 3.194934189945525249e-01
1.262950000000000017e+00 3.178468559824887962e-01
1.267600000000000060e+00 3.144456851296698052e-01
1.272250000000000103e+00 3.210881608848498159e-01
1.276899999999999924e+00 3.191817874882426076e-01
1.281549999999999967e+00 3.272135455849085051e-01
1.286200000000000010e+00 2.924187725256714998e-01
1.290850000000000053e+00 2.991941333198098740e-01
1.295500000000000096e+00 3.199902772078039859e-01
1.300149999999999917e+00 3.468782185931091888e-01
1.304799999999999960e+00 3.462714231543631005e-01
1.309450000000000003e+00 3.472600586275360612e-01
1.314100000000000046e+00 3.338939178757424631e-01
1.318750000000000089e+00 3.317581212289924530e-01
1.323399999999999910e+00 3.273036741869008170e-01
1.328049999999999953e+00 3.183917929994036777e-01
1.332699999999999996e+00 3.331514293519258207e-01
1.337350000000000039e+00 3.415102856207855586e-01
1.342000000000000082e+00 2.668426396413903223e-01
1.346649999999999903e+00 3.360748417376341335e-01
1.351299999999999946e+00 3.376696992833173039e-01
1.355949999999999989e+00 3.253027283847716999e-01
1.360600000000000032e+00 3.387587857287030491e-01
1.365250000000000075e+00 3.127740141686513597e-01
1.369899999999999896e+00 2.970802393692688614e-01
1.374549999999999939e+00 3.112272340972069284e-01
1.379199999999999982e+00 3.137225174556216301e-01
1.383850000000000025e+00 3.122523554051858108e-01
1.388500000000000068e+00 3.012271645669778453e-01
1.393150000000000110e+00 2.682566636141085481e-01
1.397799999999999931e+00 3.209448958482152281e-01
1.402449999999999974e+00 3.071391798260396100e-01
1.407100000000000017e+00 3.100706455252763005e-01
1.411750000000000060e+00 2.657644317509024745e-01
1.416400000000000103e+00 2.867166268500671578e-01
1.421049999999999924e+00 3.111520160755444908e-01
1.425699999999999967e+00 2.961084507557740220e-01
1.430350000000000010e+00 2.964283718750896912e-01
1.435000000000000053e+00 2.913039328787010440e-01
1.439650000000000096e+00 2.870008084252658742e-01
1.444299999999999917e+00 3.081555054290225915e-01
1.448949999999999960e+00 3.001804376857649670e-01
1.453600000000000003e+00 3.058593396573278111e-01
1.458250000000000046e+00 3.224623114503833432e-01
1.462900000000000089e+00 2.878518901448409717e-01
1.467549999999999910e+00 2.752668220888793704e-01
1.472199999999999953e+00 3.088439723219767452e-01
1.476849999999999996e+00 3.171452066914067225e-01
1.481500000000000039e+00 3.189403333110287231e-01
1.486150000000000082e+00 2.872401027112227445e-01
1.490799999999999903e+00 2.694718339252618056e-01
1.495449999999999946e+00 3.008541922725839757e-01
1.500099999999999989e+00 2.797871106816806064e-01
1.504750000000000032e+00 2.771660856975600717e-01
1.509400000000000075e+00 2.829681707693776915e-01
1.514049999999999896e+00 2.248025959731003443e-01
1.518699999999999939e+00 2.872116490405931533e-01
1.523349999999999982e+00 2.990162119657345241e-01
1.528000000000000025e+00 3.095229938069505304e-01
1.532650000000000068e+00 2.965224223229789291e-01
1.537300000000000111e+00 2.043438009661263655e-01
1.541949999999999932e+00 3.029717438371921090e-01
1.546599999999999975e+00 2.080129221051858768e-01
1.551250000000000018e+00 2.962870510182100126e-01
1.555900000000000061e+00 2.516580894580502381e-01
1.560550000000000104e+00 2.712954615942210213e-01
1.565199999999999925e+00 2.901473106757631593e-01
1.569849999999999968e+00 2.722266701355645080e-01
1.574500000000000011e+00 2.906851143452439112e-01
1.579150000000000054e+00 2.908744690725810766e-01
1.583800000000000097e+00 2.925580615008516183e-01
1.588449999999999918e+00 2.781830172087119135e-01
1.593099999999999961e+00 2.998367746200757411e-01
1.597750000000000004e+00 2.970148418053758510e-01
1.602400000000000047e+00 2.869011732360726707e-01
1.607050000000000090e+00 2.872777893357932322e-01
1.611699999999999910e+00 3.005267743663255220e-01
1.616349999999999953e+00 2.935190064822448819e-01
1.620999999999999996e+00 2.476322101459967617e-01
1.625650000000000039e+00 2.854914319214337803e-01
1.630300000000000082e+00 2.863044647345441285e-01
1.634949999999999903e+00 2.574545627722539809e-01
1.639599999999999946e+00 2.454096676185048287e-01
1.644249999999999989e+00 2.840832104367077005e-01
1.648900000000000032e+00 2.296371462955519582e-01
1.653550000000000075e+00 2.481477981353579498e-01
1.658199999999999896e+00 1.804457728148886886e-01
1.662849999999999939e+00 2.392244266012248655e-01
1.667499999999999982e+00 2.051367418189642133e-01
1.672150000000000025e+00 1.662724724747653704e-01
1.676800000000000068e+00 1.349927760664279830e-01
1.681449999999999889e+00 1.179863625803585364e-01
1.686099999999999932e+00 9.587821077454954100e-02
1.690749999999999975e+00 4.527966546688608901e-02
1.695400000000000018e+00 5.617585943813345473e-02
1.700050000000000061e+00 4.547843800283776078e-02
1.704700000000000104e+00 3.609113361371806689e-02
1.709349999999999925e+00 2.801192320595961155e-02
1.713999999999999968e+00 2.549334327256526020e-02
1.718650000000000011e+00 1.612851477217681212e-02
