7.600000000000000000e+03 0.000000000000000000e+00
7.624500000000000000e+03 0.000000000000000000e+00
7.649000000000000000e+03 0.000000000000000000e+00
7.673500000000000000e+03 0.000000000000000000e+00
7.698000000000000000e+03 0.000000000000000000e+00
7.722500000000000000e+03 0.000000000000000000e+00
7.747000000000000000e+03 0.000000000000000000e+00
7.771500000000000000e+03 0.000000000000000000e+00
7.796000000000000000e+03 0.000000000000000000e+00
7.820500000000000000e+03 0.000000000000000000e+00
7.845000000000000000e+03 0.000000000000000000e+00
7.869500000000000000e+03 0.000000000000000000e+00
7.894000000000000000e+03 0.000000000000000000e+00
7.918500000000000000e+03 0.000000000000000000e+00
7.943000000000000000e+03 0.000000000000000000e+00
7.967500000000000000e+03 0.000000000000000000e+00
7.992000000000000000e+03 0.000000000000000000e+00
8.016500000000000000e+03 7.638276070263000372e-02
8.041000000000000000e+03 8.220157646465019174e-02
8.065500000000000000e+03 8.807180143493729962e-02
8.090000000000000000e+03 9.400108327363616845e-02
8.114500000000000000e+03 1.004895658555806648e-01
8.139000000000000000e+03 1.075436833331678277e-01
8.163500000000000000e+03 1.146676506403376677e-01
8.188000000000000000e+03 1.220522166557636706e-01
8.212500000000000000e+03 1.286424912805469167e-01
8.237000000000000000e+03 1.334621961985971161e-01
8.261500000000000000e+03 1.381826885394897009e-01
8.286000000000000000e+03 1.429635780245493148e-01
8.310500000000000000e+03 1.481810718414683647e-01
8.335000000000000000e+03 1.542155838763373810e-01
8.359500000000000000e+03 1.603286041060604517e-01
8.384000000000000000e+03 1.656768776325099335e-01
8.408500000000000000e+03 1.707730640828468704e-01
8.433000000000000000e+03 1.751540670286470258e-01
8.457500000000000000e+03 1.795505424755886315e-01
8.482000000000000000e+03 1.839637529994391230e-01
8.506500000000000000e+03 1.881290414253941612e-01
8.531000000000000000e+03 1.908091298010833325e-01
8.555500000000000000e+03 1.931703416859699429e-01
8.580000000000000000e+03 1.953370537049222422e-01
8.604500000000000000e+03 1.975341219332226173e-01
8.629000000000000000e+03 2.001389668135128141e-01
8.653500000000000000e+03 2.034755730922634953e-01
8.678000000000000000e+03 2.068602921724781440e-01
8.702500000000000000e+03 2.102622896945587350e-01
8.727000000000000000e+03 2.143639354332917968e-01
8.751500000000000000e+03 2.203058440859677891e-01
8.776000000000000000e+03 2.263612254364866239e-01
8.800500000000000000e+03 2.325160071564439379e-01
8.825000000000000000e+03 2.375201176361425026e-01
8.849500000000000000e+03 2.433510249928813596e-01
8.874000000000000000e+03 2.494921487275331973e-01
8.898500000000000000e+03 2.557446028114376269e-01
8.923000000000000000e+03 2.608757472897236251e-01
8.947500000000000000e+03 2.661918344441434603e-01
8.972000000000000000e+03 2.716729057677418901e-01
8.996500000000000000e+03 2.771307861074158163e-01
9.021000000000000000e+03 2.783070639841492833e-01
9.045500000000000000e+03 2.786207605140920696e-01
9.070000000000000000e+03 2.791914821541040537e-01
9.094500000000000000e+03 2.797846880769234712e-01
9.119000000000000000e+03 2.833659349091796065e-01
9.143500000000000000e+03 2.885147972433816377e-01
9.168000000000000000e+03 2.937393771215223714e-01
9.192500000000000000e+03 2.989527958569009325e-01
9.217000000000000000e+03 3.026757171556112014e-01
9.241500000000000000e+03 3.058289728635817384e-01
9.266000000000000000e+03 3.094384816958234974e-01
9.290500000000000000e+03 3.130675494312666896e-01
9.315000000000000000e+03 3.147115391150160923e-01
9.339500000000000000e+03 3.145082433616341322e-01
9.364000000000000000e+03 3.144043078512266387e-01
9.388500000000000000e+03 3.143049548064218435e-01
9.413000000000000000e+03 3.159099676585440108e-01
9.437500000000000000e+03 3.201498967653716443e-01
9.462000000000000000e+03 3.247131324543467423e-01
9.486500000000000000e+03 3.292990431011811880e-01
9.511000000000000000e+03 3.330976146190712250e-01
9.535500000000000000e+03 3.353912912083659714e-01
9.560000000000000000e+03 3.376844802334006967e-01
9.584500000000000000e+03 3.401333656545898476e-01
9.609000000000000000e+03 3.425983900533385862e-01
9.633500000000000000e+03 3.452350350590113748e-01
9.658000000000000000e+03 3.481549529369014628e-01
9.682500000000000000e+03 3.510673738437125602e-01
9.707000000000000000e+03 3.537193724876443457e-01
9.731500000000000000e+03 3.548435545839029870e-01
9.756000000000000000e+03 3.558223240561360634e-01
9.780500000000000000e+03 3.567300156302138370e-01
9.805000000000000000e+03 3.576792866231331969e-01
9.829500000000000000e+03 3.565741174553344051e-01
9.854000000000000000e+03 3.560520009508792993e-01
9.878500000000000000e+03 3.554375097806278805e-01
9.903000000000000000e+03 3.547047594596148823e-01
9.927500000000000000e+03 3.582366785567431267e-01
9.952000000000000000e+03 3.614358545057074767e-01
9.976500000000000000e+03 3.649148779446652613e-01
1.000100000000000000e+04 3.680711786892710280e-01
1.002550000000000000e+04 3.699267751410307281e-01
1.005000000000000000e+04 3.712761497169942970e-01
1.007450000000000000e+04 3.729111840038638603e-01
1.009900000000000000e+04 3.745185139339147762e-01
1.012350000000000000e+04 3.764140292768632379e-01
1.014800000000000000e+04 3.787254640822778073e-01
1.017250000000000000e+04 3.810168370922223935e-01
1.019700000000000000e+04 3.829595888130625236e-01
1.022150000000000000e+04 3.842930553336072474e-01
1.024600000000000000e+04 3.853077981211417979e-01
1.027050000000000000e+04 3.862996374364378038e-01
1.029500000000000000e+04 3.869356019605108554e-01
1.031950000000000000e+04 3.889486990481935136e-01
1.034400000000000000e+04 3.914483354012183169e-01
1.036850000000000000e+04 3.939399010323698658e-01
1.039300000000000000e+04 3.964226663682932084e-01
1.041750000000000000e+04 3.966462876065974807e-01
1.044200000000000000e+04 3.953258555959379139e-01
1.046650000000000000e+04 3.936405126635652008e-01
1.049100000000000000e+04 3.922716769126786684e-01
1.051550000000000000e+04 3.931613072468549408e-01
1.054000000000000000e+04 3.963669974343854152e-01
1.056450000000000000e+04 3.995691373235632504e-01
1.058900000000000000e+04 4.027700071264137538e-01
1.061350000000000000e+04 4.036758085820526532e-01
1.063800000000000000e+04 4.015858090532473113e-01
1.066250000000000000e+04 3.994915463190887861e-01
1.068700000000000000e+04 3.976340559294765931e-01
1.071150000000000000e+04 3.971537444181204579e-01
1.073600000000000000e+04 3.993944935508386140e-01
1.076050000000000000e+04 4.016413852181480171e-01
1.078500000000000000e+04 4.038967679357696738e-01
1.080950000000000000e+04 4.054363147701515735e-01
1.083400000000000000e+04 4.049730928475783198e-01
1.085850000000000000e+04 4.045184902412400918e-01
1.088300000000000000e+04 4.044226804993692470e-01
1.090750000000000000e+04 4.032780053465538916e-01
1.093200000000000000e+04 3.989881188680604041e-01
1.095650000000000000e+04 3.947062403112072682e-01
1.098100000000000000e+04 3.907680981392955832e-01
1.100550000000000000e+04 3.873334175871442353e-01
1.103000000000000000e+04 3.921552967224543607e-01
1.105450000000000000e+04 3.969846083506629597e-01
1.107900000000000000e+04 4.021662862162779239e-01
1.110350000000000000e+04 4.068602527479813769e-01
1.112800000000000000e+04 4.034857967013708580e-01
1.115250000000000000e+04 4.004487547967064964e-01
1.117700000000000000e+04 3.970598982148438871e-01
1.120150000000000000e+04 3.937189607273854919e-01
1.122600000000000000e+04 3.933245414306384413e-01
1.125050000000000000e+04 3.928244981445013773e-01
1.127500000000000000e+04 3.924910259935807111e-01
1.129950000000000000e+04 3.921557386710192161e-01
1.132400000000000000e+04 3.832426335362592584e-01
1.134850000000000000e+04 3.731847155428006380e-01
1.137300000000000000e+04 3.627792588164864829e-01
1.139750000000000000e+04 3.526552305866008097e-01
1.142200000000000000e+04 3.137289637986798163e-01
1.144650000000000000e+04 2.663671106500016261e-01
1.147100000000000000e+04 2.187908867906520061e-01
1.149550000000000000e+04 1.711096319061340965e-01
1.152000000000000000e+04 1.381789101080932447e-01
1.154450000000000000e+04 1.119374388947897841e-01
1.156900000000000000e+04 8.563170193788549600e-02
1.159350000000000000e+04 5.923970840967550389e-02
1.161800000000000000e+04 4.229658251649488082e-02
1.164250000000000000e+04 3.152469469605564262e-02
1.166700000000000000e+04 2.069541855431906996e-02
1.169150000000000000e+04 9.853105293505229692e-03
1.171600000000000000e+04 4.180387165909430110e-03
1.174050000000000000e+04 3.267398648788290803e-03
1.176500000000000000e+04 2.349046754502673480e-03
1.178950000000000000e+04 1.430094349704062609e-03
1.181400000000000000e+04 8.527476530445511063e-04
1.183850000000000000e+04 7.148973985171336093e-04
1.186300000000000000e+04 5.769221190445830054e-04
1.188750000000000000e+04 4.381609823176838394e-04
1.191200000000000000e+04 3.410396688582317793e-04
1.193650000000000000e+04 3.183800351513232018e-04
1.196100000000000000e+04 2.959409996545448135e-04
1.198550000000000000e+04 2.733300684165992228e-04
1.201000000000000000e+04 2.543646416231256486e-04
1.203450000000000000e+04 2.452865475334240863e-04
1.205900000000000000e+04 2.359757412036507323e-04
1.208350000000000000e+04 2.268382969790133880e-04
1.210800000000000000e+04 2.150232192059557191e-04
1.213250000000000000e+04 1.920398478385111174e-04
1.215700000000000000e+04 1.691188074495252405e-04
1.218150000000000000e+04 1.460105708643701452e-04
1.220600000000000000e+04 1.247567126859149044e-04
1.223050000000000000e+04 1.185350173182614516e-04
1.225500000000000000e+04 1.122463426692121608e-04
1.227950000000000000e+04 1.059431422070972791e-04
1.230400000000000000e+04 9.994842662207222255e-05
1.232850000000000000e+04 1.044530952068878626e-04
1.235300000000000000e+04 1.090555743320069122e-04
1.237750000000000000e+04 1.136482509219984639e-04
1.240200000000000000e+04 1.182063719890245575e-04
1.242650000000000000e+04 1.234372052907520398e-04
1.245100000000000000e+04 1.286234264504226279e-04
1.247550000000000000e+04 1.339103724405039714e-04
1.250000000000000000e+04 1.392270907110677402e-04
1.252450000000000000e+04 1.382974405984598780e-04
1.254900000000000000e+04 1.364963502440926283e-04
1.257350000000000000e+04 1.346902088222053768e-04
1.259800000000000000e+04 1.327682625142576598e-04
1.262250000000000000e+04 1.249716329656562952e-04
1.264700000000000000e+04 1.154174749654681158e-04
1.267150000000000000e+04 1.058100174341544399e-04
1.269600000000000000e+04 9.624697658177384918e-05
1.272050000000000000e+04 9.050525209836302000e-05
1.274500000000000000e+04 8.654181827867215367e-05
1.276950000000000000e+04 8.250399028734971437e-05
1.279400000000000000e+04 7.852852143500803697e-05
1.281850000000000000e+04 7.297205893403642158e-05
1.284300000000000000e+04 6.638620899533462661e-05
1.286750000000000000e+04 5.984162281211480002e-05
1.289200000000000000e+04 5.325151947847675727e-05
1.291650000000000000e+04 4.468905722913188661e-05
1.294100000000000000e+04 3.434856408061749233e-05
1.296550000000000000e+04 2.397226303639537906e-05
1.299000000000000000e+04 1.360844514512210042e-05
