0 2458474.52843 9 54.215 0.0
1 2458453.33681 27 90.2887 7.54198728122
2 2458474.33596 25 58.6541 0.49343027525
3 2458453.40097 3 87.1245 7.98667800308
4 2458474.38364 9 54.8708 -2.24273034553
5 2458453.22009 8 90.387 8.22789318204
6 2458453.285 5 89.5649 9.20509082906
7 2458516.56573 4 35.1752 0.627983196619
8 2458474.40218 26 58.066 0.658327768846
9 2458474.53874 30 58.9682 0.722050261126
10 2458453.46514 22 90.7705 8.6453904248
11 2458516.64842 4 34.6738 -0.119969457859
12 2458516.37845 24 39.3034 -1.75138226596
13 2458516.71877 4 37.5503 1.04489856341
14 2458516.69816 8 36.0744 0.441573241627
15 2458474.44985 3 54.6527 -2.16087256456
16 2458453.39685 4 87.5219 5.9335173064
17 2458516.51807 22 39.7396 0.150034668326
18 2458453.33269 26 88.2108 6.40291652961
19 2458453.2036 7 87.424 4.9475204802
20 2458453.47957 4 87.7595 10.0246922663
21 2458516.63606 6 36.4386 0.188847128378
22 2458453.41333 11 88.0685 10.0206521476
23 2458516.56985 5 34.9314 0.0749687874586
24 2458474.53461 28 57.7754 0.120801390208
25 2458516.58222 4 34.9561 0.387149361313
26 2458474.39806 25 56.065 0.125660135758
27 2458474.58846 30 56.4403 -2.70348043067
28 2458516.37433 23 39.8612 -1.79649149807
29 2458474.27888 3 56.9961 3.03837831509
30 2458516.50158 25 38.6635 -0.377491080197
31 2458516.65048 28 39.538 -0.185050301209
32 2458516.72289 7 39.3038 2.00537703278
33 2458453.20154 27 87.5287 4.43175272874
34 2458474.60701 13 55.9528 1.34891619439
35 2458474.32772 29 56.7726 -0.777108942302
36 2458516.71258 21 38.7675 -0.45704294353
37 2458474.52637 28 56.636 -1.70953152295
38 2458474.58434 32 57.3462 -2.46867501704
39 2458453.26233 29 87.7606 4.97529284648
40 2458516.44773 36 38.7206 -1.97858948142
41 2458516.43948 29 38.9378 -0.884909251092
42 2458453.4569 25 90.8847 5.88919907635
43 2458453.2747 28 90.5068 7.05801763341
44 2458516.49746 29 40.3156 -0.358551201894
45 2458474.31536 27 57.2258 -2.08188165768
46 2458453.52932 3 87.9007 6.4835947368
47 2458516.6546 28 41.3493 0.393963067823
48 2458474.60082 30 57.4903 0.789144227141
49 2458516.50983 29 39.2054 -0.630971152266
50 2458453.32857 25 89.0973 4.58542899568
51 2458474.51813 27 58.0235 -2.64418144085
52 2458474.45809 3 54.3927 -1.27001790323
53 2458516.70228 6 36.7074 -0.156833288074
54 2458474.26446 28 57.563 -0.158332700006
55 2458516.43124 26 40.0372 -1.02111682401
56 2458516.62988 37 38.8779 -0.79432425263
57 2458453.21802 26 91.484 7.75162052333
58 2458516.44567 3 36.4931 -0.430534308133
59 2458516.52219 31 39.9971 1.55451813918
60 2458474.33802 16 54.7307 1.30825081962
61 2458453.40303 27 90.1769 8.30486663837
62 2458516.64636 24 38.4518 -0.492734824598
63 2458474.46633 12 55.3275 0.180202994279
64 2458516.38051 3 36.455 -1.15941176888
65 2458516.7167 22 39.9509 0.145293849892
66 2458453.28294 39 91.8156 7.99306923276
67 2458516.50776 3 35.9678 -0.576860101739
68 2458474.27476 3 56.2345 2.4675540627
69 2458516.56367 27 39.258 -0.120821695796
70 2458474.40424 7 56.0529 1.50153510499
71 2458474.5408 11 58.3863 1.65208089676
72 2458474.38982 23 56.1548 -2.38271562887
73 2458516.634 22 39.5383 -0.539129625484
74 2458474.2624 6 53.6372 -0.690685768057
75 2458516.70022 22 39.2269 -0.680123108638
76 2458453.39479 23 88.0845 6.12791919897
77 2458474.34214 4 56.4566 2.76947847356
78 2458516.52013 3 37.132 1.73043177052
79 2458453.33063 20 85.8675 4.43105087848
80 2458474.5864 2 53.7866 -2.07697240878
81 2458516.37227 4 35.3232 -0.568716759995
82 2458453.53344 3 88.6962 7.08677089746
83 2458453.54992 7 88.6626 8.59451967831
84 2458474.32566 3 54.7572 -0.726976847811
85 2458516.45803 3 38.5727 1.2733388149
86 2458516.58015 27 39.5698 0.138802986536
87 2458474.396 2 53.6671 -0.153482127046
88 2458474.47457 19 56.3291 2.85524731637
89 2458516.72083 26 41.8323 1.21649066514
90 2458516.38257 23 38.3202 -0.338723015039
91 2458453.19948 3 85.5706 3.99614489055
92 2458474.44779 25 56.5139 -2.53985537542
93 2458474.27682 28 58.9679 1.48508601725
94 2458453.28088 5 87.7931 9.16217013217
95 2458516.50364 4 35.745 -0.266696872475
96 2458453.46308 3 86.4797 6.75998294776
97 2458474.58228 2 54.0173 -3.13903838614
98 2458516.44979 8 34.9864 -0.568061165827
99 2458474.27064 12 55.005 1.67656172463
100 2458516.58634 3 37.7237 1.32984985839
101 2458516.43742 3 35.8709 -0.379387869776
102 2458474.38158 27 56.4273 -1.93084880266
103 2458453.41127 27 91.2777 9.38272087645
104 2458516.71052 5 35.5078 -0.44090318536
105 2458474.46427 27 56.3402 -0.600514318739
106 2458474.52431 4 53.5074 -0.657530857632
107 2458453.53138 24 90.6451 7.19676779238
108 2458516.65667 6 37.8464 1.86641156297
109 2458474.59876 5 53.9545 0.641039162354
110 2458516.57191 28 38.1132 0.0749364186256
111 2458474.39394 26 55.8704 -1.20753984859
112 2458453.53756 4 90.4199 7.5604634313
113 2458453.45896 6 86.5512 6.46393127726
114 2458453.27676 11 87.9725 7.67439400916
115 2458474.31742 3 54.5278 -1.75065834715
116 2458516.45391 4 37.7758 0.776914296243
117 2458453.21184 7 87.4857 6.25109516399
118 2458516.4333 4 36.459 -0.556139882735
119 2458516.63812 22 38.852 -0.202538274847
120 2458453.39273 6 85.2887 5.53342419791
121 2458474.52019 10 54.2639 -2.22300055196
122 2458516.70434 34 38.594 -0.689486193113
123 2458474.46015 27 56.7008 -1.45809241411
124 2458474.2727 24 58.0035 1.19915103808
125 2458516.71464 6 35.3993 -0.213830283998
126 2458474.47045 5 54.532 2.13423845858
127 2458516.6443 5 36.2187 -0.38614675582
128 2458474.53049 26 58.1899 -1.17917570394
129 2458474.3339 4 55.4838 1.12664599743
130 2458453.33887 6 88.113 8.14858591873
131 2458474.3857 23 57.1277 -2.48277830648
132 2458516.59046 12 38.385 2.25408614272
133 2458516.44154 3 36.4131 -0.92484204376
134 2458453.26852 12 84.5103 6.46723996749
135 2458516.45597 29 39.639 0.800537817214
136 2458474.32154 8 54.8771 -1.60260487772
137 2458453.41539 34 90.5747 10.5819675578
138 2458516.57809 12 35.4934 -0.399685187589
139 2458474.59258 25 56.5567 -1.40890361697
140 2458453.5355 24 91.9005 6.51731330594
141 2458474.45191 31 57.2247 -1.67091367457
142 2458516.51601 4 35.2835 -0.123301375252
143 2458453.33475 12 86.2851 6.29497538633
144 2458474.34008 29 57.9987 1.16430901084
145 2458453.48163 27 91.2839 9.43366680368
146 2458516.38669 26 39.1201 -0.907196381123
147 2458474.25828 5 54.5755 -0.454796508406
148 2458453.40715 23 91.2028 8.80734091117
149 2458474.32978 3 53.9513 -0.149924844529
150 2458474.46221 4 54.4548 0.391670659265
151 2458453.26027 4 85.3755 4.35581516372
152 2458474.58022 28 56.8895 -2.57993479076
153 2458453.2139 29 89.8317 7.21100914087
154 2458474.40836 25 54.3687 1.88997673049
155 2458453.46102 32 88.8255 5.45721701313
156 2458453.27882 27 91.1651 7.21199294742
157 2458516.38463 6 34.347 -0.886678517007
158 2458453.19742 28 87.1321 2.94396462292
159 2458474.47251 36 59.4414 1.21372603296
160 2458474.60289 12 54.2924 1.27718323971
161 2458516.51189 4 36.1925 -0.398550771798
162 2458453.32651 10 84.7651 4.6591209004
163 2458453.39067 24 88.5453 4.96374915203
164 2458474.45603 26 58.3507 -2.70379001008
165 2458516.7064 3 36.6665 -0.256201010106
166 2458474.51607 2 55.1237 -1.95986441194
167 2458453.2644 5 84.6417 4.93191535608
168 2458474.26652 3 54.9765 0.512826575655
169 2458516.64224 27 38.8669 -1.11378007761
170 2458453.20978 25 90.7533 6.57598076592
171 2458474.39188 9 54.23 -0.644440485045
172 2458516.57603 25 38.7632 -0.635203333465
173 2458453.54374 28 92.4753 9.30521947353
174 2458474.25622 29 56.4679 -3.09911294272
175 2458453.52519 8 88.7311 6.30590572076
176 2458516.36815 3 35.5428 -0.932587165482
177 2458474.5967 31 57.3909 -0.816868355972
178 2458516.37639 4 35.5721 -0.884499311647
179 2458474.46839 30 58.8771 0.533233590124
180 2458516.5057 24 38.2118 -0.824731501716
181 2458516.58428 21 38.5967 0.0418406712766
182 2458474.4063 31 58.3438 0.896197130662
183 2458474.38776 4 53.6202 -2.04509716896
184 2458453.52313 36 91.2707 5.32667789478
185 2458516.4436 20 38.7401 -1.37858696072
186 2458453.40509 4 87.474 8.26575408347
187 2458516.52425 4 37.6505 3.43167960553
188 2458474.59052 4 54.1995 -0.407881119808
189 2458516.37021 19 38.5945 -1.3787728382
190 2458453.27058 28 90.5524 5.29490841383
191 2458474.3236 25 57.4766 -2.84722834077
192 2458453.41745 4 88.3406 10.9857395043
193 2458516.56779 24 38.9362 0.189418150977
194 2458474.40012 14 55.8412 0.755472253926
195 2458474.53667 16 54.3489 0.564484037572
196 2458516.63194 3 36.519 0.757417404345
197 2458453.20566 25 91.1014 4.96025228114
198 2458516.38875 6 36.7008 0.381249388458
199 2458474.26034 25 55.5868 0.204534076481
200 2458474.45397 3 54.004 -1.90977769771
201 2458516.6961 27 40.4158 -0.445901755988
202 2458474.51401 28 57.0893 -2.46092477982
203 2458453.39891 28 89.814 7.78732394551
204 2458453.25821 27 87.5241 3.78167690375
205 2458516.45185 23 39.146 -0.296689581525
206 2458453.21596 5 88.6734 7.46651977373
207 2458516.5884 22 41.4268 1.21074429429
208 2458453.40921 5 87.4712 10.0500949424
209 2458474.33184 23 56.4874 -0.385891122392
210 2458474.52225 28 57.3046 -1.90801389129
211 2458516.65254 12 37.8986 1.39585661197
212 2458474.60495 26 57.8843 0.826038908447
213 2458453.26646 25 86.9419 5.73468912834
214 2458474.26858 35 57.3072 0.0833805852848
215 2458516.64018 10 35.4523 -1.01844286622
216 2458453.48369 4 87.8956 9.949352587
217 2458453.20772 5 88.2459 6.69396754246
218 2458516.43536 29 39.3819 -1.44914526686
219 2458516.51395 24 38.7685 -0.325184516868
220 2458453.32445 30 88.0987 3.9890635211
221 2458516.70846 29 39.111 -0.943092523084
222 2458453.52725 24 91.7144 5.33040175797
223 2458516.36609 20 38.9511 -1.5422703713
224 2458474.59464 5 53.4811 -0.594252353613
225 2458474.53255 9 53.6665 0.100295342773
226 2458516.57397 4 36.3489 0.182840735647
227 2458474.31948 25 57.6738 -2.22760889324
228 2458453.27264 9 88.2337 6.99420732425
229 2458516.49952 4 37.1891 0.0238673504668
