-0.0876772498188 596898087.175 646437543.045 596532952.566 693451339.438 2458474.52843 1 10 1
-0.44862722455 581983214.815 623570226.883 580237901.628 705600642.805 2458453.33681 0 2 0
-0.100038091365 582525093.178 620934756.639 581314077.509 690741922.644 2458474.33596 1 7 0
-0.444506740988 597001022.32 647631066.465 596602561.151 691082627.259 2458453.40097 0 3 1
-0.0969761435732 596227093.097 646660566.054 595742155.459 700017654.79 2458474.38364 1 8 1
-0.456123359071 598222577.395 649446903.803 597837609.426 695011587.999 2458453.22009 0 0 1
-0.451954548467 598169949.239 649087461.365 597819489.033 693011068.265 2458453.285 0 1 1
-0.387994580626 598240087.962 646527594.859 597817430.484 691345355.024 2458516.56573 2 15 1
-0.0957852490426 582063993.6 621459012.986 580367967.852 701614796.359 2458474.40218 1 8 0
-0.0870156525553 582352315.705 622328468.878 580556102.867 703143150.073 2458474.53874 1 10 0
-0.440385508866 581363925.072 621260946.525 579843778.423 693416875.153 2458453.46514 0 4 0
-0.382684018977 598917536.718 647641000.146 598500947.562 691931781.722 2458516.64842 2 16 1
-0.400022112348 583774762.6 622837533.032 582097253.759 704000646.295 2458516.37845 2 12 0
-0.378166627291 599500731.765 648062695.042 599094642.925 689684431.196 2458516.71877 2 17 1
-0.379489810634 598702575.791 647241638.243 598373369.994 692365682.934 2458516.69816 2 17 1
-0.0927240382665 595923110.554 645698848.18 595468125.04 700002902.078 2458474.44985 1 9 1
-0.444771383506 596699153.939 648153936.169 596291043.568 695643493.959 2458453.39685 0 3 1
-0.391055723337 583820676.747 623326153.209 582099341.233 703128240.203 2458516.51807 2 14 0
-0.448891866051 581454797.996 623039084.712 579837152.926 701238615.59 2458453.33269 0 2 0
-0.457181905638 596467781.806 647076724.163 596108356.675 694304815.669 2458453.2036 0 0 1
-0.439459272733 597291412.579 648452668.857 596881764.1 693677794.964 2458453.47957 0 4 1
-0.383477929425 598467590.979 646865869.033 598057897.294 692106961.218 2458516.63606 2 16 1
-0.443712826233 596963083.777 649767098.628 596536493.194 701521218.09 2458453.41333 0 3 1
-0.387729939663 598676670.651 647450576.492 598294850.116 691989810.519 2458516.56985 2 15 1
-0.0872802897501 582255849.62 621790057.57 580655625.161 697467692.329 2458474.53461 1 10 0
-0.386936029155 598922475.036 647904829.661 598529891.834 692372611.717 2458516.58222 2 15 1
-0.0960498882709 582167881.242 621544902.424 581000893.911 689339779.544 2458474.39806 1 8 0
-0.0838221094552 581758314.291 620837344.925 580023141.033 700840704.158 2458474.58846 1 11 0
-0.400286749902 583146049.127 622651325.24 581761072.902 694000626.49 2458516.37433 2 12 0
-0.103703690581 597441947.49 646837669.025 597059559.798 691301829.857 2458474.27888 1 6 1
-0.392114270801 584016666.729 622940876.417 582294838.307 701869233.805 2458516.50158 2 14 0
-0.382551702682 584378607.834 623578190.137 582865707.038 696943142.315 2458516.65048 2 16 0
-0.377901997035 599705607.075 649062445.606 599371439.168 694321681.685 2458516.72289 2 17 1
-0.457314226328 580449667.788 622731608.908 578933408.714 702237310.469 2458453.20154 0 0 0
-0.0826312294287 597149681.017 648793860.333 596718784.428 700182480.429 2458474.60701 1 11 1
-0.100567372184 582383844.759 622503634.101 580647769.576 702322584.926 2458474.32772 1 7 0
-0.378563576146 584095306.687 623277986.099 582340810.278 702118165.537 2458516.71258 2 17 0
-0.0878095708983 581670377.671 622570430.656 580003140.966 703920645.075 2458474.52637 1 10 0
-0.0840867553824 581777899.915 621536534.402 579942371.032 702049087.274 2458474.58434 1 11 0
-0.45341006183 582411872.875 621841921.791 580979861.698 693964749.538 2458453.26233 0 1 0
-0.395573105304 584461890.339 623065014.539 582986770.026 695652568.365 2458516.44773 2 13 0
-0.396102379095 584271857.021 624421988.108 582671119.404 703277704.582 2458516.43948 2 13 0
-0.440914796832 580871799.211 621816958.144 578751088.733 703224958.494 2458453.4569 0 4 0
-0.452616137686 582469553.155 623032457.163 581283005.73 693948929.677 2458453.2747 0 1 0
-0.392378912362 582366099.918 620991517.318 580579809.939 695830559.833 2458516.49746 2 14 0
-0.101361309338 581152251.164 620991387.642 579540975.103 696700123.154 2458474.31536 1 7 0
-0.436264276983 597122273.21 647967342.456 596706437.276 692727131.334 2458453.52932 0 5 1
-0.382287071289 584392637.535 623499958.7 582860590.679 697913569.58 2458516.6546 2 16 0
-0.0830281846527 582343106.745 620730812.429 580873107.64 692852703.752 2458474.60082 1 11 0
-0.391584992524 583866257.762 622506982.834 582278876.651 698185497.404 2458516.50983 2 14 0
-0.449156509437 581809447.267 622615428.345 580220071.966 697930066.041 2458453.32857 0 2 0
-0.0883388608088 581323647.982 620966958.908 579512382.134 699744058.032 2458474.51813 1 10 0
-0.0921947465318 596344227.369 645881432.683 595956025.525 690324127.289 2458474.45809 1 9 1
-0.379225169671 599072054.147 647419307.435 598691652.91 691078640.984 2458516.70228 2 17 1
-0.104629921899 581069016.911 620806664.607 579949172.351 691616943.573 2458474.26446 1 6 0
-0.396631660901 582915016.025 619746501.844 581770514.214 689069806.763 2458516.43124 2 13 0
-0.383874891258 582844731.247 617756436.367 580904457.307 686931592.531 2458516.62988 2 16 0
-0.456255675934 582762427.564 624128668.431 581147887.252 704111877.907 2458453.21802 0 0 0
-0.395705422795 599745214.06 648492975.192 599337443.807 693050107.153 2458516.44567 2 13 1
-0.390791092184 584025978.766 623036064.488 582419637.805 699942348.784 2458516.52219 2 14 0
-0.0999057725884 597927613.915 649122424.825 597514942.818 701941451.037 2458474.33802 1 7 1
-0.444374420476 581873364.521 622235498.44 580399489.269 694195929.863 2458453.40303 0 3 0
-0.38281633584 584103453.962 622827933.236 582569652.274 696932029.392 2458516.64636 2 16 0
-0.09166546335 596497789.712 647725052.289 596049156.823 702222320.86 2458474.46633 1 9 1
-0.399889794528 598428221.716 646699385.072 597992497.154 691749014.891 2458516.38051 2 12 1
-0.378298943018 584127380.61 623297123.801 582355009.292 702351831.555 2458516.7167 2 17 0
-0.452086865449 582910331.598 625139381.068 581382401.318 706989481.595 2458453.28294 0 1 0
-0.39171731127 598922319.129 648025888.435 598508704.444 694918264.421 2458516.50776 2 14 1
-0.103968326161 597312722.466 647004951.583 596928960.571 691262059.705 2458474.27476 1 6 1
-0.388126901496 582856604.287 619704459.801 581188304.439 690627955.762 2458516.56367 2 15 0
-0.0956529302657 596870774.998 646646425.087 596482819.655 691020059.602 2458474.40424 1 8 1
-0.0868833345261 597464472.573 649079821.194 597024047.369 701879917.275 2458474.5408 1 10 1
-0.0965791741442 581985517.27 622479241.481 580411917.676 698606147.948 2458474.38982 1 8 0
-0.383610249727 583418335.062 622644301.822 581674996.335 702016407.53 2458516.634 2 16 0
-0.104762242739 596191762.03 645312141.793 595808646.574 691961500.211 2458474.2624 1 6 1
-0.379357489973 584085790.799 622635330.832 582420197.646 698163269.853 2458516.70022 2 17 0
-0.444903705393 581923515.569 623302574.91 580093164.521 705523393.709 2458453.39479 0 3 0
-0.099641136201 597721304.421 647371896.615 597363844.241 693179924.215 2458474.34214 1 7 1
-0.390923407521 598750345.044 647785554.586 598371835.184 692606864.513 2458516.52013 2 14 1
-0.44902418755 596818026.35 645499867.199 596244726.56 705324061.393 2458453.33063 0 2 1
-0.0839544322095 597084877.53 646519564.851 596680408.399 691614718.122 2458474.5864 1 11 1
-0.400419069546 597573518.975 645669514.266 597204935.197 690300415.216 2458516.37227 2 12 1
-0.435999634465 597248435.044 648327720.427 596864910.296 693132612.067 2458453.53344 0 5 1
-0.434941085208 597465280.171 648629900.607 597077437.436 692859676.938 2458453.54992 0 5 1
-0.100699693862 596955902.478 646304176.53 596582514.781 693165734.402 2458474.32566 1 7 1
-0.394911525924 599349769.079 648053041.539 598954858.285 691781778.777 2458516.45803 2 13 1
-0.387068346048 584101286.731 620208071.57 582153409.647 696985165.603 2458516.58015 2 15 0
-0.0961822087524 597021638.049 646911488.69 596635561.74 691774978.343 2458474.396 1 8 1
-0.0911361888408 597146492.523 649796665.758 596700129.323 702345880.721 2458474.47457 1 9 1
-0.378034311984 583895792.844 623215488.604 582235934.623 701704502.806 2458516.72083 2 17 0
-0.399757477307 584396837.856 623759754.09 582846440.93 700915211.586 2458516.38257 2 12 0
-0.457446547498 595248232.936 644854434.79 594847980.142 692134602.134 2458453.19948 0 0 1
-0.0928563619777 581020808.87 621501027.416 578948166.317 704479379.689 2458474.44779 1 9 0
-0.103836008281 582271757.368 622670622.846 580591519.124 702756401.515 2458474.27682 1 6 0
-0.452219182821 598348548.032 649760515.056 597949478.723 695149734.858 2458453.28088 0 1 1
-0.391981950499 598482672.883 647329359.246 598100253.762 691508945.001 2458516.50364 2 14 1
-0.440517830364 596868842.716 647545737.057 596473686.514 692621854.377 2458453.46308 0 4 1
-0.0842190789142 596708744.883 645819374.097 596323220.633 691578971.325 2458474.58228 1 11 1
-0.395440788381 599596380.905 648645815.192 599242523.189 694060241.353 2458516.44979 2 13 1
-0.104232962937 597041300.218 648200010.494 596613101.576 700455191.777 2458474.27064 1 6 1
-0.386671397074 598775708.032 647719497.447 598356161.55 692534028.743 2458516.58634 2 15 1
-0.396234699009 599221646.455 648069099.385 598805100.548 695696414.3 2458516.43742 2 13 1
-0.0971084673143 580803951.927 620458777.873 578644671.605 701014871.077 2458474.38158 1 8 0
-0.443845144053 582166915.87 623299362.789 580489932.739 701665528.617 2458453.41127 0 3 0
-0.378695893637 599578135.333 648562887.778 599184045.225 692984351.906 2458516.71052 2 17 1
-0.0917977832632 581358534.904 619692745.762 580803623.293 686845302.893 2458474.46427 1 9 0
-0.0879418926059 596255782.338 645826493.715 595869603.643 689823964.763 2458474.52431 1 10 1
-0.436131955515 582202656.294 622734523.092 580888652.815 697118825.161 2458453.53138 0 5 0
-0.38215475634 599305939.255 648482090.21 598952162.721 692871560.024 2458516.65667 2 16 1
-0.0831605039977 597520902.442 647652310.554 597180161.095 694405339.163 2458474.59876 1 11 1
-0.38759761978 583765000.057 621841276.016 582399208.349 693714173.168 2458516.57191 2 15 0
-0.0963145298618 581686694.996 618801774.504 580728565.653 680699312.314 2458474.39394 1 8 0
-0.435734993981 597300871.093 648572895.148 596973371.052 694814458.625 2458453.53756 0 5 1
-0.440782474437 596613220.039 647239559.718 596148614.214 695737290.948 2458453.45896 0 4 1
-0.452483818849 597992198.705 650678624.965 597546597.419 701462523.731 2458453.27676 0 1 1
-0.101228985597 596726902.462 645382907.016 596314804.605 691423708.205 2458474.31742 1 7 1
-0.39517615627 599807980.503 648176787.564 599382926.081 694647076.403 2458516.45391 2 13 1
-0.456652628497 597690214.391 648615891.462 597395262.394 695497963.729 2458453.21184 0 0 1
-0.396499340001 598889958.295 646758699.935 598483601.519 690581161.347 2458516.4333 2 13 1
-0.383345609572 583801224.819 622685288.528 582288859.106 693947217.862 2458516.63812 2 16 0
-0.445036027549 596346127.894 646994943.925 595936198.25 694277593.133 2458453.39273 0 3 1
-0.0882065376059 596257353.51 642358390.151 595681491.511 700524400.975 2458474.52019 1 10 1
-0.379092849818 584334602.698 621924657.158 582878177.968 690556807.128 2458516.70434 2 17 0
-0.0920624248541 581855922.966 622134791.608 580091455.449 704515133.122 2458474.46015 1 9 0
-0.104100644369 582351974.92 622461992.844 580830115.22 698709968.537 2458474.2727 1 6 0
-0.378431259313 599601524.226 648732883.714 599218419.546 692388382.115 2458516.71464 2 17 1
-0.0914008252281 596591733.755 646219464.247 596250748.998 691772004.896 2458474.47045 1 9 1
-0.382948653361 599029198.593 647848683.481 598627002.805 691834497.51 2458516.6443 2 16 1
-0.0875449293074 581437250.173 623085991.884 580007082.498 706865941.432 2458474.53049 1 10 0
-0.10017041071 597472903.728 647530476.286 597077440.034 694000401.889 2458474.3339 1 7 1
-0.448494904607 597058894.941 648424435.378 596681069.723 695311656.005 2458453.33887 0 2 1
-0.0968438200713 581480218.772 620116946.751 579974463.901 689720060.995 2458474.3857 1 8 0
-0.386406766787 598944300.3 647737521.684 598583710.945 692070518.889 2458516.59046 2 15 1
-0.39597005972 599625708.313 648352084.852 599222258.198 693582937.384 2458516.44154 2 13 1
-0.453013097485 597938475.399 649015727.299 597530126.392 694984656.676 2458453.26852 0 1 1
-0.395043840903 584269653.711 623805270.078 582581813.222 703731294.595 2458516.45597 2 13 0
-0.100964338892 597470248.417 646943837.413 597061367.369 694604331.005 2458474.32154 1 7 1
-0.443580508892 582115295.073 622977965.07 580432573.651 701351598.811 2458453.41539 0 3 0
-0.387200663539 598622559.126 647796378.073 598235000.218 693540119.524 2458516.57809 2 15 1
-0.0835574655018 582070014.061 622177215.028 580297954.29 702225230.674 2458474.59258 1 11 0
-0.435867313954 582575757.229 623873930.579 580788427.002 706076772.462 2458453.5355 0 5 0
-0.0925917147347 581350624.605 619687397.353 579826954.761 690869254.732 2458474.45191 1 9 0
-0.391188039632 598967219.828 648044752.934 598567935.784 692015707.268 2458516.51601 2 14 1
-0.448759545062 597127505.85 648254990.635 596771935.568 695891618.77 2458453.33475 0 2 1
-0.0997734542003 582757113.181 622730892.068 581040693.709 702877423.582 2458474.34008 1 7 0
-0.439326955362 582623251.403 624247696.284 580873578.509 705397953.351 2458453.48163 0 4 0
-0.399492844628 584071545.886 623470462.233 582628340.105 696988599.525 2458516.38669 2 12 0
-0.105026886184 593647240.102 642181035.224 593272728.61 689706690.086 2458474.25828 1 6 1
-0.444109781128 582348385.888 622952290.73 580890409.056 694007407.884 2458453.40715 0 3 0
-0.100435051075 597638885.342 647430278.819 597230277.858 693750407.852 2458474.32978 1 7 1
-0.0919301037447 596315052.076 646328178.256 595942124.625 691024931.307 2458474.46221 1 9 1
-0.453542384316 597391799.496 647316703.436 596965023.915 692036919.923 2458453.26027 0 1 1
-0.0843514026553 581166576.555 621298265.897 579074771.687 702858345.892 2458474.58022 1 11 0
-0.456520310527 583090836.472 623175138.903 581763008.992 694793604.421 2458453.2139 0 0 0
-0.0953882938784 596933407.421 648298693.187 596615208.091 705065686.037 2458474.40836 1 8 1
-0.440650152251 581766907.515 623315074.282 579881850.6 704480848.927 2458453.46102 0 4 0
-0.452351500611 583074229.952 624354585.003 581380012.13 704417312.462 2458453.27882 0 1 0
-0.399625160653 599126679.63 648382745.107 598705302.784 692046352.644 2458516.38463 2 12 1
-0.457578869116 577045010.863 619310044.627 575505927.683 700398158.467 2458453.19742 0 0 0
-0.0912685068401 581992286.76 622786286.873 580411392.371 704909988.898 2458474.47251 1 9 0
-0.0828958658459 597225757.414 649324853.884 596824654.752 702283760.066 2458474.60289 1 11 1
-0.391452674016 598928330.317 647263511.364 598529662.697 690988840.437 2458516.51189 2 14 1
-0.449288831593 596646286.211 647506064.192 596209364.907 696410690.234 2458453.32651 0 2 1
-0.445168349944 580846225.292 622001869.476 578669252.922 703829809.434 2458453.39067 0 3 0
-0.0923270688075 581783059.492 621795471.315 579975098.863 701524382.631 2458474.45603 1 9 0
-0.378960530502 599416446.587 648203310.825 599054117.349 693719164.707 2458516.7064 2 17 1
-0.0884711842807 596103478.379 645590765.413 595689639.008 694137399.501 2458474.51607 1 10 1
-0.453277739973 597678161.24 648777406.568 597279207.536 695766655.305 2458453.2644 0 1 1
-0.104497601687 597049505.944 646338933.91 596681428.818 690494144.238 2458474.26652 1 6 1
-0.38308097148 583881812.628 622898348.044 582262833.753 699523457.447 2458516.64224 2 16 0
-0.456784946915 582107447.609 624221926.734 580940729.922 700449486.584 2458453.20978 0 0 0
-0.0964468515395 596559950.318 646859280.146 596090346.097 693978247.279 2458474.39188 1 8 1
-0.387332981688 583990546.456 623298876.723 582309641.853 704402238.821 2458516.57603 2 15 0
-0.435338037441 582788660.286 622160422.83 581539131.655 691348069.249 2458453.54374 0 5 0
-0.105159208729 578397454.385 619114549.133 576615958.819 702445789.446 2458474.25622 1 6 0
-0.436528921086 597029185.256 647432622.737 596596351.537 694267144.913 2458453.52519 0 5 1
-0.40068371018 595867509.289 643747154.896 595435612.057 690468901.118 2458516.36815 2 12 1
-0.0832928238811 582203251.393 621888198.542 580448015.323 703725325.843 2458474.5967 1 11 0
-0.400154430826 598269161.063 646106799.597 597879975.69 689507803.434 2458516.37639 2 12 1
-0.091533144005 581656493.436 620084043.567 580146414.584 695084859.296 2458474.46839 1 9 0
-0.391849630616 583727991.557 621327080.428 582375474.467 691500248.24 2458516.5057 2 14 0
-0.38680371283 583864089.378 623096247.174 582278378.391 699777643.748 2458516.58428 2 15 0
-0.0955206118777 582111806.64 621904705.613 580494296.393 699157697.499 2458474.4063 1 8 0
-0.0967114968685 596770815.371 646421191.463 596379044.026 691974933.834 2458474.38776 1 8 1
-0.436661243452 581312028.227 620229708.41 580008382.233 688147376.693 2458453.52313 0 5 0
-0.395837740973 584306407.828 622725865.29 582581935.395 702755534.458 2458516.4436 2 13 0
-0.444242100533 596955673.917 648527528.012 596583279.411 693094890.784 2458453.40509 0 3 1
-0.390658777235 599087293.073 647924770.168 598738570.043 690644539.046 2458516.52425 2 14 1
-0.0836897871795 596626256.826 646822414.26 596229472.569 692955512.708 2458474.59052 1 11 1
-0.400551389669 582184072.205 621862479.589 580559712.671 699989129.446 2458516.37021 2 12 0
-0.452880776974 582755723.373 622899170.778 581345895.108 694509225.874 2458453.27058 0 1 0
-0.100832016138 582184454.051 620632319.254 580781154.168 691549435.496 2458474.3236 1 7 0
-0.44344819185 597148873.286 647916912.825 596769342.832 692959134.838 2458453.41745 0 3 1
-0.387862259935 583446816.511 621977201.483 581617157.451 703330819.171 2458516.56779 2 15 0
-0.0959175683876 596914287.904 647376763.741 596461335.692 695794384.414 2458474.40012 1 8 1
-0.0871479709434 597661261.425 648895745.526 597219456.007 700892668.608 2458474.53667 1 10 1
-0.383742570388 598276428.852 646273964.199 597886841.267 691448967.459 2458516.63194 2 16 1
-0.457049585515 581535519.753 623408187.693 579968511.644 703540915.455 2458453.20566 0 0 0
-0.399360529051 598969453.472 648125022.963 598594886.794 692377139.567 2458516.38875 2 12 1
-0.104894564148 580637140.071 619505918.659 579691284.095 691205455.097 2458474.26034 1 6 0
-0.0924593915618 596407907.318 646201622.943 596067254.148 693441982.958 2458474.45397 1 9 1
-0.379622131474 583030289.753 622194378.415 581238070.755 698699497.102 2458516.6961 2 17 0
-0.0886035080517 580727867.222 618633170.385 578953780.626 691596588.966 2458474.51401 1 10 0
-0.444639062037 581614464.696 622861837.931 579828335.491 703333488.139 2458453.39891 0 3 0
-0.453674706651 581516382.18 621171128.603 580419893.918 687558545.897 2458453.25821 0 1 0
-0.395308472027 584523353.828 623558647.277 582915016.699 699774190.147 2458516.45185 2 13 0
-0.456387993066 597810009.169 649417949.071 597443516.351 695601565.708 2458453.21596 0 0 1
-0.386539081736 583878947.23 622536499.888 582025377.872 702722429.939 2458516.5884 2 15 0
-0.443977462352 596892920.662 648096833.283 596497452.522 692522329.811 2458453.40921 0 3 1
-0.100302730594 582710556.881 621749603.137 580925062.257 702464391.579 2458474.33184 1 7 0
-0.0880742148218 581683307.858 621251927.728 580173186.615 695428220.077 2458474.52225 1 10 0
-0.382419386926 599130748.263 648444256.345 598731675.638 694731595.361 2458516.65254 2 16 1
-0.0827635474579 582598220.846 621375320.307 581137260.976 691895434.735 2458474.60495 1 11 0
-0.453145418475 582340500.078 623983093.786 580698365.046 704060576.666 2458453.26646 0 1 0
-0.104365282043 581746292.943 622118266.19 580087342.453 701916398.968 2458474.26858 1 6 0
-0.383213290227 598626149.548 647821285.992 598188568.523 693993163.841 2458516.64018 2 16 1
-0.439194638319 597703572.0 649007098.566 597346339.116 695013385.002 2458453.48369 0 4 1
-0.456917265931 597055401.164 647569877.994 596702625.954 691286049.434 2458453.20772 0 0 1
-0.396367019311 583870160.492 622932696.634 582110520.497 703607585.042 2458516.43536 2 13 0
-0.391320356525 584208176.31 623082126.268 582421455.368 702967797.083 2458516.51395 2 14 0
-0.449421153958 580494100.258 621524194.19 578425964.403 703041663.407 2458453.32445 0 2 0
-0.378828211785 583989588.064 621505570.064 582532914.385 690092729.997 2458516.70846 2 17 0
-0.4363965989 582309059.719 621735450.013 580763794.682 694487766.511 2458453.52725 0 5 0
-0.40081603099 579067834.559 617899211.859 577403495.276 693580961.402 2458516.36609 2 12 0
-0.0834251443924 597523429.988 647722809.509 597155507.465 695534156.471 2458474.59464 1 11 1
-0.0874126093942 596596434.182 643485055.651 596161918.815 692260181.917 2458474.53255 1 10 1
-0.387465300435 598766223.847 647816822.608 598360135.02 694575980.43 2458516.57397 2 15 1
-0.101096662065 581878558.667 621723557.438 580128385.586 702061171.379 2458474.31948 1 7 0
-0.452748457031 597883317.167 648667823.689 597526261.306 692618809.723 2458453.27264 0 1 1
-0.392246591492 598381305.147 646632953.144 597952577.975 693472364.681 2458516.49952 2 14 1
