0.000000000000000000e+00 -1.114755175781250000e+04
1.000000000000000000e+00 -1.200295703125000000e+04
2.000000000000000000e+00 -1.156115234375000000e+04
3.000000000000000000e+00 -1.128150585937500000e+04
4.000000000000000000e+00 -1.165750683593750000e+04
5.000000000000000000e+00 3.235246875000000000e+04
6.000000000000000000e+00 3.195195898437500000e+04
7.000000000000000000e+00 3.156468750000000000e+04
8.000000000000000000e+00 3.154089257812500000e+04
9.000000000000000000e+00 3.129903710937500000e+04
1.000000000000000000e+01 3.158297265625000000e+04
1.100000000000000000e+01 3.212071289062500000e+04
1.200000000000000000e+01 3.119263281250000000e+04
1.300000000000000000e+01 2.945363281250000000e+04
1.400000000000000000e+01 3.222076757812500000e+04
1.500000000000000000e+01 3.015184179687500000e+04
1.600000000000000000e+01 3.161634179687500000e+04
1.700000000000000000e+01 3.176753320312500000e+04
1.800000000000000000e+01 3.256110351562500000e+04
1.900000000000000000e+01 3.090186523437500000e+04
2.000000000000000000e+01 3.430348046875000000e+04
2.100000000000000000e+01 3.172025976562500000e+04
2.200000000000000000e+01 3.550458984375000000e+04
2.300000000000000000e+01 3.167861914062500000e+04
2.400000000000000000e+01 3.908712109375000000e+04
2.500000000000000000e+01 3.366617187500000000e+04
2.600000000000000000e+01 3.845286718750000000e+04
2.700000000000000000e+01 3.147161328125000000e+04
2.800000000000000000e+01 3.156443164062500000e+04
2.900000000000000000e+01 3.209863085937500000e+04
3.000000000000000000e+01 3.218315820312500000e+04
3.100000000000000000e+01 3.064530273437500000e+04
3.200000000000000000e+01 3.083054687500000000e+04
3.300000000000000000e+01 3.140906054687500000e+04
3.400000000000000000e+01 3.146601562500000000e+04
3.500000000000000000e+01 3.266769335937500000e+04
3.600000000000000000e+01 3.136319531250000000e+04
3.700000000000000000e+01 3.131406250000000000e+04
3.800000000000000000e+01 3.215627539062500000e+04
3.900000000000000000e+01 3.247793750000000000e+04
4.000000000000000000e+01 3.538700781250000000e+04
4.100000000000000000e+01 3.302632812500000000e+04
4.200000000000000000e+01 3.364790234375000000e+04
4.300000000000000000e+01 3.303519921875000000e+04
4.400000000000000000e+01 3.331361328125000000e+04
4.500000000000000000e+01 3.467368750000000000e+04
4.600000000000000000e+01 3.483893359375000000e+04
4.700000000000000000e+01 3.778108593750000000e+04
4.800000000000000000e+01 3.543324609375000000e+04
4.900000000000000000e+01 3.599841406250000000e+04
5.000000000000000000e+01 3.576214843750000000e+04
5.100000000000000000e+01 3.748707031250000000e+04
5.200000000000000000e+01 3.677546093750000000e+04
5.300000000000000000e+01 3.793985937500000000e+04
5.400000000000000000e+01 4.059268750000000000e+04
5.500000000000000000e+01 4.297689062500000000e+04
5.600000000000000000e+01 6.049597265625000000e+04
5.700000000000000000e+01 5.537665234375000000e+04
5.800000000000000000e+01 6.327168359375000000e+04
5.900000000000000000e+01 7.633206250000000000e+04
6.000000000000000000e+01 9.020459375000000000e+04
6.100000000000000000e+01 1.055673281250000000e+05
6.200000000000000000e+01 1.341776875000000000e+05
6.300000000000000000e+01 1.734236562500000000e+05
6.400000000000000000e+01 2.672090312500000000e+05
6.500000000000000000e+01 6.825373125000000000e+05
6.600000000000000000e+01 2.035305625000000000e+06
6.700000000000000000e+01 3.343278500000000000e+06
6.800000000000000000e+01 3.741122250000000000e+06
6.900000000000000000e+01 2.702283000000000000e+06
7.000000000000000000e+01 1.342555000000000000e+06
7.100000000000000000e+01 5.556848750000000000e+05
7.200000000000000000e+01 2.362672343750000000e+05
7.300000000000000000e+01 1.476108125000000000e+05
7.400000000000000000e+01 1.166075937500000000e+05
7.500000000000000000e+01 9.999803906250000000e+04
7.600000000000000000e+01 1.010408750000000000e+05
7.700000000000000000e+01 8.864917968750000000e+04
7.800000000000000000e+01 5.989982031250000000e+04
7.900000000000000000e+01 5.383379296875000000e+04
8.000000000000000000e+01 4.950978906250000000e+04
8.100000000000000000e+01 4.675269531250000000e+04
8.200000000000000000e+01 4.277780078125000000e+04
8.300000000000000000e+01 4.119196484375000000e+04
8.400000000000000000e+01 3.942342187500000000e+04
8.500000000000000000e+01 4.971063281250000000e+04
8.600000000000000000e+01 3.763203515625000000e+04
8.700000000000000000e+01 3.841654687500000000e+04
8.800000000000000000e+01 3.692035937500000000e+04
8.900000000000000000e+01 3.635782812500000000e+04
9.000000000000000000e+01 3.464078125000000000e+04
9.100000000000000000e+01 3.555433593750000000e+04
9.200000000000000000e+01 3.912885546875000000e+04
9.300000000000000000e+01 3.765666796875000000e+04
9.400000000000000000e+01 3.362004296875000000e+04
9.500000000000000000e+01 3.319943359375000000e+04
9.600000000000000000e+01 3.302574609375000000e+04
9.700000000000000000e+01 3.443478125000000000e+04
9.800000000000000000e+01 3.333197265625000000e+04
9.900000000000000000e+01 3.327409765625000000e+04
1.000000000000000000e+02 3.390296484375000000e+04
1.010000000000000000e+02 3.455073828125000000e+04
1.020000000000000000e+02 3.405054687500000000e+04
1.030000000000000000e+02 3.133244140625000000e+04
1.040000000000000000e+02 3.304106640625000000e+04
1.050000000000000000e+02 3.341655468750000000e+04
1.060000000000000000e+02 3.144785156250000000e+04
1.070000000000000000e+02 3.214035156250000000e+04
1.080000000000000000e+02 3.276770507812500000e+04
1.090000000000000000e+02 3.074448632812500000e+04
1.100000000000000000e+02 3.180655664062500000e+04
1.110000000000000000e+02 3.086406640625000000e+04
1.120000000000000000e+02 3.252993164062500000e+04
1.130000000000000000e+02 3.194150390625000000e+04
1.140000000000000000e+02 3.226138281250000000e+04
1.150000000000000000e+02 3.533992968750000000e+04
1.160000000000000000e+02 3.511553125000000000e+04
1.170000000000000000e+02 3.209632031250000000e+04
1.180000000000000000e+02 2.968224414062500000e+04
1.190000000000000000e+02 3.169466210937500000e+04
1.200000000000000000e+02 3.208310351562500000e+04
1.210000000000000000e+02 3.197074609375000000e+04
1.220000000000000000e+02 3.499769921875000000e+04
1.230000000000000000e+02 3.208520507812500000e+04
1.240000000000000000e+02 3.206942382812500000e+04
1.250000000000000000e+02 3.314853906250000000e+04
1.260000000000000000e+02 3.240538867187500000e+04
1.270000000000000000e+02 3.065075195312500000e+04
1.280000000000000000e+02 3.281921484375000000e+04
1.290000000000000000e+02 3.134496679687500000e+04
1.300000000000000000e+02 3.160654296875000000e+04
1.310000000000000000e+02 3.275177929687500000e+04
1.320000000000000000e+02 3.197536718750000000e+04
1.330000000000000000e+02 3.205144921875000000e+04
1.340000000000000000e+02 3.149983789062500000e+04
1.350000000000000000e+02 4.524255078125000000e+04
1.360000000000000000e+02 3.290885937500000000e+04
1.370000000000000000e+02 3.339731640625000000e+04
1.380000000000000000e+02 3.565363281250000000e+04
1.390000000000000000e+02 3.323618359375000000e+04
1.400000000000000000e+02 3.242143359375000000e+04
1.410000000000000000e+02 3.240916601562500000e+04
1.420000000000000000e+02 3.264982031250000000e+04
1.430000000000000000e+02 3.243649609375000000e+04
1.440000000000000000e+02 3.316035937500000000e+04
1.450000000000000000e+02 3.248282812500000000e+04
1.460000000000000000e+02 3.162560351562500000e+04
1.470000000000000000e+02 3.153629492187500000e+04
1.480000000000000000e+02 3.256278125000000000e+04
1.490000000000000000e+02 3.119894531250000000e+04
1.500000000000000000e+02 3.238483593750000000e+04
1.510000000000000000e+02 3.284914062500000000e+04
1.520000000000000000e+02 3.370277734375000000e+04
1.530000000000000000e+02 3.176944726562500000e+04
1.540000000000000000e+02 3.167425195312500000e+04
1.550000000000000000e+02 3.210952539062500000e+04
1.560000000000000000e+02 3.180829687500000000e+04
1.570000000000000000e+02 3.075034960937500000e+04
1.580000000000000000e+02 3.244693750000000000e+04
1.590000000000000000e+02 3.351147656250000000e+04
1.600000000000000000e+02 3.269292187500000000e+04
1.610000000000000000e+02 3.315312109375000000e+04
1.620000000000000000e+02 3.223624218750000000e+04
1.630000000000000000e+02 3.194214257812500000e+04
1.640000000000000000e+02 3.327076171875000000e+04
1.650000000000000000e+02 4.387036718750000000e+04
1.660000000000000000e+02 3.421633203125000000e+04
1.670000000000000000e+02 3.281416796875000000e+04
1.680000000000000000e+02 3.247953710937500000e+04
1.690000000000000000e+02 3.389994140625000000e+04
1.700000000000000000e+02 3.253585546875000000e+04
1.710000000000000000e+02 3.235444726562500000e+04
1.720000000000000000e+02 3.176994140625000000e+04
1.730000000000000000e+02 3.346032812500000000e+04
1.740000000000000000e+02 3.376152734375000000e+04
1.750000000000000000e+02 3.485395312500000000e+04
1.760000000000000000e+02 3.344173046875000000e+04
1.770000000000000000e+02 3.321457812500000000e+04
1.780000000000000000e+02 3.281008203125000000e+04
1.790000000000000000e+02 3.283805468750000000e+04
1.800000000000000000e+02 3.404782421875000000e+04
1.810000000000000000e+02 4.275599609375000000e+04
1.820000000000000000e+02 3.644608984375000000e+04
1.830000000000000000e+02 3.371476953125000000e+04
1.840000000000000000e+02 3.491750000000000000e+04
1.850000000000000000e+02 3.448043359375000000e+04
1.860000000000000000e+02 3.504574609375000000e+04
1.870000000000000000e+02 3.446187109375000000e+04
1.880000000000000000e+02 3.396848828125000000e+04
1.890000000000000000e+02 3.437379687500000000e+04
1.900000000000000000e+02 3.569178515625000000e+04
1.910000000000000000e+02 3.381577343750000000e+04
1.920000000000000000e+02 3.397700781250000000e+04
1.930000000000000000e+02 3.398060546875000000e+04
1.940000000000000000e+02 3.379294140625000000e+04
1.950000000000000000e+02 3.468091406250000000e+04
1.960000000000000000e+02 3.449075781250000000e+04
1.970000000000000000e+02 3.533693359375000000e+04
1.980000000000000000e+02 3.463750390625000000e+04
1.990000000000000000e+02 3.425119140625000000e+04
2.000000000000000000e+02 3.391524609375000000e+04
2.010000000000000000e+02 3.624903515625000000e+04
2.020000000000000000e+02 3.569932421875000000e+04
2.030000000000000000e+02 3.498628125000000000e+04
2.040000000000000000e+02 3.485721484375000000e+04
2.050000000000000000e+02 3.533141406250000000e+04
2.060000000000000000e+02 3.472055859375000000e+04
2.070000000000000000e+02 3.649596093750000000e+04
2.080000000000000000e+02 3.479792968750000000e+04
2.090000000000000000e+02 3.536789062500000000e+04
2.100000000000000000e+02 3.529569921875000000e+04
2.110000000000000000e+02 3.618289453125000000e+04
2.120000000000000000e+02 3.677878125000000000e+04
2.130000000000000000e+02 3.510967187500000000e+04
2.140000000000000000e+02 3.660455468750000000e+04
2.150000000000000000e+02 3.717919140625000000e+04
2.160000000000000000e+02 3.635052343750000000e+04
2.170000000000000000e+02 3.668670703125000000e+04
2.180000000000000000e+02 3.671588671875000000e+04
2.190000000000000000e+02 3.629343359375000000e+04
2.200000000000000000e+02 3.827017187500000000e+04
2.210000000000000000e+02 4.517766796875000000e+04
2.220000000000000000e+02 4.254177734375000000e+04
2.230000000000000000e+02 4.277620312500000000e+04
2.240000000000000000e+02 4.494880468750000000e+04
2.250000000000000000e+02 3.818306640625000000e+04
2.260000000000000000e+02 3.741930468750000000e+04
2.270000000000000000e+02 3.923448046875000000e+04
2.280000000000000000e+02 3.833183203125000000e+04
2.290000000000000000e+02 5.412513281250000000e+04
2.300000000000000000e+02 3.908682031250000000e+04
2.310000000000000000e+02 4.086829687500000000e+04
2.320000000000000000e+02 3.915883593750000000e+04
2.330000000000000000e+02 3.995898437500000000e+04
2.340000000000000000e+02 4.019971875000000000e+04
2.350000000000000000e+02 4.044908203125000000e+04
2.360000000000000000e+02 4.271926562500000000e+04
2.370000000000000000e+02 4.231493750000000000e+04
2.380000000000000000e+02 4.099581250000000000e+04
2.390000000000000000e+02 4.044295703125000000e+04
2.400000000000000000e+02 4.173771093750000000e+04
2.410000000000000000e+02 4.209835937500000000e+04
2.420000000000000000e+02 4.323023437500000000e+04
2.430000000000000000e+02 4.295517578125000000e+04
2.440000000000000000e+02 4.259329296875000000e+04
2.450000000000000000e+02 4.510468359375000000e+04
2.460000000000000000e+02 4.286528906250000000e+04
2.470000000000000000e+02 4.095529296875000000e+04
2.480000000000000000e+02 4.423456640625000000e+04
2.490000000000000000e+02 4.430912109375000000e+04
2.500000000000000000e+02 4.505242187500000000e+04
2.510000000000000000e+02 4.585688671875000000e+04
2.520000000000000000e+02 4.693257031250000000e+04
2.530000000000000000e+02 4.886001171875000000e+04
2.540000000000000000e+02 5.024488671875000000e+04
2.550000000000000000e+02 5.178449218750000000e+04
2.560000000000000000e+02 5.151028125000000000e+04
2.570000000000000000e+02 5.233621875000000000e+04
2.580000000000000000e+02 5.098165625000000000e+04
2.590000000000000000e+02 5.172115234375000000e+04
2.600000000000000000e+02 5.284546484375000000e+04
2.610000000000000000e+02 6.106680468750000000e+04
2.620000000000000000e+02 5.437026562500000000e+04
2.630000000000000000e+02 5.357567968750000000e+04
2.640000000000000000e+02 5.439325390625000000e+04
2.650000000000000000e+02 5.485988281250000000e+04
2.660000000000000000e+02 5.722407031250000000e+04
2.670000000000000000e+02 5.485209765625000000e+04
2.680000000000000000e+02 6.048399609375000000e+04
2.690000000000000000e+02 6.136288281250000000e+04
2.700000000000000000e+02 6.334542578125000000e+04
2.710000000000000000e+02 6.432037890625000000e+04
2.720000000000000000e+02 6.827560156250000000e+04
2.730000000000000000e+02 7.056131250000000000e+04
2.740000000000000000e+02 7.441692968750000000e+04
2.750000000000000000e+02 7.463893750000000000e+04
2.760000000000000000e+02 7.863275000000000000e+04
2.770000000000000000e+02 8.398833593750000000e+04
2.780000000000000000e+02 8.974585937500000000e+04
2.790000000000000000e+02 9.595313281250000000e+04
2.800000000000000000e+02 1.021108515625000000e+05
2.810000000000000000e+02 1.107237656250000000e+05
2.820000000000000000e+02 1.242958906250000000e+05
2.830000000000000000e+02 1.582273125000000000e+05
2.840000000000000000e+02 1.665561562500000000e+05
2.850000000000000000e+02 1.916681562500000000e+05
2.860000000000000000e+02 2.165528125000000000e+05
2.870000000000000000e+02 2.642525312500000000e+05
2.880000000000000000e+02 3.474304687500000000e+05
2.890000000000000000e+02 4.685303750000000000e+05
2.900000000000000000e+02 5.871933125000000000e+05
2.910000000000000000e+02 6.899471250000000000e+05
2.920000000000000000e+02 8.371535625000000000e+05
2.930000000000000000e+02 1.122750250000000000e+06
2.940000000000000000e+02 1.644782500000000000e+06
2.950000000000000000e+02 2.291284750000000000e+06
2.960000000000000000e+02 2.830586000000000000e+06
2.970000000000000000e+02 3.206972750000000000e+06
2.980000000000000000e+02 3.626568000000000000e+06
2.990000000000000000e+02 4.183439250000000000e+06
3.000000000000000000e+02 4.864245000000000000e+06
3.010000000000000000e+02 5.291355500000000000e+06
3.020000000000000000e+02 5.562698500000000000e+06
3.030000000000000000e+02 5.718309500000000000e+06
3.040000000000000000e+02 5.805420500000000000e+06
3.050000000000000000e+02 5.921859000000000000e+06
3.060000000000000000e+02 5.998757500000000000e+06
3.070000000000000000e+02 5.848773500000000000e+06
3.080000000000000000e+02 5.943815500000000000e+06
3.090000000000000000e+02 6.123387500000000000e+06
3.100000000000000000e+02 6.285158500000000000e+06
3.110000000000000000e+02 6.176652000000000000e+06
3.120000000000000000e+02 6.279220500000000000e+06
3.130000000000000000e+02 6.404965000000000000e+06
3.140000000000000000e+02 6.558070500000000000e+06
3.150000000000000000e+02 6.633857000000000000e+06
3.160000000000000000e+02 6.742391500000000000e+06
3.170000000000000000e+02 6.818700000000000000e+06
3.180000000000000000e+02 6.895000000000000000e+06
3.190000000000000000e+02 6.989368500000000000e+06
3.200000000000000000e+02 6.979730000000000000e+06
3.210000000000000000e+02 7.090648000000000000e+06
3.220000000000000000e+02 7.171205000000000000e+06
3.230000000000000000e+02 7.229916500000000000e+06
3.240000000000000000e+02 7.326155000000000000e+06
3.250000000000000000e+02 7.392121000000000000e+06
3.260000000000000000e+02 7.484688500000000000e+06
3.270000000000000000e+02 7.577357500000000000e+06
3.280000000000000000e+02 7.565261500000000000e+06
3.290000000000000000e+02 7.624312000000000000e+06
3.300000000000000000e+02 7.553665000000000000e+06
3.310000000000000000e+02 7.620479000000000000e+06
3.320000000000000000e+02 7.634782000000000000e+06
3.330000000000000000e+02 7.659975500000000000e+06
3.340000000000000000e+02 7.693510500000000000e+06
3.350000000000000000e+02 7.725399000000000000e+06
3.360000000000000000e+02 7.760145000000000000e+06
3.370000000000000000e+02 7.828219000000000000e+06
3.380000000000000000e+02 7.864005500000000000e+06
3.390000000000000000e+02 7.907576000000000000e+06
3.400000000000000000e+02 7.956504500000000000e+06
3.410000000000000000e+02 8.085395500000000000e+06
3.420000000000000000e+02 8.154712000000000000e+06
3.430000000000000000e+02 8.112920500000000000e+06
3.440000000000000000e+02 8.111745500000000000e+06
3.450000000000000000e+02 8.073789500000000000e+06
3.460000000000000000e+02 8.196996000000000000e+06
3.470000000000000000e+02 8.221236000000000000e+06
3.480000000000000000e+02 8.162603500000000000e+06
3.490000000000000000e+02 8.076470000000000000e+06
3.500000000000000000e+02 7.989056500000000000e+06
3.510000000000000000e+02 7.885853500000000000e+06
3.520000000000000000e+02 7.942629000000000000e+06
3.530000000000000000e+02 7.900491500000000000e+06
3.540000000000000000e+02 7.921793500000000000e+06
3.550000000000000000e+02 7.850215000000000000e+06
3.560000000000000000e+02 7.893001500000000000e+06
3.570000000000000000e+02 7.886648000000000000e+06
3.580000000000000000e+02 7.846827000000000000e+06
3.590000000000000000e+02 7.761678500000000000e+06
3.600000000000000000e+02 7.735219500000000000e+06
3.610000000000000000e+02 7.642228500000000000e+06
3.620000000000000000e+02 7.549883000000000000e+06
3.630000000000000000e+02 7.556327000000000000e+06
3.640000000000000000e+02 7.627276000000000000e+06
3.650000000000000000e+02 7.621665500000000000e+06
3.660000000000000000e+02 7.597466000000000000e+06
3.670000000000000000e+02 7.630002000000000000e+06
3.680000000000000000e+02 7.540072000000000000e+06
3.690000000000000000e+02 7.592147500000000000e+06
3.700000000000000000e+02 7.572368000000000000e+06
3.710000000000000000e+02 7.598370500000000000e+06
3.720000000000000000e+02 7.579440500000000000e+06
3.730000000000000000e+02 7.622164000000000000e+06
3.740000000000000000e+02 7.646307500000000000e+06
3.750000000000000000e+02 7.577756500000000000e+06
3.760000000000000000e+02 7.525606000000000000e+06
3.770000000000000000e+02 7.228327500000000000e+06
3.780000000000000000e+02 7.311337000000000000e+06
3.790000000000000000e+02 7.388865500000000000e+06
3.800000000000000000e+02 7.375283000000000000e+06
3.810000000000000000e+02 7.290969000000000000e+06
3.820000000000000000e+02 7.350669000000000000e+06
3.830000000000000000e+02 7.359283000000000000e+06
3.840000000000000000e+02 7.409008500000000000e+06
3.850000000000000000e+02 7.386830500000000000e+06
3.860000000000000000e+02 7.383500500000000000e+06
3.870000000000000000e+02 7.427656500000000000e+06
3.880000000000000000e+02 7.460153000000000000e+06
3.890000000000000000e+02 7.468552500000000000e+06
3.900000000000000000e+02 7.215351000000000000e+06
3.910000000000000000e+02 7.333974000000000000e+06
3.920000000000000000e+02 7.410517000000000000e+06
3.930000000000000000e+02 7.263118500000000000e+06
3.940000000000000000e+02 7.124182000000000000e+06
3.950000000000000000e+02 7.255628500000000000e+06
3.960000000000000000e+02 7.251956500000000000e+06
3.970000000000000000e+02 7.245837000000000000e+06
3.980000000000000000e+02 7.216262000000000000e+06
3.990000000000000000e+02 7.251615000000000000e+06
4.000000000000000000e+02 7.267725500000000000e+06
4.010000000000000000e+02 7.212411500000000000e+06
4.020000000000000000e+02 7.266273000000000000e+06
4.030000000000000000e+02 7.295442000000000000e+06
4.040000000000000000e+02 7.293313000000000000e+06
4.050000000000000000e+02 7.288824000000000000e+06
4.060000000000000000e+02 7.282823500000000000e+06
4.070000000000000000e+02 7.230968500000000000e+06
4.080000000000000000e+02 7.142673500000000000e+06
4.090000000000000000e+02 7.065603000000000000e+06
4.100000000000000000e+02 6.896244000000000000e+06
4.110000000000000000e+02 6.967814000000000000e+06
4.120000000000000000e+02 6.839391000000000000e+06
4.130000000000000000e+02 6.846383500000000000e+06
4.140000000000000000e+02 6.776564500000000000e+06
4.150000000000000000e+02 6.757142000000000000e+06
4.160000000000000000e+02 6.762612000000000000e+06
4.170000000000000000e+02 6.714965000000000000e+06
4.180000000000000000e+02 6.573182000000000000e+06
4.190000000000000000e+02 6.281278000000000000e+06
4.200000000000000000e+02 5.773492000000000000e+06
4.210000000000000000e+02 5.077732500000000000e+06
4.220000000000000000e+02 4.230433000000000000e+06
4.230000000000000000e+02 3.449793000000000000e+06
4.240000000000000000e+02 2.747829750000000000e+06
4.250000000000000000e+02 2.174610500000000000e+06
4.260000000000000000e+02 1.715083125000000000e+06
4.270000000000000000e+02 1.347055500000000000e+06
4.280000000000000000e+02 1.088795500000000000e+06
4.290000000000000000e+02 8.760640625000000000e+05
4.300000000000000000e+02 7.162312500000000000e+05
4.310000000000000000e+02 5.956044375000000000e+05
4.320000000000000000e+02 4.993636875000000000e+05
4.330000000000000000e+02 4.243261562500000000e+05
4.340000000000000000e+02 3.483645312500000000e+05
4.350000000000000000e+02 2.941530000000000000e+05
4.360000000000000000e+02 2.623436250000000000e+05
4.370000000000000000e+02 2.121253125000000000e+05
4.380000000000000000e+02 1.872084062500000000e+05
4.390000000000000000e+02 1.637957500000000000e+05
4.400000000000000000e+02 1.464049062500000000e+05
4.410000000000000000e+02 1.316251875000000000e+05
4.420000000000000000e+02 1.190728750000000000e+05
4.430000000000000000e+02 1.085570312500000000e+05
4.440000000000000000e+02 1.043327812500000000e+05
4.450000000000000000e+02 9.845667968750000000e+04
4.460000000000000000e+02 9.164239062500000000e+04
4.470000000000000000e+02 8.851220312500000000e+04
4.480000000000000000e+02 8.506114062500000000e+04
4.490000000000000000e+02 8.227706250000000000e+04
4.500000000000000000e+02 8.027221875000000000e+04
4.510000000000000000e+02 7.600421093750000000e+04
4.520000000000000000e+02 7.499828125000000000e+04
4.530000000000000000e+02 7.204083593750000000e+04
4.540000000000000000e+02 7.018083593750000000e+04
4.550000000000000000e+02 6.815275781250000000e+04
4.560000000000000000e+02 6.677439062500000000e+04
4.570000000000000000e+02 6.736375000000000000e+04
4.580000000000000000e+02 6.537303125000000000e+04
4.590000000000000000e+02 6.367187109375000000e+04
4.600000000000000000e+02 6.163865234375000000e+04
4.610000000000000000e+02 6.111957031250000000e+04
4.620000000000000000e+02 6.008221875000000000e+04
4.630000000000000000e+02 5.902609765625000000e+04
4.640000000000000000e+02 5.803167968750000000e+04
4.650000000000000000e+02 5.744234765625000000e+04
4.660000000000000000e+02 5.770147265625000000e+04
4.670000000000000000e+02 5.730102343750000000e+04
4.680000000000000000e+02 5.827124609375000000e+04
4.690000000000000000e+02 5.709866406250000000e+04
4.700000000000000000e+02 5.439131640625000000e+04
4.710000000000000000e+02 5.314926953125000000e+04
4.720000000000000000e+02 5.310376953125000000e+04
4.730000000000000000e+02 5.569727734375000000e+04
4.740000000000000000e+02 5.613089062500000000e+04
4.750000000000000000e+02 6.210394531250000000e+04
4.760000000000000000e+02 5.090836328125000000e+04
4.770000000000000000e+02 5.123701171875000000e+04
4.780000000000000000e+02 5.018151562500000000e+04
4.790000000000000000e+02 5.019797265625000000e+04
4.800000000000000000e+02 5.063227343750000000e+04
4.810000000000000000e+02 5.170068750000000000e+04
4.820000000000000000e+02 4.957646875000000000e+04
4.830000000000000000e+02 5.037515234375000000e+04
4.840000000000000000e+02 4.948594921875000000e+04
4.850000000000000000e+02 4.900150781250000000e+04
4.860000000000000000e+02 4.890403515625000000e+04
4.870000000000000000e+02 5.022880468750000000e+04
4.880000000000000000e+02 5.040867968750000000e+04
4.890000000000000000e+02 5.072390234375000000e+04
4.900000000000000000e+02 5.130173437500000000e+04
4.910000000000000000e+02 5.221321484375000000e+04
4.920000000000000000e+02 5.062675000000000000e+04
4.930000000000000000e+02 5.079446093750000000e+04
4.940000000000000000e+02 5.216130859375000000e+04
4.950000000000000000e+02 5.113057031250000000e+04
4.960000000000000000e+02 5.129524218750000000e+04
4.970000000000000000e+02 5.507983593750000000e+04
4.980000000000000000e+02 6.243053125000000000e+04
4.990000000000000000e+02 5.898367187500000000e+04
5.000000000000000000e+02 6.263701953125000000e+04
5.010000000000000000e+02 6.409980078125000000e+04
5.020000000000000000e+02 6.621089843750000000e+04
5.030000000000000000e+02 6.775939062500000000e+04
5.040000000000000000e+02 6.906292187500000000e+04
5.050000000000000000e+02 7.112900000000000000e+04
5.060000000000000000e+02 7.592190625000000000e+04
5.070000000000000000e+02 7.947583593750000000e+04
5.080000000000000000e+02 8.835391406250000000e+04
5.090000000000000000e+02 9.997384375000000000e+04
5.100000000000000000e+02 1.111165234375000000e+05
5.110000000000000000e+02 1.212751328125000000e+05
5.120000000000000000e+02 1.335082187500000000e+05
5.130000000000000000e+02 1.440453593750000000e+05
5.140000000000000000e+02 1.531800937500000000e+05
5.150000000000000000e+02 1.586271718750000000e+05
5.160000000000000000e+02 1.729045937500000000e+05
5.170000000000000000e+02 -1.264215527343750000e+04
5.180000000000000000e+02 -1.273145019531250000e+04
5.190000000000000000e+02 -1.203820605468750000e+04
5.200000000000000000e+02 -1.266331250000000000e+04
5.210000000000000000e+02 -1.219800488281250000e+04
