0.000000000000000000e+00 -1.112830859375000000e+04
1.000000000000000000e+00 -1.208475000000000000e+04
2.000000000000000000e+00 -1.185445214843750000e+04
3.000000000000000000e+00 -1.173695117187500000e+04
4.000000000000000000e+00 -1.152781054687500000e+04
5.000000000000000000e+00 3.142008789062500000e+04
6.000000000000000000e+00 3.747670703125000000e+04
7.000000000000000000e+00 3.076254882812500000e+04
8.000000000000000000e+00 2.926654296875000000e+04
9.000000000000000000e+00 3.073744531250000000e+04
1.000000000000000000e+01 3.222940234375000000e+04
1.100000000000000000e+01 3.035693945312500000e+04
1.200000000000000000e+01 3.153045117187500000e+04
1.300000000000000000e+01 2.977744531250000000e+04
1.400000000000000000e+01 3.249309960937500000e+04
1.500000000000000000e+01 2.961223632812500000e+04
1.600000000000000000e+01 3.015481640625000000e+04
1.700000000000000000e+01 3.113055468750000000e+04
1.800000000000000000e+01 3.107229492187500000e+04
1.900000000000000000e+01 3.088179296875000000e+04
2.000000000000000000e+01 3.091859179687500000e+04
2.100000000000000000e+01 3.053074414062500000e+04
2.200000000000000000e+01 3.040154101562500000e+04
2.300000000000000000e+01 3.014032226562500000e+04
2.400000000000000000e+01 2.948725781250000000e+04
2.500000000000000000e+01 2.958840625000000000e+04
2.600000000000000000e+01 2.948207031250000000e+04
2.700000000000000000e+01 2.999200585937500000e+04
2.800000000000000000e+01 3.013376757812500000e+04
2.900000000000000000e+01 3.068991406250000000e+04
3.000000000000000000e+01 2.856651953125000000e+04
3.100000000000000000e+01 2.849536718750000000e+04
3.200000000000000000e+01 2.999792382812500000e+04
3.300000000000000000e+01 2.999801953125000000e+04
3.400000000000000000e+01 2.967380078125000000e+04
3.500000000000000000e+01 3.006384765625000000e+04
3.600000000000000000e+01 2.965249609375000000e+04
3.700000000000000000e+01 3.011459765625000000e+04
3.800000000000000000e+01 3.079582617187500000e+04
3.900000000000000000e+01 3.207465625000000000e+04
4.000000000000000000e+01 3.134665625000000000e+04
4.100000000000000000e+01 3.128570312500000000e+04
4.200000000000000000e+01 3.210313281250000000e+04
4.300000000000000000e+01 3.206841601562500000e+04
4.400000000000000000e+01 3.325180859375000000e+04
4.500000000000000000e+01 3.204684765625000000e+04
4.600000000000000000e+01 3.325124609375000000e+04
4.700000000000000000e+01 3.468035937500000000e+04
4.800000000000000000e+01 3.677694921875000000e+04
4.900000000000000000e+01 3.541953125000000000e+04
5.000000000000000000e+01 3.532870703125000000e+04
5.100000000000000000e+01 3.605311718750000000e+04
5.200000000000000000e+01 3.413145312500000000e+04
5.300000000000000000e+01 3.719947265625000000e+04
5.400000000000000000e+01 4.282492187500000000e+04
5.500000000000000000e+01 4.225001171875000000e+04
5.600000000000000000e+01 5.250176562500000000e+04
5.700000000000000000e+01 5.396547265625000000e+04
5.800000000000000000e+01 6.651889062500000000e+04
5.900000000000000000e+01 7.449814843750000000e+04
6.000000000000000000e+01 8.957310937500000000e+04
6.100000000000000000e+01 1.157200937500000000e+05
6.200000000000000000e+01 1.425656093750000000e+05
6.300000000000000000e+01 1.716716250000000000e+05
6.400000000000000000e+01 2.654607187500000000e+05
6.500000000000000000e+01 6.834259375000000000e+05
6.600000000000000000e+01 2.044983625000000000e+06
6.700000000000000000e+01 3.350475000000000000e+06
6.800000000000000000e+01 3.759674500000000000e+06
6.900000000000000000e+01 2.726791500000000000e+06
7.000000000000000000e+01 1.354251750000000000e+06
7.100000000000000000e+01 5.591588125000000000e+05
7.200000000000000000e+01 2.353177031250000000e+05
7.300000000000000000e+01 1.452416093750000000e+05
7.400000000000000000e+01 1.143788828125000000e+05
7.500000000000000000e+01 9.717310156250000000e+04
7.600000000000000000e+01 8.115171875000000000e+04
7.700000000000000000e+01 6.853195312500000000e+04
7.800000000000000000e+01 5.876810937500000000e+04
7.900000000000000000e+01 5.120128515625000000e+04
8.000000000000000000e+01 4.667307812500000000e+04
8.100000000000000000e+01 4.446546875000000000e+04
8.200000000000000000e+01 4.185658593750000000e+04
8.300000000000000000e+01 4.052913671875000000e+04
8.400000000000000000e+01 3.793833984375000000e+04
8.500000000000000000e+01 3.816381640625000000e+04
8.600000000000000000e+01 3.702392578125000000e+04
8.700000000000000000e+01 3.672696093750000000e+04
8.800000000000000000e+01 3.608945312500000000e+04
8.900000000000000000e+01 3.506176171875000000e+04
9.000000000000000000e+01 3.532065625000000000e+04
9.100000000000000000e+01 3.344906640625000000e+04
9.200000000000000000e+01 3.316286328125000000e+04
9.300000000000000000e+01 3.261695703125000000e+04
9.400000000000000000e+01 3.374719921875000000e+04
9.500000000000000000e+01 3.241738281250000000e+04
9.600000000000000000e+01 3.223735546875000000e+04
9.700000000000000000e+01 3.220712500000000000e+04
9.800000000000000000e+01 3.328356640625000000e+04
9.900000000000000000e+01 3.253972851562500000e+04
1.000000000000000000e+02 3.249631640625000000e+04
1.010000000000000000e+02 3.133200781250000000e+04
1.020000000000000000e+02 3.153091601562500000e+04
1.030000000000000000e+02 3.018740625000000000e+04
1.040000000000000000e+02 3.087933984375000000e+04
1.050000000000000000e+02 3.275096679687500000e+04
1.060000000000000000e+02 3.302996875000000000e+04
1.070000000000000000e+02 3.063574023437500000e+04
1.080000000000000000e+02 3.055812304687500000e+04
1.090000000000000000e+02 3.079893750000000000e+04
1.100000000000000000e+02 3.194037695312500000e+04
1.110000000000000000e+02 2.988088476562500000e+04
1.120000000000000000e+02 3.094068359375000000e+04
1.130000000000000000e+02 3.114521093750000000e+04
1.140000000000000000e+02 3.190366210937500000e+04
1.150000000000000000e+02 3.077034570312500000e+04
1.160000000000000000e+02 3.150639843750000000e+04
1.170000000000000000e+02 3.030961718750000000e+04
1.180000000000000000e+02 2.899070312500000000e+04
1.190000000000000000e+02 3.113491796875000000e+04
1.200000000000000000e+02 3.037781054687500000e+04
1.210000000000000000e+02 3.056188671875000000e+04
1.220000000000000000e+02 3.628075000000000000e+04
1.230000000000000000e+02 3.708966406250000000e+04
1.240000000000000000e+02 3.151503515625000000e+04
1.250000000000000000e+02 3.016660742187500000e+04
1.260000000000000000e+02 3.164105664062500000e+04
1.270000000000000000e+02 2.905702148437500000e+04
1.280000000000000000e+02 3.043605273437500000e+04
1.290000000000000000e+02 3.080764062500000000e+04
1.300000000000000000e+02 3.123892773437500000e+04
1.310000000000000000e+02 3.189796484375000000e+04
1.320000000000000000e+02 3.081567382812500000e+04
1.330000000000000000e+02 3.066093554687500000e+04
1.340000000000000000e+02 3.171143359375000000e+04
1.350000000000000000e+02 3.115083984375000000e+04
1.360000000000000000e+02 3.164370507812500000e+04
1.370000000000000000e+02 3.096566796875000000e+04
1.380000000000000000e+02 3.123075000000000000e+04
1.390000000000000000e+02 3.208678710937500000e+04
1.400000000000000000e+02 3.162238671875000000e+04
1.410000000000000000e+02 3.084730859375000000e+04
1.420000000000000000e+02 3.183766406250000000e+04
1.430000000000000000e+02 3.199799414062500000e+04
1.440000000000000000e+02 3.487691796875000000e+04
1.450000000000000000e+02 3.132211132812500000e+04
1.460000000000000000e+02 3.116904687500000000e+04
1.470000000000000000e+02 3.155721093750000000e+04
1.480000000000000000e+02 3.760050000000000000e+04
1.490000000000000000e+02 3.186468750000000000e+04
1.500000000000000000e+02 3.179800781250000000e+04
1.510000000000000000e+02 3.099757226562500000e+04
1.520000000000000000e+02 3.414590234375000000e+04
1.530000000000000000e+02 3.175312890625000000e+04
1.540000000000000000e+02 3.079388867187500000e+04
1.550000000000000000e+02 3.368986328125000000e+04
1.560000000000000000e+02 3.406107031250000000e+04
1.570000000000000000e+02 3.040781640625000000e+04
1.580000000000000000e+02 3.743403125000000000e+04
1.590000000000000000e+02 3.335236718750000000e+04
1.600000000000000000e+02 3.032896679687500000e+04
1.610000000000000000e+02 3.154011132812500000e+04
1.620000000000000000e+02 3.194712500000000000e+04
1.630000000000000000e+02 3.141877929687500000e+04
1.640000000000000000e+02 3.237781445312500000e+04
1.650000000000000000e+02 4.294050000000000000e+04
1.660000000000000000e+02 3.256654687500000000e+04
1.670000000000000000e+02 3.158036328125000000e+04
1.680000000000000000e+02 3.134168359375000000e+04
1.690000000000000000e+02 3.138763867187500000e+04
1.700000000000000000e+02 3.173705664062500000e+04
1.710000000000000000e+02 3.268137890625000000e+04
1.720000000000000000e+02 3.126063281250000000e+04
1.730000000000000000e+02 3.385902343750000000e+04
1.740000000000000000e+02 3.142391210937500000e+04
1.750000000000000000e+02 3.284598828125000000e+04
1.760000000000000000e+02 3.300839453125000000e+04
1.770000000000000000e+02 3.195294531250000000e+04
1.780000000000000000e+02 3.287948437500000000e+04
1.790000000000000000e+02 3.355633593750000000e+04
1.800000000000000000e+02 3.272366601562500000e+04
1.810000000000000000e+02 3.196090429687500000e+04
1.820000000000000000e+02 3.366114062500000000e+04
1.830000000000000000e+02 3.107675976562500000e+04
1.840000000000000000e+02 3.166283398437500000e+04
1.850000000000000000e+02 3.438621875000000000e+04
1.860000000000000000e+02 5.665125781250000000e+04
1.870000000000000000e+02 3.324441015625000000e+04
1.880000000000000000e+02 3.210932031250000000e+04
1.890000000000000000e+02 3.354590625000000000e+04
1.900000000000000000e+02 3.584328906250000000e+04
1.910000000000000000e+02 3.255056250000000000e+04
1.920000000000000000e+02 3.315687500000000000e+04
1.930000000000000000e+02 3.478531250000000000e+04
1.940000000000000000e+02 3.317977734375000000e+04
1.950000000000000000e+02 3.278067968750000000e+04
1.960000000000000000e+02 3.373088671875000000e+04
1.970000000000000000e+02 3.349917578125000000e+04
1.980000000000000000e+02 3.307240625000000000e+04
1.990000000000000000e+02 3.372409375000000000e+04
2.000000000000000000e+02 3.331840234375000000e+04
2.010000000000000000e+02 3.295914843750000000e+04
2.020000000000000000e+02 3.852875000000000000e+04
2.030000000000000000e+02 3.500785937500000000e+04
2.040000000000000000e+02 3.385885156250000000e+04
2.050000000000000000e+02 4.022948437500000000e+04
2.060000000000000000e+02 3.563992187500000000e+04
2.070000000000000000e+02 3.445199609375000000e+04
2.080000000000000000e+02 3.342939453125000000e+04
2.090000000000000000e+02 3.465141015625000000e+04
2.100000000000000000e+02 3.534823437500000000e+04
2.110000000000000000e+02 3.395643750000000000e+04
2.120000000000000000e+02 3.556298046875000000e+04
2.130000000000000000e+02 3.330864062500000000e+04
2.140000000000000000e+02 3.543766015625000000e+04
2.150000000000000000e+02 3.584165625000000000e+04
2.160000000000000000e+02 3.637125781250000000e+04
2.170000000000000000e+02 3.529291015625000000e+04
2.180000000000000000e+02 3.469649609375000000e+04
2.190000000000000000e+02 3.536606640625000000e+04
2.200000000000000000e+02 3.512467187500000000e+04
2.210000000000000000e+02 3.763278125000000000e+04
2.220000000000000000e+02 3.742104296875000000e+04
2.230000000000000000e+02 3.737482031250000000e+04
2.240000000000000000e+02 3.663158984375000000e+04
2.250000000000000000e+02 3.658935546875000000e+04
2.260000000000000000e+02 3.599200781250000000e+04
2.270000000000000000e+02 3.726694921875000000e+04
2.280000000000000000e+02 3.688573046875000000e+04
2.290000000000000000e+02 3.636024218750000000e+04
2.300000000000000000e+02 3.726699609375000000e+04
2.310000000000000000e+02 3.989010156250000000e+04
2.320000000000000000e+02 3.847251171875000000e+04
2.330000000000000000e+02 4.113735546875000000e+04
2.340000000000000000e+02 4.011125000000000000e+04
2.350000000000000000e+02 3.897271093750000000e+04
2.360000000000000000e+02 3.929476171875000000e+04
2.370000000000000000e+02 3.999334765625000000e+04
2.380000000000000000e+02 3.954489453125000000e+04
2.390000000000000000e+02 3.988364843750000000e+04
2.400000000000000000e+02 4.540425781250000000e+04
2.410000000000000000e+02 4.152404687500000000e+04
2.420000000000000000e+02 4.087394140625000000e+04
2.430000000000000000e+02 4.112166015625000000e+04
2.440000000000000000e+02 4.229616406250000000e+04
2.450000000000000000e+02 4.224887890625000000e+04
2.460000000000000000e+02 4.192979687500000000e+04
2.470000000000000000e+02 3.948467187500000000e+04
2.480000000000000000e+02 4.245578125000000000e+04
2.490000000000000000e+02 4.212663281250000000e+04
2.500000000000000000e+02 4.484098437500000000e+04
2.510000000000000000e+02 4.439043750000000000e+04
2.520000000000000000e+02 4.579941406250000000e+04
2.530000000000000000e+02 4.684610546875000000e+04
2.540000000000000000e+02 4.772799609375000000e+04
2.550000000000000000e+02 4.774397265625000000e+04
2.560000000000000000e+02 4.846676171875000000e+04
2.570000000000000000e+02 4.892551953125000000e+04
2.580000000000000000e+02 4.952458203125000000e+04
2.590000000000000000e+02 4.990266796875000000e+04
2.600000000000000000e+02 5.122804687500000000e+04
2.610000000000000000e+02 5.599704687500000000e+04
2.620000000000000000e+02 5.316487890625000000e+04
2.630000000000000000e+02 5.330642968750000000e+04
2.640000000000000000e+02 5.351496093750000000e+04
2.650000000000000000e+02 5.470196484375000000e+04
2.660000000000000000e+02 6.716001562500000000e+04
2.670000000000000000e+02 5.731456250000000000e+04
2.680000000000000000e+02 6.529788671875000000e+04
2.690000000000000000e+02 6.468480468750000000e+04
2.700000000000000000e+02 6.658482812500000000e+04
2.710000000000000000e+02 6.724534375000000000e+04
2.720000000000000000e+02 6.990353125000000000e+04
2.730000000000000000e+02 7.462115625000000000e+04
2.740000000000000000e+02 9.098425000000000000e+04
2.750000000000000000e+02 7.807681250000000000e+04
2.760000000000000000e+02 8.320863281250000000e+04
2.770000000000000000e+02 8.705883593750000000e+04
2.780000000000000000e+02 9.260735937500000000e+04
2.790000000000000000e+02 1.000740390625000000e+05
2.800000000000000000e+02 1.027358281250000000e+05
2.810000000000000000e+02 1.088898984375000000e+05
2.820000000000000000e+02 1.215622187500000000e+05
2.830000000000000000e+02 1.427195312500000000e+05
2.840000000000000000e+02 1.661188437500000000e+05
2.850000000000000000e+02 1.897292031250000000e+05
2.860000000000000000e+02 2.174807031250000000e+05
2.870000000000000000e+02 2.636249687500000000e+05
2.880000000000000000e+02 3.478150312500000000e+05
2.890000000000000000e+02 4.637021875000000000e+05
2.900000000000000000e+02 5.848122500000000000e+05
2.910000000000000000e+02 6.930983750000000000e+05
2.920000000000000000e+02 8.378991250000000000e+05
2.930000000000000000e+02 1.122787000000000000e+06
2.940000000000000000e+02 1.648308000000000000e+06
2.950000000000000000e+02 2.294098000000000000e+06
2.960000000000000000e+02 2.846050500000000000e+06
2.970000000000000000e+02 3.223875000000000000e+06
2.980000000000000000e+02 3.642475250000000000e+06
2.990000000000000000e+02 4.207368500000000000e+06
3.000000000000000000e+02 4.895741000000000000e+06
3.010000000000000000e+02 5.327085500000000000e+06
3.020000000000000000e+02 5.600200500000000000e+06
3.030000000000000000e+02 5.753242000000000000e+06
3.040000000000000000e+02 5.847035000000000000e+06
3.050000000000000000e+02 5.962149500000000000e+06
3.060000000000000000e+02 6.048023000000000000e+06
3.070000000000000000e+02 5.892810500000000000e+06
3.080000000000000000e+02 5.997411500000000000e+06
3.090000000000000000e+02 6.160033000000000000e+06
3.100000000000000000e+02 6.327205000000000000e+06
3.110000000000000000e+02 6.213816500000000000e+06
3.120000000000000000e+02 6.324009000000000000e+06
3.130000000000000000e+02 6.454997000000000000e+06
3.140000000000000000e+02 6.607411000000000000e+06
3.150000000000000000e+02 6.686216000000000000e+06
3.160000000000000000e+02 6.801153000000000000e+06
3.170000000000000000e+02 6.873828000000000000e+06
3.180000000000000000e+02 6.950849000000000000e+06
3.190000000000000000e+02 7.035790500000000000e+06
3.200000000000000000e+02 7.044959000000000000e+06
3.210000000000000000e+02 7.148748000000000000e+06
3.220000000000000000e+02 7.225298500000000000e+06
3.230000000000000000e+02 7.287655000000000000e+06
3.240000000000000000e+02 7.384207500000000000e+06
3.250000000000000000e+02 7.450938000000000000e+06
3.260000000000000000e+02 7.545259500000000000e+06
3.270000000000000000e+02 7.637605000000000000e+06
3.280000000000000000e+02 7.626092000000000000e+06
3.290000000000000000e+02 7.676982000000000000e+06
3.300000000000000000e+02 7.619512500000000000e+06
3.310000000000000000e+02 7.682122000000000000e+06
3.320000000000000000e+02 7.693359500000000000e+06
3.330000000000000000e+02 7.718240000000000000e+06
3.340000000000000000e+02 7.748737000000000000e+06
3.350000000000000000e+02 7.776180000000000000e+06
3.360000000000000000e+02 7.814177500000000000e+06
3.370000000000000000e+02 7.883260000000000000e+06
3.380000000000000000e+02 7.933847000000000000e+06
3.390000000000000000e+02 7.971507000000000000e+06
3.400000000000000000e+02 8.017970000000000000e+06
3.410000000000000000e+02 8.137410000000000000e+06
3.420000000000000000e+02 8.212280000000000000e+06
3.430000000000000000e+02 8.175912500000000000e+06
3.440000000000000000e+02 8.181290500000000000e+06
3.450000000000000000e+02 8.132862500000000000e+06
3.460000000000000000e+02 8.257607000000000000e+06
3.470000000000000000e+02 8.288450000000000000e+06
3.480000000000000000e+02 8.217549500000000000e+06
3.490000000000000000e+02 8.145948000000000000e+06
3.500000000000000000e+02 8.029877000000000000e+06
3.510000000000000000e+02 7.916056500000000000e+06
3.520000000000000000e+02 7.997942500000000000e+06
3.530000000000000000e+02 7.965747500000000000e+06
3.540000000000000000e+02 7.984334000000000000e+06
3.550000000000000000e+02 7.908711000000000000e+06
3.560000000000000000e+02 7.950109000000000000e+06
3.570000000000000000e+02 7.944481000000000000e+06
3.580000000000000000e+02 7.909771000000000000e+06
3.590000000000000000e+02 7.822133000000000000e+06
3.600000000000000000e+02 7.817927000000000000e+06
3.610000000000000000e+02 7.699616500000000000e+06
3.620000000000000000e+02 7.614049000000000000e+06
3.630000000000000000e+02 7.611468500000000000e+06
3.640000000000000000e+02 7.677081000000000000e+06
3.650000000000000000e+02 7.689024500000000000e+06
3.660000000000000000e+02 7.655131500000000000e+06
3.670000000000000000e+02 7.684077500000000000e+06
3.680000000000000000e+02 7.597581000000000000e+06
3.690000000000000000e+02 7.650510500000000000e+06
3.700000000000000000e+02 7.624886000000000000e+06
3.710000000000000000e+02 7.653381000000000000e+06
3.720000000000000000e+02 7.646979000000000000e+06
3.730000000000000000e+02 7.682848500000000000e+06
3.740000000000000000e+02 7.703626000000000000e+06
3.750000000000000000e+02 7.636417000000000000e+06
3.760000000000000000e+02 7.585413500000000000e+06
3.770000000000000000e+02 7.277984000000000000e+06
3.780000000000000000e+02 7.374964500000000000e+06
3.790000000000000000e+02 7.448976500000000000e+06
3.800000000000000000e+02 7.434727500000000000e+06
3.810000000000000000e+02 7.342295500000000000e+06
3.820000000000000000e+02 7.408062000000000000e+06
3.830000000000000000e+02 7.419038500000000000e+06
3.840000000000000000e+02 7.464823000000000000e+06
3.850000000000000000e+02 7.445414000000000000e+06
3.860000000000000000e+02 7.445870000000000000e+06
3.870000000000000000e+02 7.490789000000000000e+06
3.880000000000000000e+02 7.521812500000000000e+06
3.890000000000000000e+02 7.528527000000000000e+06
3.900000000000000000e+02 7.272010000000000000e+06
3.910000000000000000e+02 7.389968000000000000e+06
3.920000000000000000e+02 7.465744000000000000e+06
3.930000000000000000e+02 7.321083000000000000e+06
3.940000000000000000e+02 7.184408500000000000e+06
3.950000000000000000e+02 7.318495500000000000e+06
3.960000000000000000e+02 7.304707500000000000e+06
3.970000000000000000e+02 7.304232000000000000e+06
3.980000000000000000e+02 7.270354500000000000e+06
3.990000000000000000e+02 7.308802500000000000e+06
4.000000000000000000e+02 7.327521000000000000e+06
4.010000000000000000e+02 7.273033000000000000e+06
4.020000000000000000e+02 7.325880500000000000e+06
4.030000000000000000e+02 7.356198500000000000e+06
4.040000000000000000e+02 7.352278500000000000e+06
4.050000000000000000e+02 7.343124000000000000e+06
4.060000000000000000e+02 7.338726500000000000e+06
4.070000000000000000e+02 7.240522500000000000e+06
4.080000000000000000e+02 7.186039500000000000e+06
4.090000000000000000e+02 7.124953000000000000e+06
4.100000000000000000e+02 6.934131000000000000e+06
4.110000000000000000e+02 7.002518500000000000e+06
4.120000000000000000e+02 6.892533000000000000e+06
4.130000000000000000e+02 6.905501000000000000e+06
4.140000000000000000e+02 6.833782000000000000e+06
4.150000000000000000e+02 6.806203500000000000e+06
4.160000000000000000e+02 6.823149000000000000e+06
4.170000000000000000e+02 6.767938500000000000e+06
4.180000000000000000e+02 6.624556000000000000e+06
4.190000000000000000e+02 6.340197000000000000e+06
4.200000000000000000e+02 5.830563000000000000e+06
4.210000000000000000e+02 5.126011000000000000e+06
4.220000000000000000e+02 4.270975000000000000e+06
4.230000000000000000e+02 3.476407250000000000e+06
4.240000000000000000e+02 2.768230500000000000e+06
4.250000000000000000e+02 2.190882750000000000e+06
4.260000000000000000e+02 1.727611625000000000e+06
4.270000000000000000e+02 1.361218125000000000e+06
4.280000000000000000e+02 1.092763125000000000e+06
4.290000000000000000e+02 8.804260000000000000e+05
4.300000000000000000e+02 7.218050000000000000e+05
4.310000000000000000e+02 5.956920625000000000e+05
4.320000000000000000e+02 4.946195625000000000e+05
4.330000000000000000e+02 4.137778437500000000e+05
4.340000000000000000e+02 3.490483750000000000e+05
4.350000000000000000e+02 2.939555625000000000e+05
4.360000000000000000e+02 2.509569843750000000e+05
4.370000000000000000e+02 2.124104687500000000e+05
4.380000000000000000e+02 1.869844218750000000e+05
4.390000000000000000e+02 1.628025000000000000e+05
4.400000000000000000e+02 1.444138281250000000e+05
4.410000000000000000e+02 1.302826875000000000e+05
4.420000000000000000e+02 1.183819062500000000e+05
4.430000000000000000e+02 1.074021640625000000e+05
4.440000000000000000e+02 1.018119140625000000e+05
4.450000000000000000e+02 9.653578906250000000e+04
4.460000000000000000e+02 9.031448437500000000e+04
4.470000000000000000e+02 8.616485937500000000e+04
4.480000000000000000e+02 8.496300781250000000e+04
4.490000000000000000e+02 8.160333593750000000e+04
4.500000000000000000e+02 9.547002343750000000e+04
4.510000000000000000e+02 7.610162500000000000e+04
4.520000000000000000e+02 7.215968750000000000e+04
4.530000000000000000e+02 7.054969531250000000e+04
4.540000000000000000e+02 6.812006250000000000e+04
4.550000000000000000e+02 7.014521875000000000e+04
4.560000000000000000e+02 6.543450000000000000e+04
4.570000000000000000e+02 6.584178906250000000e+04
4.580000000000000000e+02 6.372642578125000000e+04
4.590000000000000000e+02 6.320432812500000000e+04
4.600000000000000000e+02 6.236209765625000000e+04
4.610000000000000000e+02 6.022480078125000000e+04
4.620000000000000000e+02 5.900757031250000000e+04
4.630000000000000000e+02 5.752905468750000000e+04
4.640000000000000000e+02 5.588050781250000000e+04
4.650000000000000000e+02 5.711707812500000000e+04
4.660000000000000000e+02 5.550148437500000000e+04
4.670000000000000000e+02 5.581332421875000000e+04
4.680000000000000000e+02 5.708986718750000000e+04
4.690000000000000000e+02 5.536282812500000000e+04
4.700000000000000000e+02 5.306217968750000000e+04
4.710000000000000000e+02 5.254487500000000000e+04
4.720000000000000000e+02 5.209030468750000000e+04
4.730000000000000000e+02 5.027391796875000000e+04
4.740000000000000000e+02 5.074086718750000000e+04
4.750000000000000000e+02 5.145686328125000000e+04
4.760000000000000000e+02 4.992994921875000000e+04
4.770000000000000000e+02 5.018104687500000000e+04
4.780000000000000000e+02 5.052528515625000000e+04
4.790000000000000000e+02 5.011964843750000000e+04
4.800000000000000000e+02 5.032205859375000000e+04
4.810000000000000000e+02 5.064392187500000000e+04
4.820000000000000000e+02 5.051875781250000000e+04
4.830000000000000000e+02 5.006048828125000000e+04
4.840000000000000000e+02 4.939230859375000000e+04
4.850000000000000000e+02 4.892970703125000000e+04
4.860000000000000000e+02 4.854723046875000000e+04
4.870000000000000000e+02 4.843631640625000000e+04
4.880000000000000000e+02 4.958407421875000000e+04
4.890000000000000000e+02 5.038603125000000000e+04
4.900000000000000000e+02 6.218417578125000000e+04
4.910000000000000000e+02 5.322167578125000000e+04
4.920000000000000000e+02 4.891962500000000000e+04
4.930000000000000000e+02 5.003320312500000000e+04
4.940000000000000000e+02 4.918239843750000000e+04
4.950000000000000000e+02 5.053596093750000000e+04
4.960000000000000000e+02 5.254259765625000000e+04
4.970000000000000000e+02 5.401548828125000000e+04
4.980000000000000000e+02 5.499471875000000000e+04
4.990000000000000000e+02 5.839085937500000000e+04
5.000000000000000000e+02 5.991556250000000000e+04
5.010000000000000000e+02 6.275950390625000000e+04
5.020000000000000000e+02 6.495607812500000000e+04
5.030000000000000000e+02 6.663842968750000000e+04
5.040000000000000000e+02 6.873519531250000000e+04
5.050000000000000000e+02 6.997953125000000000e+04
5.060000000000000000e+02 7.511985156250000000e+04
5.070000000000000000e+02 8.103578125000000000e+04
5.080000000000000000e+02 8.728851562500000000e+04
5.090000000000000000e+02 9.618558593750000000e+04
5.100000000000000000e+02 1.076050156250000000e+05
5.110000000000000000e+02 1.219370312500000000e+05
5.120000000000000000e+02 1.328687500000000000e+05
5.130000000000000000e+02 1.433824375000000000e+05
5.140000000000000000e+02 1.515312031250000000e+05
5.150000000000000000e+02 1.579141093750000000e+05
5.160000000000000000e+02 1.694000312500000000e+05
5.170000000000000000e+02 -1.274510742187500000e+04
5.180000000000000000e+02 -1.256885449218750000e+04
5.190000000000000000e+02 -1.223985742187500000e+04
5.200000000000000000e+02 -1.216700878906250000e+04
5.210000000000000000e+02 -1.229154882812500000e+04
