0.000000000000000000e+00 -1.077812207031250000e+04
1.000000000000000000e+00 -1.168052636718750000e+04
2.000000000000000000e+00 -1.178627539062500000e+04
3.000000000000000000e+00 -1.132802539062500000e+04
4.000000000000000000e+00 -1.136092285156250000e+04
5.000000000000000000e+00 3.067195898437500000e+04
6.000000000000000000e+00 3.144669921875000000e+04
7.000000000000000000e+00 3.066007031250000000e+04
8.000000000000000000e+00 3.099580468750000000e+04
9.000000000000000000e+00 3.596419921875000000e+04
1.000000000000000000e+01 3.108405468750000000e+04
1.100000000000000000e+01 3.155963867187500000e+04
1.200000000000000000e+01 2.970896093750000000e+04
1.300000000000000000e+01 2.828838671875000000e+04
1.400000000000000000e+01 3.069980468750000000e+04
1.500000000000000000e+01 3.021284179687500000e+04
1.600000000000000000e+01 3.038117382812500000e+04
1.700000000000000000e+01 3.186379296875000000e+04
1.800000000000000000e+01 3.102092382812500000e+04
1.900000000000000000e+01 3.101040625000000000e+04
2.000000000000000000e+01 3.040580468750000000e+04
2.100000000000000000e+01 3.027777343750000000e+04
2.200000000000000000e+01 3.014624414062500000e+04
2.300000000000000000e+01 3.008854101562500000e+04
2.400000000000000000e+01 2.975295703125000000e+04
2.500000000000000000e+01 3.016207031250000000e+04
2.600000000000000000e+01 2.968699218750000000e+04
2.700000000000000000e+01 3.013971093750000000e+04
2.800000000000000000e+01 2.958968359375000000e+04
2.900000000000000000e+01 3.062573632812500000e+04
3.000000000000000000e+01 2.801033203125000000e+04
3.100000000000000000e+01 2.948728515625000000e+04
3.200000000000000000e+01 2.961791015625000000e+04
3.300000000000000000e+01 3.004354882812500000e+04
3.400000000000000000e+01 3.129752929687500000e+04
3.500000000000000000e+01 3.018892968750000000e+04
3.600000000000000000e+01 3.054712304687500000e+04
3.700000000000000000e+01 3.048780273437500000e+04
3.800000000000000000e+01 3.136185546875000000e+04
3.900000000000000000e+01 3.037004687500000000e+04
4.000000000000000000e+01 3.150660937500000000e+04
4.100000000000000000e+01 3.060127148437500000e+04
4.200000000000000000e+01 3.099231445312500000e+04
4.300000000000000000e+01 3.202250390625000000e+04
4.400000000000000000e+01 3.205801562500000000e+04
4.500000000000000000e+01 3.273834375000000000e+04
4.600000000000000000e+01 3.355777343750000000e+04
4.700000000000000000e+01 3.514610546875000000e+04
4.800000000000000000e+01 3.489584765625000000e+04
4.900000000000000000e+01 3.405150000000000000e+04
5.000000000000000000e+01 3.462627343750000000e+04
5.100000000000000000e+01 3.520682031250000000e+04
5.200000000000000000e+01 3.647121093750000000e+04
5.300000000000000000e+01 3.957859375000000000e+04
5.400000000000000000e+01 3.911904296875000000e+04
5.500000000000000000e+01 4.331589062500000000e+04
5.600000000000000000e+01 4.712769921875000000e+04
5.700000000000000000e+01 5.333643359375000000e+04
5.800000000000000000e+01 6.442214062500000000e+04
5.900000000000000000e+01 7.451256250000000000e+04
6.000000000000000000e+01 9.013367187500000000e+04
6.100000000000000000e+01 1.070097421875000000e+05
6.200000000000000000e+01 1.346967812500000000e+05
6.300000000000000000e+01 1.776637812500000000e+05
6.400000000000000000e+01 2.865311562500000000e+05
6.500000000000000000e+01 7.749115000000000000e+05
6.600000000000000000e+01 2.234394250000000000e+06
6.700000000000000000e+01 3.428067250000000000e+06
6.800000000000000000e+01 3.725349250000000000e+06
6.900000000000000000e+01 2.543869500000000000e+06
7.000000000000000000e+01 1.253307500000000000e+06
7.100000000000000000e+01 4.990077187500000000e+05
7.200000000000000000e+01 2.228602343750000000e+05
7.300000000000000000e+01 1.415050312500000000e+05
7.400000000000000000e+01 1.124777968750000000e+05
7.500000000000000000e+01 9.495023437500000000e+04
7.600000000000000000e+01 7.818246875000000000e+04
7.700000000000000000e+01 6.757860156250000000e+04
7.800000000000000000e+01 5.844705468750000000e+04
7.900000000000000000e+01 5.679254296875000000e+04
8.000000000000000000e+01 4.845683203125000000e+04
8.100000000000000000e+01 4.504026171875000000e+04
8.200000000000000000e+01 4.386140625000000000e+04
8.300000000000000000e+01 3.932480468750000000e+04
8.400000000000000000e+01 3.757185937500000000e+04
8.500000000000000000e+01 3.852458593750000000e+04
8.600000000000000000e+01 3.693772656250000000e+04
8.700000000000000000e+01 3.603401953125000000e+04
8.800000000000000000e+01 3.670096875000000000e+04
8.900000000000000000e+01 3.943437109375000000e+04
9.000000000000000000e+01 3.551269921875000000e+04
9.100000000000000000e+01 3.435365234375000000e+04
9.200000000000000000e+01 3.662516406250000000e+04
9.300000000000000000e+01 3.679337890625000000e+04
9.400000000000000000e+01 3.328558203125000000e+04
9.500000000000000000e+01 3.496096875000000000e+04
9.600000000000000000e+01 3.374890625000000000e+04
9.700000000000000000e+01 3.229915429687500000e+04
9.800000000000000000e+01 3.247297070312500000e+04
9.900000000000000000e+01 3.208368945312500000e+04
1.000000000000000000e+02 3.333623046875000000e+04
1.010000000000000000e+02 3.447449218750000000e+04
1.020000000000000000e+02 3.166300195312500000e+04
1.030000000000000000e+02 3.021266015625000000e+04
1.040000000000000000e+02 3.170737500000000000e+04
1.050000000000000000e+02 3.215114648437500000e+04
1.060000000000000000e+02 3.028782031250000000e+04
1.070000000000000000e+02 3.077533984375000000e+04
1.080000000000000000e+02 3.010347656250000000e+04
1.090000000000000000e+02 3.045259375000000000e+04
1.100000000000000000e+02 3.050088671875000000e+04
1.110000000000000000e+02 2.968566992187500000e+04
1.120000000000000000e+02 3.159217187500000000e+04
1.130000000000000000e+02 3.272994531250000000e+04
1.140000000000000000e+02 3.068538671875000000e+04
1.150000000000000000e+02 3.168862304687500000e+04
1.160000000000000000e+02 3.299449218750000000e+04
1.170000000000000000e+02 3.078339257812500000e+04
1.180000000000000000e+02 3.016008007812500000e+04
1.190000000000000000e+02 3.269703125000000000e+04
1.200000000000000000e+02 3.056010742187500000e+04
1.210000000000000000e+02 3.135303320312500000e+04
1.220000000000000000e+02 3.483162890625000000e+04
1.230000000000000000e+02 3.269786132812500000e+04
1.240000000000000000e+02 3.066421484375000000e+04
1.250000000000000000e+02 3.014951171875000000e+04
1.260000000000000000e+02 3.147477539062500000e+04
1.270000000000000000e+02 2.993928125000000000e+04
1.280000000000000000e+02 3.069099218750000000e+04
1.290000000000000000e+02 3.021984179687500000e+04
1.300000000000000000e+02 3.274978320312500000e+04
1.310000000000000000e+02 3.170583789062500000e+04
1.320000000000000000e+02 3.176969531250000000e+04
1.330000000000000000e+02 4.385414453125000000e+04
1.340000000000000000e+02 3.094614257812500000e+04
1.350000000000000000e+02 3.271184765625000000e+04
1.360000000000000000e+02 3.134586914062500000e+04
1.370000000000000000e+02 3.059614843750000000e+04
1.380000000000000000e+02 3.199161914062500000e+04
1.390000000000000000e+02 3.034640429687500000e+04
1.400000000000000000e+02 3.185933789062500000e+04
1.410000000000000000e+02 3.058850000000000000e+04
1.420000000000000000e+02 3.212676171875000000e+04
1.430000000000000000e+02 3.263526953125000000e+04
1.440000000000000000e+02 3.048395507812500000e+04
1.450000000000000000e+02 3.163816992187500000e+04
1.460000000000000000e+02 3.166043554687500000e+04
1.470000000000000000e+02 3.140362109375000000e+04
1.480000000000000000e+02 3.133814648437500000e+04
1.490000000000000000e+02 4.007390234375000000e+04
1.500000000000000000e+02 3.562842187500000000e+04
1.510000000000000000e+02 3.267781835937500000e+04
1.520000000000000000e+02 3.197841406250000000e+04
1.530000000000000000e+02 3.610823046875000000e+04
1.540000000000000000e+02 1.076117968750000000e+05
1.550000000000000000e+02 3.495215625000000000e+04
1.560000000000000000e+02 3.090707812500000000e+04
1.570000000000000000e+02 3.056759765625000000e+04
1.580000000000000000e+02 3.183841015625000000e+04
1.590000000000000000e+02 3.316014453125000000e+04
1.600000000000000000e+02 3.130412500000000000e+04
1.610000000000000000e+02 3.274811718750000000e+04
1.620000000000000000e+02 4.814800390625000000e+04
1.630000000000000000e+02 3.265067187500000000e+04
1.640000000000000000e+02 3.170190820312500000e+04
1.650000000000000000e+02 3.262368164062500000e+04
1.660000000000000000e+02 3.200316015625000000e+04
1.670000000000000000e+02 3.269605859375000000e+04
1.680000000000000000e+02 3.218445312500000000e+04
1.690000000000000000e+02 3.176363867187500000e+04
1.700000000000000000e+02 3.190387500000000000e+04
1.710000000000000000e+02 3.226864062500000000e+04
1.720000000000000000e+02 3.145952148437500000e+04
1.730000000000000000e+02 3.552237500000000000e+04
1.740000000000000000e+02 3.666504296875000000e+04
1.750000000000000000e+02 3.248266015625000000e+04
1.760000000000000000e+02 3.254788281250000000e+04
1.770000000000000000e+02 3.349786328125000000e+04
1.780000000000000000e+02 3.128458984375000000e+04
1.790000000000000000e+02 3.299045703125000000e+04
1.800000000000000000e+02 3.334155859375000000e+04
1.810000000000000000e+02 3.270572265625000000e+04
1.820000000000000000e+02 3.335361328125000000e+04
1.830000000000000000e+02 3.210012695312500000e+04
1.840000000000000000e+02 3.187505273437500000e+04
1.850000000000000000e+02 3.336116015625000000e+04
1.860000000000000000e+02 3.248407031250000000e+04
1.870000000000000000e+02 3.332000000000000000e+04
1.880000000000000000e+02 3.151973828125000000e+04
1.890000000000000000e+02 3.309287890625000000e+04
1.900000000000000000e+02 3.400807812500000000e+04
1.910000000000000000e+02 3.216935156250000000e+04
1.920000000000000000e+02 3.334789843750000000e+04
1.930000000000000000e+02 3.219260742187500000e+04
1.940000000000000000e+02 3.410483203125000000e+04
1.950000000000000000e+02 3.247301757812500000e+04
1.960000000000000000e+02 3.342258203125000000e+04
1.970000000000000000e+02 3.534334765625000000e+04
1.980000000000000000e+02 3.379537109375000000e+04
1.990000000000000000e+02 3.330863671875000000e+04
2.000000000000000000e+02 3.329019531250000000e+04
2.010000000000000000e+02 3.480116015625000000e+04
2.020000000000000000e+02 3.444304296875000000e+04
2.030000000000000000e+02 3.355149609375000000e+04
2.040000000000000000e+02 3.444700781250000000e+04
2.050000000000000000e+02 3.368221875000000000e+04
2.060000000000000000e+02 3.484516406250000000e+04
2.070000000000000000e+02 4.593805468750000000e+04
2.080000000000000000e+02 3.657026562500000000e+04
2.090000000000000000e+02 3.458591406250000000e+04
2.100000000000000000e+02 3.510494140625000000e+04
2.110000000000000000e+02 3.421617187500000000e+04
2.120000000000000000e+02 3.511487890625000000e+04
2.130000000000000000e+02 3.441218359375000000e+04
2.140000000000000000e+02 3.674720312500000000e+04
2.150000000000000000e+02 3.595163671875000000e+04
2.160000000000000000e+02 3.569510546875000000e+04
2.170000000000000000e+02 3.501650390625000000e+04
2.180000000000000000e+02 3.561895703125000000e+04
2.190000000000000000e+02 3.569118750000000000e+04
2.200000000000000000e+02 3.669068750000000000e+04
2.210000000000000000e+02 3.591756640625000000e+04
2.220000000000000000e+02 3.646210546875000000e+04
2.230000000000000000e+02 3.645020312500000000e+04
2.240000000000000000e+02 3.834314062500000000e+04
2.250000000000000000e+02 3.638503906250000000e+04
2.260000000000000000e+02 3.615460546875000000e+04
2.270000000000000000e+02 3.777898437500000000e+04
2.280000000000000000e+02 3.740803906250000000e+04
2.290000000000000000e+02 3.826401562500000000e+04
2.300000000000000000e+02 3.811610937500000000e+04
2.310000000000000000e+02 3.864403906250000000e+04
2.320000000000000000e+02 3.840673437500000000e+04
2.330000000000000000e+02 3.839221093750000000e+04
2.340000000000000000e+02 3.994507812500000000e+04
2.350000000000000000e+02 4.180550000000000000e+04
2.360000000000000000e+02 3.955411328125000000e+04
2.370000000000000000e+02 3.974330859375000000e+04
2.380000000000000000e+02 4.031035546875000000e+04
2.390000000000000000e+02 3.946539453125000000e+04
2.400000000000000000e+02 4.114928515625000000e+04
2.410000000000000000e+02 4.165984765625000000e+04
2.420000000000000000e+02 4.151208593750000000e+04
2.430000000000000000e+02 4.113109375000000000e+04
2.440000000000000000e+02 4.309098828125000000e+04
2.450000000000000000e+02 4.259504687500000000e+04
2.460000000000000000e+02 4.233279296875000000e+04
2.470000000000000000e+02 4.091721875000000000e+04
2.480000000000000000e+02 4.662507031250000000e+04
2.490000000000000000e+02 4.316728906250000000e+04
2.500000000000000000e+02 4.547173828125000000e+04
2.510000000000000000e+02 4.698892968750000000e+04
2.520000000000000000e+02 4.517143359375000000e+04
2.530000000000000000e+02 4.655226562500000000e+04
2.540000000000000000e+02 4.806964843750000000e+04
2.550000000000000000e+02 4.823883984375000000e+04
2.560000000000000000e+02 5.763731640625000000e+04
2.570000000000000000e+02 5.493231250000000000e+04
2.580000000000000000e+02 4.961198046875000000e+04
2.590000000000000000e+02 5.177420312500000000e+04
2.600000000000000000e+02 5.301496093750000000e+04
2.610000000000000000e+02 5.577353906250000000e+04
2.620000000000000000e+02 5.226278515625000000e+04
2.630000000000000000e+02 5.247991015625000000e+04
2.640000000000000000e+02 5.235811328125000000e+04
2.650000000000000000e+02 5.353875390625000000e+04
2.660000000000000000e+02 5.643452343750000000e+04
2.670000000000000000e+02 5.206107812500000000e+04
2.680000000000000000e+02 6.000391796875000000e+04
2.690000000000000000e+02 6.402292968750000000e+04
2.700000000000000000e+02 6.126554296875000000e+04
2.710000000000000000e+02 6.451546093750000000e+04
2.720000000000000000e+02 6.605671093750000000e+04
2.730000000000000000e+02 6.949860937500000000e+04
2.740000000000000000e+02 7.260656250000000000e+04
2.750000000000000000e+02 7.350441406250000000e+04
2.760000000000000000e+02 7.728591406250000000e+04
2.770000000000000000e+02 8.230122656250000000e+04
2.780000000000000000e+02 8.822528125000000000e+04
2.790000000000000000e+02 9.514846875000000000e+04
2.800000000000000000e+02 9.994159375000000000e+04
2.810000000000000000e+02 1.092982421875000000e+05
2.820000000000000000e+02 1.212998515625000000e+05
2.830000000000000000e+02 1.424412031250000000e+05
2.840000000000000000e+02 1.637930937500000000e+05
2.850000000000000000e+02 1.874725312500000000e+05
2.860000000000000000e+02 2.152138125000000000e+05
2.870000000000000000e+02 2.628881562500000000e+05
2.880000000000000000e+02 3.443579687500000000e+05
2.890000000000000000e+02 4.620049375000000000e+05
2.900000000000000000e+02 5.797503750000000000e+05
2.910000000000000000e+02 6.850745000000000000e+05
2.920000000000000000e+02 8.347137500000000000e+05
2.930000000000000000e+02 1.112527750000000000e+06
2.940000000000000000e+02 1.631857500000000000e+06
2.950000000000000000e+02 2.277004000000000000e+06
2.960000000000000000e+02 2.828933500000000000e+06
2.970000000000000000e+02 3.206464750000000000e+06
2.980000000000000000e+02 3.626185750000000000e+06
2.990000000000000000e+02 4.186379750000000000e+06
3.000000000000000000e+02 4.879303000000000000e+06
3.010000000000000000e+02 5.307117500000000000e+06
3.020000000000000000e+02 5.590123000000000000e+06
3.030000000000000000e+02 5.742195500000000000e+06
3.040000000000000000e+02 5.839229500000000000e+06
3.050000000000000000e+02 5.948734500000000000e+06
3.060000000000000000e+02 6.034520000000000000e+06
3.070000000000000000e+02 5.884966000000000000e+06
3.080000000000000000e+02 5.973079000000000000e+06
3.090000000000000000e+02 6.139199500000000000e+06
3.100000000000000000e+02 6.318388500000000000e+06
3.110000000000000000e+02 6.217402500000000000e+06
3.120000000000000000e+02 6.314550500000000000e+06
3.130000000000000000e+02 6.436700500000000000e+06
3.140000000000000000e+02 6.593966000000000000e+06
3.150000000000000000e+02 6.663466500000000000e+06
3.160000000000000000e+02 6.783620000000000000e+06
3.170000000000000000e+02 6.857819500000000000e+06
3.180000000000000000e+02 6.937305000000000000e+06
3.190000000000000000e+02 7.030142500000000000e+06
3.200000000000000000e+02 7.037004000000000000e+06
3.210000000000000000e+02 7.135999500000000000e+06
3.220000000000000000e+02 7.207651500000000000e+06
3.230000000000000000e+02 7.276398000000000000e+06
3.240000000000000000e+02 7.388009500000000000e+06
3.250000000000000000e+02 7.437663000000000000e+06
3.260000000000000000e+02 7.525277500000000000e+06
3.270000000000000000e+02 7.624681500000000000e+06
3.280000000000000000e+02 7.609661000000000000e+06
3.290000000000000000e+02 7.674141500000000000e+06
3.300000000000000000e+02 7.604899000000000000e+06
3.310000000000000000e+02 7.671545000000000000e+06
3.320000000000000000e+02 7.676168500000000000e+06
3.330000000000000000e+02 7.706416000000000000e+06
3.340000000000000000e+02 7.739312000000000000e+06
3.350000000000000000e+02 7.768724500000000000e+06
3.360000000000000000e+02 7.801448000000000000e+06
3.370000000000000000e+02 7.869108500000000000e+06
3.380000000000000000e+02 7.915876000000000000e+06
3.390000000000000000e+02 7.957103000000000000e+06
3.400000000000000000e+02 8.006634000000000000e+06
3.410000000000000000e+02 8.136730500000000000e+06
3.420000000000000000e+02 8.197833500000000000e+06
3.430000000000000000e+02 8.160895500000000000e+06
3.440000000000000000e+02 8.165780000000000000e+06
3.450000000000000000e+02 8.123648500000000000e+06
3.460000000000000000e+02 8.239959500000000000e+06
3.470000000000000000e+02 8.270318000000000000e+06
3.480000000000000000e+02 8.212827000000000000e+06
3.490000000000000000e+02 8.135921000000000000e+06
3.500000000000000000e+02 8.025484500000000000e+06
3.510000000000000000e+02 7.903012000000000000e+06
3.520000000000000000e+02 7.987042500000000000e+06
3.530000000000000000e+02 7.955408500000000000e+06
3.540000000000000000e+02 7.970613500000000000e+06
3.550000000000000000e+02 7.894317500000000000e+06
3.560000000000000000e+02 7.934648000000000000e+06
3.570000000000000000e+02 7.942043500000000000e+06
3.580000000000000000e+02 7.892657000000000000e+06
3.590000000000000000e+02 7.816699500000000000e+06
3.600000000000000000e+02 7.793281500000000000e+06
3.610000000000000000e+02 7.700764500000000000e+06
3.620000000000000000e+02 7.603650000000000000e+06
3.630000000000000000e+02 7.598290500000000000e+06
3.640000000000000000e+02 7.670934500000000000e+06
3.650000000000000000e+02 7.670885000000000000e+06
3.660000000000000000e+02 7.643682000000000000e+06
3.670000000000000000e+02 7.671805500000000000e+06
3.680000000000000000e+02 7.582757500000000000e+06
3.690000000000000000e+02 7.641257500000000000e+06
3.700000000000000000e+02 7.610334000000000000e+06
3.710000000000000000e+02 7.657366500000000000e+06
3.720000000000000000e+02 7.638515500000000000e+06
3.730000000000000000e+02 7.671684000000000000e+06
3.740000000000000000e+02 7.701668000000000000e+06
3.750000000000000000e+02 7.630363000000000000e+06
3.760000000000000000e+02 7.575599000000000000e+06
3.770000000000000000e+02 7.289511000000000000e+06
3.780000000000000000e+02 7.360682500000000000e+06
3.790000000000000000e+02 7.443384500000000000e+06
3.800000000000000000e+02 7.423482500000000000e+06
3.810000000000000000e+02 7.332022000000000000e+06
3.820000000000000000e+02 7.396053000000000000e+06
3.830000000000000000e+02 7.428516000000000000e+06
3.840000000000000000e+02 7.470662000000000000e+06
3.850000000000000000e+02 7.439002000000000000e+06
3.860000000000000000e+02 7.434026000000000000e+06
3.870000000000000000e+02 7.475726000000000000e+06
3.880000000000000000e+02 7.501109000000000000e+06
3.890000000000000000e+02 7.520236500000000000e+06
3.900000000000000000e+02 7.262375000000000000e+06
3.910000000000000000e+02 7.382354500000000000e+06
3.920000000000000000e+02 7.462790000000000000e+06
3.930000000000000000e+02 7.312060000000000000e+06
3.940000000000000000e+02 7.163837000000000000e+06
3.950000000000000000e+02 7.302832000000000000e+06
3.960000000000000000e+02 7.297151000000000000e+06
3.970000000000000000e+02 7.288170500000000000e+06
3.980000000000000000e+02 7.256609000000000000e+06
3.990000000000000000e+02 7.298964500000000000e+06
4.000000000000000000e+02 7.312947500000000000e+06
4.010000000000000000e+02 7.260865000000000000e+06
4.020000000000000000e+02 7.314625500000000000e+06
4.030000000000000000e+02 7.344765000000000000e+06
4.040000000000000000e+02 7.336584500000000000e+06
4.050000000000000000e+02 7.335978500000000000e+06
4.060000000000000000e+02 7.326313500000000000e+06
4.070000000000000000e+02 7.235347000000000000e+06
4.080000000000000000e+02 7.183814000000000000e+06
4.090000000000000000e+02 7.115635500000000000e+06
4.100000000000000000e+02 6.929357500000000000e+06
4.110000000000000000e+02 6.987202000000000000e+06
4.120000000000000000e+02 6.879129500000000000e+06
4.130000000000000000e+02 6.892528500000000000e+06
4.140000000000000000e+02 6.820584000000000000e+06
4.150000000000000000e+02 6.795047000000000000e+06
4.160000000000000000e+02 6.813687000000000000e+06
4.170000000000000000e+02 6.765879000000000000e+06
4.180000000000000000e+02 6.627557500000000000e+06
4.190000000000000000e+02 6.360366000000000000e+06
4.200000000000000000e+02 5.871398500000000000e+06
4.210000000000000000e+02 5.182852000000000000e+06
4.220000000000000000e+02 4.345569000000000000e+06
4.230000000000000000e+02 3.551154750000000000e+06
4.240000000000000000e+02 2.825063750000000000e+06
4.250000000000000000e+02 2.239268750000000000e+06
4.260000000000000000e+02 1.759322750000000000e+06
4.270000000000000000e+02 1.380718500000000000e+06
4.280000000000000000e+02 1.116215000000000000e+06
4.290000000000000000e+02 8.969693125000000000e+05
4.300000000000000000e+02 7.342760000000000000e+05
4.310000000000000000e+02 6.066805625000000000e+05
4.320000000000000000e+02 5.062155625000000000e+05
4.330000000000000000e+02 4.222999375000000000e+05
4.340000000000000000e+02 3.564430625000000000e+05
4.350000000000000000e+02 2.997536875000000000e+05
4.360000000000000000e+02 2.561487812500000000e+05
4.370000000000000000e+02 2.170485625000000000e+05
4.380000000000000000e+02 1.905619843750000000e+05
4.390000000000000000e+02 1.656006093750000000e+05
4.400000000000000000e+02 1.458292343750000000e+05
4.410000000000000000e+02 1.324532812500000000e+05
4.420000000000000000e+02 1.187546171875000000e+05
4.430000000000000000e+02 1.086291875000000000e+05
4.440000000000000000e+02 1.026132343750000000e+05
4.450000000000000000e+02 9.607564062500000000e+04
4.460000000000000000e+02 9.175220312500000000e+04
4.470000000000000000e+02 8.828325781250000000e+04
4.480000000000000000e+02 8.554660937500000000e+04
4.490000000000000000e+02 9.160064843750000000e+04
4.500000000000000000e+02 7.950738281250000000e+04
4.510000000000000000e+02 7.580558593750000000e+04
4.520000000000000000e+02 7.319225781250000000e+04
4.530000000000000000e+02 7.034731250000000000e+04
4.540000000000000000e+02 6.941928906250000000e+04
4.550000000000000000e+02 6.758663281250000000e+04
4.560000000000000000e+02 6.523773828125000000e+04
4.570000000000000000e+02 6.554073437500000000e+04
4.580000000000000000e+02 6.265127343750000000e+04
4.590000000000000000e+02 6.330778515625000000e+04
4.600000000000000000e+02 6.476379296875000000e+04
4.610000000000000000e+02 5.986473046875000000e+04
4.620000000000000000e+02 5.916594531250000000e+04
4.630000000000000000e+02 5.760557812500000000e+04
4.640000000000000000e+02 5.819066015625000000e+04
4.650000000000000000e+02 5.894028125000000000e+04
4.660000000000000000e+02 5.502728906250000000e+04
4.670000000000000000e+02 5.527977734375000000e+04
4.680000000000000000e+02 5.630294140625000000e+04
4.690000000000000000e+02 5.513045703125000000e+04
4.700000000000000000e+02 5.327707421875000000e+04
4.710000000000000000e+02 5.247880468750000000e+04
4.720000000000000000e+02 5.228217578125000000e+04
4.730000000000000000e+02 4.984867578125000000e+04
4.740000000000000000e+02 5.123238671875000000e+04
4.750000000000000000e+02 4.980538281250000000e+04
4.760000000000000000e+02 5.546977343750000000e+04
4.770000000000000000e+02 5.027728515625000000e+04
4.780000000000000000e+02 5.021041406250000000e+04
4.790000000000000000e+02 4.934225000000000000e+04
4.800000000000000000e+02 4.995713281250000000e+04
4.810000000000000000e+02 4.953596875000000000e+04
4.820000000000000000e+02 4.927788671875000000e+04
4.830000000000000000e+02 4.945100390625000000e+04
4.840000000000000000e+02 4.741702734375000000e+04
4.850000000000000000e+02 4.783182421875000000e+04
4.860000000000000000e+02 4.855816796875000000e+04
4.870000000000000000e+02 4.873349218750000000e+04
4.880000000000000000e+02 5.000503125000000000e+04
4.890000000000000000e+02 4.985047265625000000e+04
4.900000000000000000e+02 5.009035937500000000e+04
4.910000000000000000e+02 4.968791796875000000e+04
4.920000000000000000e+02 4.946217578125000000e+04
4.930000000000000000e+02 4.939163281250000000e+04
4.940000000000000000e+02 4.960902343750000000e+04
4.950000000000000000e+02 4.991150000000000000e+04
4.960000000000000000e+02 5.344819531250000000e+04
4.970000000000000000e+02 5.318477734375000000e+04
4.980000000000000000e+02 5.625623437500000000e+04
4.990000000000000000e+02 6.119113671875000000e+04
5.000000000000000000e+02 5.952875000000000000e+04
5.010000000000000000e+02 6.219805468750000000e+04
5.020000000000000000e+02 6.451995312500000000e+04
5.030000000000000000e+02 6.608144531250000000e+04
5.040000000000000000e+02 6.816439843750000000e+04
5.050000000000000000e+02 7.231145312500000000e+04
5.060000000000000000e+02 7.412235156250000000e+04
5.070000000000000000e+02 7.894841406250000000e+04
5.080000000000000000e+02 8.541546093750000000e+04
5.090000000000000000e+02 9.414142187500000000e+04
5.100000000000000000e+02 1.056675390625000000e+05
5.110000000000000000e+02 1.197085703125000000e+05
5.120000000000000000e+02 1.307793984375000000e+05
5.130000000000000000e+02 1.425532968750000000e+05
5.140000000000000000e+02 1.506221250000000000e+05
5.150000000000000000e+02 1.565464375000000000e+05
5.160000000000000000e+02 1.659192500000000000e+05
5.170000000000000000e+02 -1.289077343750000000e+04
5.180000000000000000e+02 -1.304587597656250000e+04
5.190000000000000000e+02 -1.238552832031250000e+04
5.200000000000000000e+02 -1.255473144531250000e+04
5.210000000000000000e+02 -1.226097558593750000e+04
