0 2458474.52843 65 56.6379 0.0
1 2458453.33681 45 87.7643 0.0001
2 2458474.33596 55 55.4503 -38.2114055233
3 2458453.40097 51 88.9747 8.08116537298
4 2458474.38364 41 56.6442 -2.16786777808
5 2458453.22009 54 95.518 7.71324625121
6 2458453.285 55 93.2408 9.16882386985
7 2458516.56573 50 38.9547 0.5840304511
8 2458474.40218 55 55.3362 -36.1485446397
9 2458474.53874 45 56.2493 -36.2930834815
10 2458453.46514 37 86.5688 0.0001
11 2458516.64842 41 39.7255 -1.06744922848
12 2458516.37845 36 36.2095 -39.6050909197
13 2458516.71877 50 41.4518 0.970769919348
14 2458516.69816 70 38.6214 0.931896573108
15 2458474.44985 41 56.582 -2.69292541987
16 2458453.39685 38 89.5004 6.10675580182
17 2458516.51807 39 36.67 -36.5464248617
18 2458453.33269 48 85.2036 -31.4133338506
19 2458453.2036 47 91.4775 5.83897261241
20 2458453.47957 51 90.8901 10.3662151531
21 2458516.63606 48 39.2586 0.404875317121
22 2458453.41333 49 89.3143 10.4888594929
23 2458516.56985 53 38.7159 0.560279512063
24 2458474.53461 54 53.8579 -37.3176741574
25 2458516.58222 41 41.886 0.340261755373
26 2458474.39806 42 55.1277 -38.4855405906
27 2458474.58846 48 54.2117 -40.1241730875
28 2458516.37433 38 35.26 -38.8959723389
29 2458474.27888 52 61.4738 2.53381100664
30 2458516.50158 41 35.5145 -37.7720530802
31 2458516.65048 38 36.8842 -37.453810199
32 2458516.72289 47 42.0923 4.19145054074
33 2458453.20154 42 85.4078 0.0001
34 2458474.60701 46 61.2949 1.17797345602
35 2458474.32772 38 54.8618 -38.4682794845
36 2458516.71258 42 35.6823 -37.769574808
37 2458474.52637 41 53.7939 -39.5668147318
38 2458474.58434 37 53.7852 -41.1125550631
39 2458453.26233 38 84.8033 -34.1770786205
40 2458516.44773 34 35.9119 -36.8166387845
41 2458516.43948 41 35.1493 -39.192502706
42 2458453.4569 44 86.3687 0.0001
43 2458453.2747 42 88.1139 0.0001
44 2458516.49746 41 36.5736 -38.0254475197
45 2458474.31536 35 53.7319 -40.0828263138
46 2458453.52932 49 90.212 5.8787012735
47 2458516.6546 40 38.7785 -36.0366204662
48 2458474.60082 61 55.3707 -37.4180845951
49 2458516.50983 40 35.8551 -37.7533470042
50 2458453.32857 37 84.9009 -33.370028408
51 2458474.51813 39 54.4586 -40.8741655307
52 2458474.45809 53 55.6075 -1.77653211523
53 2458516.70228 44 38.8867 0.545631943654
54 2458474.26446 42 54.4724 -38.5845006344
55 2458516.43124 33 37.0529 -38.0384267946
56 2458516.62988 36 36.8877 -37.8538987515
57 2458453.21802 43 89.8169 -31.4281079612
58 2458516.44567 46 37.6672 -1.38156734024
59 2458516.52219 40 37.441 -36.6244846643
60 2458474.33802 44 58.3517 -0.0423755291461
61 2458453.40303 35 87.7144 0.0001
62 2458516.64636 49 35.8233 -36.3246705875
63 2458474.46633 53 57.3847 1.4225198843
64 2458516.38051 43 39.3363 -0.892135397565
65 2458516.7167 39 36.0837 -38.215199948
66 2458453.28294 44 87.8944 -30.1063740433
67 2458516.50776 50 39.488 -0.626644063614
68 2458474.27476 42 59.4918 3.11578492896
69 2458516.56367 38 36.025 -36.8745335158
70 2458474.40424 56 57.8253 1.00928852179
71 2458474.5408 54 60.8792 1.89965680865
72 2458474.38982 38 54.4146 -37.7949599532
73 2458516.634 42 36.0952 -37.9856839317
74 2458474.2624 59 57.3288 -1.41120891509
75 2458516.70022 57 35.6763 -38.8152601591
76 2458453.39479 34 86.2675 0.0001
77 2458474.34214 47 59.3314 1.72474304027
78 2458516.52013 57 39.4447 2.5063545417
79 2458453.33063 49 88.0561 3.74536145183
80 2458474.5864 42 57.0379 -1.31771977101
81 2458516.37227 59 36.985 -0.371413796582
82 2458453.53344 41 91.5585 8.2029050598
83 2458453.54992 40 91.6328 8.46189038662
84 2458474.32566 47 55.6393 -0.804371021234
85 2458516.45803 51 44.5002 1.73799980914
86 2458516.58015 44 35.6515 -35.4728773152
87 2458474.396 53 57.144 0.00989246030746
88 2458474.47457 46 60.0672 3.13932102664
89 2458516.72083 35 40.2322 -36.0253326983
90 2458516.38257 34 34.3627 -38.1597435777
91 2458453.19948 43 86.4303 2.39668345329
92 2458474.44779 37 53.0264 -40.6418285046
93 2458474.27682 37 56.6402 -35.3861911823
94 2458453.28088 47 91.1991 10.2658710071
95 2458516.50364 40 37.8991 0.149915988137
96 2458453.46308 45 89.6393 6.75197992018
97 2458474.58228 48 56.6591 -2.88983278647
98 2458516.44979 50 37.1076 -0.425112265291
99 2458474.27064 57 58.1128 1.6116907307
100 2458516.58634 51 40.3432 2.02047697663
101 2458516.43742 43 39.0814 -1.33936132252
102 2458474.38158 42 54.4086 -38.8907824579
103 2458453.41127 42 86.6859 0.0001
104 2458516.71052 53 38.8306 -0.993792093308
105 2458474.46427 60 54.0459 -37.5694906159
106 2458474.52431 40 55.6362 -1.3118509277
107 2458453.53138 35 87.9016 -31.6151923441
108 2458516.65667 47 41.6836 2.14368704855
109 2458474.59876 59 56.4129 0.808826084378
110 2458516.57191 42 36.5438 -38.5254392273
111 2458474.39394 46 53.7241 -38.3753354826
112 2458453.53756 51 92.179 7.91883563956
113 2458453.45896 46 90.1348 6.35839479732
114 2458453.27676 52 91.0471 8.39090165885
115 2458474.31742 41 57.7659 -2.17416959875
116 2458516.45391 46 39.9664 1.06994094888
117 2458453.21184 68 90.5951 6.91437451008
118 2458516.4333 59 39.5794 -0.778309054349
119 2458516.63812 40 35.4791 -38.4943032479
120 2458453.39273 47 88.7945 4.53993151808
121 2458474.52019 41 57.1293 -2.65186469642
122 2458516.70434 42 35.8634 -37.336715185
123 2458474.46015 42 54.1358 -38.7608165456
124 2458474.2727 42 55.9378 -36.2154713887
125 2458516.71464 37 38.0709 -0.178532241097
126 2458474.47045 55 59.261 2.02025216429
127 2458516.6443 44 39.3907 -0.217494847472
128 2458474.53049 43 52.6228 -38.9143809306
129 2458474.3339 56 57.8257 1.85832491951
130 2458453.33887 44 90.2213 10.013222734
131 2458474.3857 43 53.3025 -39.880708392
132 2458516.59046 65 41.2478 2.24735144219
133 2458516.44154 55 38.11 -1.34939885267
134 2458453.26852 42 89.231 7.0355609836
135 2458516.45597 40 38.1146 -36.6680738958
136 2458474.32154 61 56.5697 -1.75823413839
137 2458453.41539 48 87.4298 0.0001
138 2458516.57809 54 38.7035 -0.0758615204746
139 2458474.59258 41 53.8663 -39.8966244092
140 2458453.5355 43 89.207 0.0001
141 2458474.45191 43 53.6557 -40.845062678
142 2458516.51601 41 37.9161 -0.590249157342
143 2458453.33475 47 90.0335 6.11253685241
144 2458474.34008 36 56.1139 -35.7772745279
145 2458453.48163 50 87.8102 0.0001
146 2458516.38669 39 36.2205 -37.7694240577
147 2458474.25828 47 57.6344 0.056102245949
148 2458453.40715 45 87.1685 0.0001
149 2458474.32978 54 57.6712 -0.161163721178
150 2458474.46221 62 57.8712 1.008023514
151 2458453.26027 42 87.9702 3.73919088983
152 2458474.58022 51 53.9402 -40.4721643803
153 2458453.2139 41 89.0613 0.0001
154 2458474.40836 45 60.8976 1.67411902694
155 2458453.46102 34 86.4879 0.0001
156 2458453.27882 36 88.0629 -30.6766390675
157 2458516.38463 49 39.5882 -0.247849113568
158 2458453.19742 39 84.5982 0.0001
159 2458474.47251 43 55.5894 -36.3313211671
160 2458474.60289 59 58.2893 1.80097567419
161 2458516.51189 46 38.3366 0.171492862579
162 2458453.32651 45 87.6657 4.28104587763
163 2458453.39067 40 85.7224 -32.5281239073
164 2458474.45603 36 54.1383 -39.9142368318
165 2458516.7064 54 38.8833 0.21737153838
166 2458474.51607 45 57.4718 -1.72438455481
167 2458453.2644 37 87.913 6.21324871129
168 2458474.26652 54 57.8548 0.38157163016
169 2458516.64224 42 35.0929 -38.0564859761
170 2458453.20978 48 87.1945 -32.3529363031
171 2458474.39188 42 55.9165 -2.20616909301
172 2458516.57603 43 34.9632 -38.3930868707
173 2458453.54374 40 89.3685 0.0001
174 2458474.25622 35 53.8741 -40.7320227377
175 2458453.52519 43 91.1808 5.45063606511
176 2458516.36815 54 38.643 -0.411913664482
177 2458474.5967 45 54.7533 -39.3115781558
178 2458516.37639 51 38.4423 -0.57572482317
179 2458474.46839 53 55.3301 -37.7490541184
180 2458516.5057 40 36.0141 -38.6854875397
181 2458516.58428 52 37.2429 -36.5768609243
182 2458474.4063 49 54.814 -34.9989330951
183 2458474.38776 45 56.1878 -1.16704734155
184 2458453.52313 46 87.7983 -32.5040344646
185 2458516.4436 39 36.1539 -39.3777222079
186 2458453.40509 42 90.6903 8.09653953087
187 2458516.52425 56 41.4871 2.67174215452
188 2458474.59052 45 55.5763 -1.07431857631
189 2458516.37021 32 36.2424 -39.8752322414
190 2458453.27058 38 87.2668 -31.9890013199
191 2458474.3236 34 54.5258 -40.1718988939
192 2458453.41745 40 92.6358 10.6893967897
193 2458516.56779 40 36.4115 -36.8187422614
194 2458474.40012 53 58.0095 0.56712068174
195 2458474.53667 55 56.703 0.143672166142
196 2458516.63194 51 38.77 1.32782960778
197 2458453.20566 45 87.1542 0.0001
198 2458516.38875 43 41.3015 0.675434893957
199 2458474.26034 40 53.4044 -39.9295793187
200 2458474.45397 49 57.0142 -1.18705319917
201 2458516.6961 59 36.1595 -37.3338332307
202 2458474.51401 46 54.4605 -41.0726538233
203 2458453.39891 37 86.0257 0.0001
204 2458453.25821 43 85.8774 -33.9395443163
205 2458516.45185 32 37.0122 -38.0981531652
206 2458453.21596 47 91.163 9.12789805633
207 2458516.5884 55 37.1494 -36.900373738
208 2458453.40921 43 90.6848 10.6988911444
209 2458474.33184 45 55.2721 -37.1065450301
210 2458474.52225 42 54.4605 -40.3158266649
211 2458516.65254 46 40.5744 2.31394378508
212 2458474.60495 67 56.0259 -36.3143274909
213 2458453.26646 48 84.5235 -30.8292834924
214 2458474.26858 40 55.2293 -36.855895626
215 2458516.64018 44 38.6969 -0.770206939441
216 2458453.48369 48 91.5944 9.09988082801
217 2458453.20772 52 90.4465 6.13589876802
218 2458516.43536 41 35.0689 -37.5300122254
219 2458516.51395 37 36.019 -36.544694652
220 2458453.32445 43 85.0691 -32.8297128804
221 2458516.70846 35 36.4799 -39.536017682
222 2458453.52725 28 88.1369 -32.020998237
223 2458516.36609 33 36.714 -39.050318046
224 2458474.59464 54 56.1509 -0.954615203247
225 2458474.53255 46 56.9842 0.746857424492
226 2458516.57397 37 38.8784 0.878194976461
227 2458474.31948 36 54.0174 -41.8364433193
228 2458453.27264 44 90.8951 7.38053375496
229 2458516.49952 64 39.6946 -0.155369546124
