-0.0876772498188 234774549.688 245282615.291 233578280.712 301446698.708 2458474.52843 1 10 1
-0.44862722455 236320238.823 247619174.539 235330242.409 304816507.012 2458453.33681 0 2 0
-0.100038091365 236439909.343 247238860.172 235537030.881 302803988.545 2458474.33596 1 7 0
-0.444506740988 234888127.521 245875582.995 233712450.514 303543640.023 2458453.40097 0 3 1
-0.0969761435732 234640810.818 245257620.807 233341632.208 301478389.436 2458474.38364 1 8 1
-0.456123359071 235101100.308 245988602.279 233964696.756 303628368.935 2458453.22009 0 0 1
-0.451954548467 235187337.749 246120373.845 234056143.165 303818449.321 2458453.285 0 1 1
-0.387994580626 234588860.686 245073463.666 233259713.087 301803029.783 2458516.56573 2 15 1
-0.0957852490426 236214634.672 247033768.286 235356939.794 303053911.962 2458474.40218 1 8 0
-0.0870156525553 236462637.393 247559533.0 235534892.052 304658380.932 2458474.53874 1 10 0
-0.440385508866 236230365.424 247503360.471 235227401.335 305086059.862 2458453.46514 0 4 0
-0.382684018977 234873573.336 245329139.945 233599278.008 302592895.852 2458516.64842 2 16 1
-0.400022112348 236143507.367 246845275.923 235215962.438 303095294.89 2458516.37845 2 12 0
-0.378166627291 234958156.26 245300983.4 233722783.787 300869131.259 2458516.71877 2 17 1
-0.379489810634 234823092.096 245233369.349 233544435.933 301194411.333 2458516.69816 2 17 1
-0.0927240382665 234557917.025 245207540.777 233236207.23 302428938.983 2458474.44985 1 9 1
-0.444771383506 234744001.696 245507364.508 233471730.585 303501612.709 2458453.39685 0 3 1
-0.391055723337 236240300.545 246872049.62 235266741.445 302438723.292 2458516.51807 2 14 0
-0.448891866051 236210005.272 247439822.445 235266038.468 304994103.082 2458453.33269 0 2 0
-0.457181905638 234450608.39 245373519.986 233328579.182 303570191.293 2458453.2036 0 0 1
-0.439459272733 235030285.884 245867603.862 233797545.591 303684238.235 2458453.47957 0 4 1
-0.383477929425 234669940.622 244871227.55 233380557.188 300401104.454 2458516.63606 2 16 1
-0.443712826233 234946361.672 246048412.483 233766675.28 304297076.209 2458453.41333 0 3 1
-0.387729939663 234676642.534 245164938.234 233422970.263 301673731.777 2458516.56985 2 15 1
-0.0872802897501 236396071.28 247594550.839 235480496.819 304587662.43 2458474.53461 1 10 0
-0.386936029155 234768003.463 245247409.766 233540677.255 301687331.093 2458516.58222 2 15 1
-0.0960498882709 236175355.213 246985804.123 235203451.538 303465365.549 2458474.39806 1 8 0
-0.0838221094552 236307560.606 247131059.782 235318789.462 303206927.119 2458474.58846 1 11 0
-0.400286749902 235989919.981 246685833.23 235126502.925 301334614.758 2458516.37433 2 12 0
-0.103703690581 235035880.671 245678737.908 233905146.727 301747308.34 2458474.27888 1 6 1
-0.392114270801 236100169.208 246888311.389 235146816.16 303006105.769 2458516.50158 2 14 0
-0.382551702682 236465496.151 247157853.977 235504416.891 302284897.071 2458516.65048 2 16 0
-0.377901997035 235013944.986 245436647.773 233815704.674 301052273.066 2458516.72289 2 17 1
-0.457314226328 235396641.958 246879852.448 234542997.576 305065051.513 2458453.20154 0 0 0
-0.0826312294287 234939055.619 245554535.81 233685999.118 302974993.224 2458474.60701 1 11 1
-0.100567372184 236338612.021 247152664.391 235338446.504 303336366.904 2458474.32772 1 7 0
-0.378563576146 236425775.739 247100597.516 235469658.808 302394431.591 2458516.71258 2 17 0
-0.0878095708983 236173044.719 247082643.382 235196638.519 303520361.648 2458474.52637 1 10 0
-0.0840867553824 236237518.647 247065658.948 235240128.294 302907607.042 2458474.58434 1 11 0
-0.45341006183 236331353.279 247402775.512 235349811.617 304022191.77 2458453.26233 0 1 0
-0.395573105304 236447922.274 247161592.456 235488908.97 302924805.274 2458516.44773 2 13 0
-0.396102379095 236416663.834 247192203.571 235485772.092 302487266.213 2458516.43948 2 13 0
-0.440914796832 235940653.089 247109888.792 234763161.892 304422530.434 2458453.4569 0 4 0
-0.452616137686 236535900.806 247646097.625 235581263.282 304676437.304 2458453.2747 0 1 0
-0.392378912362 235885249.109 246480801.584 234741117.184 302068545.276 2458516.49746 2 14 0
-0.101361309338 235967369.602 246711431.606 234858016.534 302210342.457 2458474.31536 1 7 0
-0.436264276983 234962275.781 245738347.188 233721352.764 302793121.89 2458453.52932 0 5 1
-0.382287071289 236494120.35 247319048.833 235531209.74 303878700.664 2458516.6546 2 16 0
-0.0830281846527 236389973.312 247283377.016 235408943.262 304082159.644 2458474.60082 1 11 0
-0.391584992524 236218305.63 246910825.856 235250241.564 302466120.846 2458516.50983 2 14 0
-0.449156509437 236198004.489 247505045.13 235198456.155 305146754.229 2458453.32857 0 2 0
-0.0883388608088 236036348.607 246741982.057 235001432.263 302560513.023 2458474.51813 1 10 0
-0.0921947465318 234713270.386 245287979.979 233514261.983 301702093.799 2458474.45809 1 9 1
-0.379225169671 234880533.619 245098128.377 233609612.663 300239149.745 2458516.70228 2 17 1
-0.104629921899 235937452.115 246908049.183 235049752.16 303212090.454 2458474.26446 1 6 0
-0.396631660901 235947589.839 246546784.301 234822238.161 302837791.949 2458516.43124 2 13 0
-0.383874891258 235807498.67 246233277.236 234625097.103 300786734.699 2458516.62988 2 16 0
-0.456255675934 236457118.149 247734296.835 235565327.539 304870971.79 2458453.21802 0 0 0
-0.395705422795 235046316.12 245585241.304 233870182.533 302232164.509 2458516.44567 2 13 1
-0.390791092184 236296188.517 247083749.31 235359949.318 302786433.533 2458516.52219 2 14 0
-0.0999057725884 235025076.452 245681526.12 233867269.038 302598960.527 2458474.33802 1 7 1
-0.444374420476 236301057.307 247639302.051 235311935.642 304499395.531 2458453.40303 0 3 0
-0.38281633584 236337900.541 247046025.99 235391280.705 302707226.346 2458516.64636 2 16 0
-0.09166546335 234751079.794 245396437.049 233542266.844 302204548.374 2458474.46633 1 9 1
-0.399889794528 234811179.855 245230571.509 233622003.187 301645968.796 2458516.38051 2 12 1
-0.378298943018 236525256.634 247346401.759 235626537.483 302734503.955 2458516.7167 2 17 0
-0.452086865449 236678701.049 247963193.702 235753273.375 304951625.803 2458453.28294 0 1 0
-0.39171731127 234677339.384 244935573.41 233410622.921 301263474.121 2458516.50776 2 14 1
-0.103968326161 234924548.363 245559827.006 233728715.285 302401517.397 2458474.27476 1 6 1
-0.388126901496 235833989.646 246451348.208 234688849.882 302049438.505 2458516.56367 2 15 0
-0.0956529302657 234791582.186 245414852.952 233614730.651 302290987.587 2458474.40424 1 8 1
-0.0868833345261 235002772.757 245797249.558 233813758.511 303346040.134 2458474.5408 1 10 1
-0.0965791741442 236143727.739 247145661.088 235168992.866 304215843.939 2458474.38982 1 8 0
-0.383610249727 236073740.406 246753400.326 235081212.738 302813854.398 2458516.634 2 16 0
-0.104762242739 234436860.251 245070397.329 233295895.028 302244928.085 2458474.2624 1 6 1
-0.379357489973 236302531.71 246839782.934 235346421.089 301909721.555 2458516.70022 2 17 0
-0.444903705393 236116342.891 247314491.25 235065338.539 304499560.063 2458453.39479 0 3 0
-0.099641136201 235052859.329 245600068.043 233855050.98 302057024.849 2458474.34214 1 7 1
-0.390923407521 234871455.816 245464252.312 233726587.657 301870205.307 2458516.52013 2 14 1
-0.44902418755 234795423.972 245686113.504 233587134.446 303607097.565 2458453.33063 0 2 1
-0.0839544322095 234835968.166 245426175.539 233565847.498 302605447.302 2458474.5864 1 11 1
-0.400419069546 234493320.423 245008048.14 233430880.412 300156802.783 2458516.37227 2 12 1
-0.435999634465 235027206.199 245775911.583 233785555.422 302986161.608 2458453.53344 0 5 1
-0.434941085208 235075277.812 245967147.297 233844334.291 303384819.707 2458453.54992 0 5 1
-0.100699693862 235023131.352 245806111.919 233859329.412 302950975.702 2458474.32566 1 7 1
-0.394911525924 235023716.896 245293358.486 233794735.862 301067031.045 2458516.45803 2 13 1
-0.387068346048 236245880.274 246966654.317 235311011.299 302712135.345 2458516.58015 2 15 0
-0.0961822087524 234741467.489 245237335.18 233542137.05 301409672.911 2458474.396 1 8 1
-0.0911361888408 234770820.784 245388965.145 233556601.056 302336768.002 2458474.47457 1 9 1
-0.378034311984 236417670.222 246920205.316 235409283.684 302020019.377 2458516.72083 2 17 0
-0.399757477307 236355627.007 247019917.425 235465188.074 302222385.5 2458516.38257 2 12 0
-0.457446547498 233883608.658 244772030.705 232736485.142 301770871.51 2458453.19948 0 0 1
-0.0928563619777 235827327.67 246839599.584 234694434.859 303520815.636 2458474.44779 1 9 0
-0.103836008281 236355619.05 247287760.979 235433885.891 303694504.322 2458474.27682 1 6 0
-0.452219182821 235178027.131 246099923.339 233983655.147 303913566.659 2458453.28088 0 1 1
-0.391981950499 234754488.684 245515576.088 233551457.072 302740697.782 2458516.50364 2 14 1
-0.440517830364 234734997.595 245448373.888 233479981.733 302595717.242 2458453.46308 0 4 1
-0.0842190789142 234754696.952 245308526.437 233465716.938 302362779.102 2458474.58228 1 11 1
-0.395440788381 235060364.426 245444658.646 233890430.487 300611681.488 2458516.44979 2 13 1
-0.104232962937 234852147.463 245413188.203 233698348.357 301817139.843 2458474.27064 1 6 1
-0.386671397074 234784983.919 245277794.684 233579350.695 301633659.888 2458516.58634 2 15 1
-0.396234699009 234857092.393 245037190.491 233617210.572 300193572.365 2458516.43742 2 13 1
-0.0971084673143 235775057.096 246630904.483 234630452.122 303481349.547 2458474.38158 1 8 0
-0.443845144053 236344411.951 247785862.822 235396737.018 305339933.848 2458453.41127 0 3 0
-0.378695893637 234952096.135 245345141.787 233719055.291 301749359.662 2458516.71052 2 17 1
-0.0917977832632 236200339.984 247270910.797 235276677.718 304252855.129 2458474.46427 1 9 0
-0.0879418926059 234732793.496 245314699.259 233523721.331 301625959.542 2458474.52431 1 10 1
-0.436131955515 236416521.679 247595963.002 235417655.622 304742049.284 2458453.53138 0 5 0
-0.38215475634 234954856.403 245442881.552 233728365.069 302353551.369 2458516.65667 2 16 1
-0.0831605039977 234967426.735 245679123.41 233801010.753 302441034.39 2458474.59876 1 11 1
-0.38759761978 236147246.102 246701597.707 235161645.943 301983506.36 2458516.57191 2 15 0
-0.0963145298618 236201005.423 246998684.308 235239758.398 303007010.665 2458474.39394 1 8 0
-0.435734993981 235077639.805 246325710.511 233924493.648 305714510.822 2458453.53756 0 5 1
-0.440782474437 234659768.055 245552908.97 233317427.294 304308297.846 2458453.45896 0 4 1
-0.452483818849 235163969.044 246005520.296 234011707.788 303099504.059 2458453.27676 0 1 1
-0.101228985597 234775879.878 245251230.195 233475204.411 301798012.643 2458474.31742 1 7 1
-0.39517615627 235108924.201 245504699.963 233891525.477 301227543.47 2458516.45391 2 13 1
-0.456652628497 234968567.297 245852956.359 233909941.149 303881456.564 2458453.21184 0 0 1
-0.396499340001 234807198.729 245143044.192 233536336.434 301142490.002 2458516.4333 2 13 1
-0.383345609572 236208806.316 247093697.587 235250814.536 303137594.74 2458516.63812 2 16 0
-0.445036027549 234695521.828 245564293.398 233387958.327 303719143.78 2458453.39273 0 3 1
-0.0882065376059 234579294.114 245003213.204 233316502.556 301425584.379 2458474.52019 1 10 1
-0.379092849818 236357279.498 247101454.093 235362722.476 303201720.214 2458516.70434 2 17 0
-0.0920624248541 236161766.823 247051335.418 235162553.549 303541407.349 2458474.46015 1 9 0
-0.104100644369 236331970.191 247238321.478 235442129.705 302935405.187 2458474.2727 1 6 0
-0.378431259313 234978703.736 245561874.346 233772849.474 302274583.971 2458516.71464 2 17 1
-0.0914008252281 234748289.089 245370889.765 233516582.692 302904015.667 2458474.47045 1 9 1
-0.382948653361 234729461.339 244926300.404 233489214.212 300258795.403 2458516.6443 2 16 1
-0.0875449293074 236302922.232 247479093.731 235405115.466 303966080.588 2458474.53049 1 10 0
-0.10017041071 235009031.147 245665033.05 233855605.186 303138626.216 2458474.3339 1 7 1
-0.448494904607 234895146.631 245925721.421 233702627.179 304236331.741 2458453.33887 0 2 1
-0.0968438200713 236092948.077 246997848.241 235113174.457 302640504.108 2458474.3857 1 8 0
-0.386406766787 234820681.923 245235897.62 233635750.777 300735563.976 2458516.59046 2 15 1
-0.39597005972 235028859.853 245611441.205 233893436.417 301888273.175 2458516.44154 2 13 1
-0.453013097485 235171566.127 246157960.788 234022879.192 303497484.115 2458453.26852 0 1 1
-0.395043840903 236558988.163 247273793.71 235639474.181 302557062.404 2458516.45597 2 13 0
-0.100964338892 234940256.132 245446838.251 233784846.327 300984844.11 2458474.32154 1 7 1
-0.443580508892 236319859.875 247626284.078 235359031.489 304823835.369 2458453.41539 0 3 0
-0.387200663539 234712949.716 245195078.325 233504338.784 301635021.548 2458516.57809 2 15 1
-0.0835574655018 236354905.857 247294187.233 235340162.242 304465745.602 2458474.59258 1 11 0
-0.435867313954 236515555.566 247695285.845 235542792.688 304212506.418 2458453.5355 0 5 0
-0.0925917147347 236030356.541 246916085.569 235062680.178 302475247.692 2458474.45191 1 9 0
-0.391188039632 234756011.118 245093691.926 233506998.823 301045144.153 2458516.51601 2 14 1
-0.448759545062 234862044.225 245787526.655 233671115.512 303913718.244 2458453.33475 0 2 1
-0.0997734542003 236488996.745 247385308.944 235529103.714 303185152.262 2458474.34008 1 7 0
-0.439326955362 236576485.801 247679510.14 235617616.049 303912781.009 2458453.48163 0 4 0
-0.399492844628 236420128.662 247073806.315 235536273.879 301673155.083 2458516.38669 2 12 0
-0.105026886184 233931095.025 244386378.588 232666956.936 301293760.345 2458474.25828 1 6 1
-0.444109781128 236390574.16 247753808.157 235453283.898 304614406.294 2458453.40715 0 3 0
-0.100435051075 234978408.035 245517585.444 233786942.325 302086845.188 2458474.32978 1 7 1
-0.0919301037447 234759205.678 245521240.079 233561971.477 303107613.174 2458474.46221 1 9 1
-0.453542384316 234941148.457 245823367.596 233676570.58 303451946.53 2458453.26027 0 1 1
-0.0843514026553 236006673.644 246902770.785 234849617.462 303507210.745 2458474.58022 1 11 0
-0.456520310527 236329026.481 247433163.375 235424551.667 304616733.302 2458453.2139 0 0 0
-0.0953882938784 234733041.244 245258096.624 233496660.525 302378663.092 2458474.40836 1 8 1
-0.440650152251 236152440.954 247484599.062 235094092.615 305249781.465 2458453.46102 0 4 0
-0.452351500611 236611632.379 247785883.838 235662045.275 304638053.236 2458453.27882 0 1 0
-0.399625160653 234875764.652 245264635.98 233674735.362 301651148.121 2458516.38463 2 12 1
-0.457578869116 233845747.565 245071734.058 232906873.139 302143559.491 2458453.19742 0 0 0
-0.0912685068401 236257689.417 247233085.184 235309924.434 303404796.293 2458474.47251 1 9 0
-0.0828958658459 234990334.824 245704345.672 233826069.858 303307215.138 2458474.60289 1 11 1
-0.391452674016 234800152.123 245221778.826 233586559.034 301132966.157 2458516.51189 2 14 1
-0.449288831593 234751555.35 245722829.953 233501764.601 303814701.049 2458453.32651 0 2 1
-0.445168349944 235921314.799 247152665.493 234748108.846 304553013.737 2458453.39067 0 3 0
-0.0923270688075 236112179.811 246958405.863 235104104.482 302996347.224 2458474.45603 1 9 0
-0.378960530502 234878943.693 245337963.029 233643958.769 302381963.327 2458516.7064 2 17 1
-0.0884711842807 234542224.045 245120497.071 233181671.026 302404996.746 2458474.51607 1 10 1
-0.453277739973 235057765.212 245973477.023 233845078.283 304024307.482 2458453.2644 0 1 1
-0.104497601687 234684302.536 245271975.318 233514160.321 301937284.101 2458474.26652 1 6 1
-0.38308097148 236264921.537 246979812.576 235327402.944 302307295.711 2458516.64224 2 16 0
-0.456784946915 236226224.528 247609385.064 235375449.071 305201276.297 2458453.20978 0 0 0
-0.0964468515395 234771818.193 245425768.458 233561634.938 302116364.833 2458474.39188 1 8 1
-0.387332981688 236186264.886 246849668.835 235246767.045 301717645.07 2458516.57603 2 15 0
-0.435338037441 236470086.289 247761637.292 235480688.057 305615630.583 2458453.54374 0 5 0
-0.105159208729 234493884.611 245455375.902 233410441.337 302430795.413 2458474.25622 1 6 0
-0.436528921086 234852577.745 245763681.145 233479429.915 304289758.567 2458453.52519 0 5 1
-0.40068371018 233923657.223 244464787.218 232764808.355 301070419.607 2458516.36815 2 12 1
-0.0832928238811 236338007.671 247313852.64 235354867.958 304670672.824 2458474.5967 1 11 0
-0.400154430826 234735757.248 245007067.415 233592552.066 299899150.346 2458516.37639 2 12 1
-0.091533144005 236192076.074 247164351.099 235240234.03 303705907.409 2458474.46839 1 9 0
-0.391849630616 236145859.462 246849058.859 235179811.068 302637373.86 2458516.5057 2 14 0
-0.38680371283 236230824.369 246920845.717 235331677.941 302665349.834 2458516.58428 2 15 0
-0.0955206118777 236277768.746 247385288.542 235373214.298 303967576.424 2458474.4063 1 8 0
-0.0967114968685 234705430.461 245354716.746 233504459.673 301691109.915 2458474.38776 1 8 1
-0.436661243452 236109847.283 247449578.977 234960553.264 305551290.186 2458453.52313 0 5 0
-0.395837740973 236406297.041 247052583.783 235465747.048 302650272.563 2458516.4436 2 13 0
-0.444242100533 234865297.901 245923417.492 233663597.066 304835239.415 2458453.40509 0 3 1
-0.390658777235 234817027.014 245159877.863 233629405.856 300761499.888 2458516.52425 2 14 1
-0.0836897871795 234921873.168 245693635.824 233699698.396 303187426.207 2458474.59052 1 11 1
-0.400551389669 235399274.177 246091188.079 234474475.399 302039752.448 2458516.37021 2 12 0
-0.452880776974 236543679.155 247727668.448 235603312.16 304321964.534 2458453.27058 0 1 0
-0.100832016138 236319259.319 247117666.392 235324982.595 303219587.706 2458474.3236 1 7 0
-0.44344819185 234877971.775 245813575.374 233644463.755 304493501.448 2458453.41745 0 3 1
-0.387862259935 236076181.698 246662904.013 235066374.696 301830765.088 2458516.56779 2 15 0
-0.0959175683876 234768676.456 245346441.761 233565682.784 302295772.261 2458474.40012 1 8 1
-0.0871479709434 235028277.552 245775166.883 233883997.582 301966961.435 2458474.53667 1 10 1
-0.383742570388 234587498.443 244897811.088 233275275.1 300536226.745 2458516.63194 2 16 1
-0.457049585515 235960665.483 247300859.317 235122913.744 304128879.411 2458453.20566 0 0 0
-0.399360529051 235009619.15 245256410.669 233831838.372 300231909.388 2458516.38875 2 12 1
-0.104894564148 235513576.068 246568958.822 234571691.139 303292496.195 2458474.26034 1 6 0
-0.0924593915618 234642876.156 245174948.006 233402442.155 301687849.357 2458474.45397 1 9 1
-0.379622131474 236029555.193 246782768.034 234905566.925 302938878.912 2458516.6961 2 17 0
-0.0886035080517 235746764.879 246617711.352 234560413.916 303942542.296 2458474.51401 1 10 0
-0.444639062037 236209007.947 247407219.879 235215667.864 304182826.125 2458453.39891 0 3 0
-0.453674706651 236015602.305 247093461.784 234896545.851 304885386.615 2458453.25821 0 1 0
-0.395308472027 236478683.032 246988570.204 235513819.433 301732617.208 2458516.45185 2 13 0
-0.456387993066 235122208.775 246487718.42 234004192.618 306249483.978 2458453.21596 0 0 1
-0.386539081736 236249509.82 246906179.13 235343375.967 301243698.304 2458516.5884 2 15 0
-0.443977462352 234862471.788 245625055.125 233636547.829 302724121.935 2458453.40921 0 3 1
-0.100302730594 236431781.53 247281030.357 235468976.17 303787646.886 2458474.33184 1 7 0
-0.0880742148218 236124435.159 247084254.872 235138753.524 303493086.235 2458474.52225 1 10 0
-0.382419386926 234999418.246 245403354.047 233766990.556 301564452.985 2458516.65254 2 16 1
-0.0827635474579 236424329.4 247228560.854 235556625.894 303048772.219 2458474.60495 1 11 0
-0.453145418475 236430307.657 247728763.821 235501485.083 305478274.92 2458453.26646 0 1 0
-0.104365282043 236170511.516 247142422.448 235261882.108 303457476.706 2458474.26858 1 6 0
-0.383213290227 234750520.256 245269264.515 233524775.533 301761603.563 2458516.64018 2 16 1
-0.439194638319 235109827.518 245934279.495 233903387.857 303641681.655 2458453.48369 0 4 1
-0.456917265931 234793019.701 245830667.7 233707377.503 303623746.978 2458453.20772 0 0 1
-0.396367019311 236334678.394 247270186.158 235429518.026 303427948.621 2458516.43536 2 13 0
-0.391320356525 236215349.714 246780393.553 235250550.121 301969968.206 2458516.51395 2 14 0
-0.449421153958 235892242.491 246820714.57 234743820.964 302804889.943 2458453.32445 0 2 0
-0.378828211785 236351944.75 246933839.13 235326959.567 302338464.057 2458516.70846 2 17 0
-0.4363965989 236330070.366 247585260.102 235258355.744 305520911.594 2458453.52725 0 5 0
-0.40081603099 234056389.737 244819390.446 233049278.699 301067651.515 2458516.36609 2 12 0
-0.0834251443924 234943779.242 245759408.396 233761969.917 303435676.117 2458474.59464 1 11 1
-0.0874126093942 234827833.851 245529150.95 233615265.006 302418065.945 2458474.53255 1 10 1
-0.387465300435 234710575.422 245254010.002 233461496.111 302055779.264 2458516.57397 2 15 1
-0.101096662065 236276431.216 246955362.009 235299220.644 301783179.926 2458474.31948 1 7 0
-0.452748457031 235131062.859 246055705.864 233937395.261 304020736.191 2458453.27264 0 1 1
-0.392246591492 234608544.294 245129588.519 233311778.213 302428997.546 2458516.49952 2 14 1
