0 2458474.52843 8 54.215 0.0
1 2458453.33681 26 90.2887 7.5054918299
2 2458474.33596 22 58.6541 0.481673573869
3 2458453.40097 1 87.1245 7.94852166693
4 2458474.38364 6 54.8708 -2.28714334959
5 2458453.22009 1 90.387 8.17339708147
6 2458453.285 2 89.5649 9.16987705553
7 2458516.56573 1 35.1752 0.646801941086
8 2458474.40218 23 58.066 0.63882285924
9 2458474.53874 24 58.9682 0.743215145415
10 2458453.46514 20 90.7705 8.58883615773
11 2458516.64842 2 34.6738 -0.126116702322
12 2458516.37845 21 39.3034 -1.78174120916
13 2458516.71877 1 37.5503 1.0468884395
14 2458516.69816 4 36.0744 0.462958821227
15 2458474.44985 2 54.6527 -2.19914017978
16 2458453.39685 1 87.5219 5.8784014962
17 2458516.51807 21 39.7396 0.166175467692
18 2458453.33269 24 88.2108 6.33893924378
19 2458453.2036 1 87.424 4.88439019797
20 2458453.47957 2 87.7595 9.99094828157
21 2458516.63606 3 36.4386 0.172863484293
22 2458453.41333 10 88.0685 10.0004594888
23 2458516.56985 1 34.9314 0.0420936570016
24 2458474.53461 24 57.7754 0.117847102684
25 2458516.58222 1 34.9561 0.406474398775
26 2458474.39806 23 56.065 0.125095412268
27 2458474.58846 28 56.4403 -2.72754986689
28 2458516.37433 22 39.8612 -1.83636045114
29 2458474.27888 2 56.9961 3.02369191407
30 2458516.50158 24 38.6635 -0.411926456589
31 2458516.65048 25 39.538 -0.18570270927
32 2458516.72289 1 39.3038 2.0038794173
33 2458453.20154 26 87.5287 4.35718880774
34 2458474.60701 10 55.9528 1.3430956843
35 2458474.32772 25 56.7726 -0.831279987193
36 2458516.71258 19 38.7675 -0.473081009084
37 2458474.52637 25 56.636 -1.7332921872
38 2458474.58434 25 57.3462 -2.50797866308
39 2458453.26233 25 87.7606 4.93499297218
40 2458516.44773 31 38.7206 -2.00929787275
41 2458516.43948 28 38.9378 -0.909302533917
42 2458453.4569 20 90.8847 5.83747598046
43 2458453.2747 26 90.5068 0.0001
44 2458516.49746 25 40.3156 -0.345171095453
45 2458474.31536 24 57.2258 -2.14944560883
46 2458453.52932 1 87.9007 6.44057555552
47 2458516.6546 23 41.3493 0.385084790108
48 2458474.60082 28 57.4903 0.774677190199
49 2458516.50983 25 39.2054 -0.654876054652
50 2458453.32857 24 89.0973 4.53867703811
51 2458474.51813 23 58.0235 -2.6761897037
52 2458474.45809 1 54.3927 -1.30220051731
53 2458516.70228 2 36.7074 -0.176017849291
54 2458474.26446 25 57.563 -0.196820931799
55 2458516.43124 23 40.0372 -1.03495584153
56 2458516.62988 27 38.8779 0.0001
57 2458453.21802 25 91.484 7.70768515084
58 2458516.44567 1 36.4931 -0.424241452777
59 2458516.52219 26 39.9971 1.56741961985
60 2458474.33802 14 54.7307 1.29639843886
61 2458453.40303 26 90.1769 8.25317900096
62 2458516.64636 23 38.4518 -0.51750238689
63 2458474.46633 10 55.3275 0.156297723156
64 2458516.38051 1 36.455 -1.14422646507
65 2458516.7167 21 39.9509 0.158552509836
66 2458453.28294 37 91.8156 7.93463747439
67 2458516.50776 1 35.9678 -0.590782200178
68 2458474.27476 2 56.2345 2.45776200604
69 2458516.56367 22 39.258 -0.158089381744
70 2458474.40424 2 56.0529 1.4980159583
71 2458474.5408 8 58.3863 1.66723896001
72 2458474.38982 22 56.1548 -2.44164658909
73 2458516.634 21 39.5383 -0.581004387063
74 2458474.2624 4 53.6372 -0.748154155849
75 2458516.70022 21 39.2269 -0.715080071381
76 2458453.39479 22 88.0845 6.08903943188
77 2458474.34214 2 56.4566 2.73283566501
78 2458516.52013 1 37.132 1.7491466873
79 2458453.33063 17 85.8675 4.39160665416
80 2458474.5864 1 53.7866 -2.11188260439
81 2458516.37227 1 35.3232 -0.567451471916
82 2458453.53344 1 88.6962 7.05455690599
83 2458453.54992 3 88.6626 8.5828297115
84 2458474.32566 2 54.7572 -0.725626861134
85 2458516.45803 1 38.5727 1.28100259823
86 2458516.58015 25 39.5698 0.0001
87 2458474.396 1 53.6671 -0.18336083814
88 2458474.47457 15 56.3291 2.84109633787
89 2458516.72083 22 41.8323 1.23347807157
90 2458516.38257 22 38.3202 -0.396956644267
91 2458453.19948 1 85.5706 3.93345937738
92 2458474.44779 23 56.5139 -2.61510370844
93 2458474.27682 23 58.9679 1.49810085432
94 2458453.28088 2 87.7931 9.12083834946
95 2458516.50364 1 35.745 -0.270129602316
96 2458453.46308 1 86.4797 6.72446664529
97 2458474.58228 1 54.0173 -3.17938840875
98 2458516.44979 5 34.9864 -0.578082765641
99 2458474.27064 9 55.005 1.65686595021
100 2458516.58634 1 37.7237 1.29503058594
101 2458516.43742 1 35.8709 -0.427408349079
102 2458474.38158 25 56.4273 -1.99400523328
103 2458453.41127 24 91.2777 9.35016809447
104 2458516.71052 1 35.5078 -0.445644839519
105 2458474.46427 21 56.3402 -0.611339315464
106 2458474.52431 2 53.5074 -0.683407024098
107 2458453.53138 23 90.6451 7.13405486101
108 2458516.65667 1 37.8464 1.85340305804
109 2458474.59876 4 53.9545 0.610315777812
110 2458516.57191 25 38.1132 0.0909218108581
111 2458474.39394 24 55.8704 0.0001
112 2458453.53756 1 90.4199 7.52027775111
113 2458453.45896 3 86.5512 6.41373875042
114 2458453.27676 8 87.9725 7.64683715205
115 2458474.31742 1 54.5278 -1.75501065919
116 2458516.45391 1 37.7758 0.790320832191
117 2458453.21184 2 87.4857 6.15432154517
118 2458516.4333 1 36.459 -0.590433270078
119 2458516.63812 21 38.852 -0.205952763281
120 2458453.39273 3 85.2887 5.46448254813
121 2458474.52019 7 54.2639 -2.2636351776
122 2458516.70434 24 38.594 -0.682220914321
123 2458474.46015 25 56.7008 -1.51933106853
124 2458474.2727 22 58.0035 1.18297075533
125 2458516.71464 1 35.3993 -0.218769659077
126 2458474.47045 1 54.532 2.08357207534
127 2458516.6443 3 36.2187 -0.386726163028
128 2458474.53049 24 58.1899 -1.21535790963
129 2458474.3339 3 55.4838 1.12731079262
130 2458453.33887 2 88.113 8.06997678841
131 2458474.3857 21 57.1277 -2.54741291625
132 2458516.59046 2 38.385 2.26068019726
133 2458516.44154 1 36.4131 -0.929967107673
134 2458453.26852 3 84.5103 6.40028187975
135 2458516.45597 26 39.639 0.814764408079
136 2458474.32154 5 54.8771 -1.61751081928
137 2458453.41539 24 90.5747 10.5467525983
138 2458516.57809 9 35.4934 -0.391374902392
139 2458474.59258 24 56.5567 -1.42114966264
140 2458453.5355 22 91.9005 6.45756079206
141 2458474.45191 26 57.2247 -1.75346439898
142 2458516.51601 1 35.2835 -0.134213556551
143 2458453.33475 5 86.2851 6.23628566075
144 2458474.34008 26 57.9987 1.16549990412
145 2458453.48163 26 91.2839 9.38660206786
146 2458516.38669 24 39.1201 -0.907870523134
147 2458474.25828 1 54.5755 -0.505805722007
148 2458453.40715 22 91.2028 8.75893858831
149 2458474.32978 2 53.9513 -0.186259743488
150 2458474.46221 2 54.4548 0.380270480076
151 2458453.26027 1 85.3755 4.32666212804
152 2458474.58022 24 56.8895 -2.64225543111
153 2458453.2139 23 89.8317 0.0001
154 2458474.40836 21 54.3687 1.8636375398
155 2458453.46102 28 88.8255 5.40261347854
156 2458453.27882 25 91.1651 7.19192697656
157 2458516.38463 1 34.347 -0.854810938155
158 2458453.19742 24 87.1321 2.92272769067
159 2458474.47251 26 59.4414 1.15647416289
160 2458474.60289 10 54.2924 1.24737919207
161 2458516.51189 1 36.1925 -0.419925735368
162 2458453.32651 3 84.7651 4.62741920962
163 2458453.39067 19 88.5453 4.92880114373
164 2458474.45603 24 58.3507 -2.74415007665
165 2458516.7064 1 36.6665 -0.244794483252
166 2458474.51607 1 55.1237 -1.99105603449
167 2458453.2644 2 84.6417 4.85811405255
168 2458474.26652 1 54.9765 0.505126949609
169 2458516.64224 25 38.8669 -1.15004535945
170 2458453.20978 22 90.7533 6.52169524037
171 2458474.39188 5 54.23 -0.669224792698
172 2458516.57603 24 38.7632 -0.710319635465
173 2458453.54374 26 92.4753 9.258770543
174 2458474.25622 25 56.4679 -3.1658582549
175 2458453.52519 2 88.7311 6.25466959131
176 2458516.36815 1 35.5428 -0.958245154136
177 2458474.5967 28 57.3909 -0.892758689166
178 2458516.37639 1 35.5721 -0.894349528739
179 2458474.46839 27 58.8771 0.522380129763
180 2458516.5057 23 38.2118 -0.855760061238
181 2458516.58428 20 38.5967 0.0349182123727
182 2458474.4063 26 58.3438 0.903041867563
183 2458474.38776 2 53.6202 -2.08777866341
184 2458453.52313 27 91.2707 5.26678471922
185 2458516.4436 18 38.7401 -1.38345356032
186 2458453.40509 3 87.474 8.22031853346
187 2458516.52425 2 37.6505 3.45822311149
188 2458474.59052 3 54.1995 0.0001
189 2458516.37021 18 38.5945 -1.41608819736
190 2458453.27058 23 90.5524 0.0001
191 2458474.3236 24 57.4766 -2.9171221293
192 2458453.41745 2 88.3406 10.9082524432
193 2458516.56779 23 38.9362 0.180198085986
194 2458474.40012 9 55.8412 0.750333954478
195 2458474.53667 12 54.3489 0.542644892501
196 2458516.63194 1 36.519 0.782788609901
197 2458453.20566 24 91.1014 4.91236134195
198 2458516.38875 2 36.7008 0.369310771333
199 2458474.26034 23 55.5868 0.194281870579
200 2458474.45397 2 54.004 -1.93880682081
201 2458516.6961 24 40.4158 -0.487065758631
202 2458474.51401 25 57.0893 -2.52074266181
203 2458453.39891 27 89.814 7.74800702625
204 2458453.25821 24 87.5241 3.70251892143
205 2458516.45185 22 39.146 -0.315367603764
206 2458453.21596 3 88.6734 7.41264477841
207 2458516.5884 18 41.4268 1.22938008768
208 2458453.40921 3 87.4712 9.97546183599
209 2458474.33184 22 56.4874 -0.458303524057
210 2458474.52225 24 57.3046 -1.96842180922
211 2458516.65254 6 37.8986 1.40116314515
212 2458474.60495 24 57.8843 0.83076828621
213 2458453.26646 24 86.9419 5.67530818056
214 2458474.26858 28 57.3072 0.105920606183
215 2458516.64018 5 35.4523 -1.04518641291
216 2458453.48369 2 87.8956 9.92155462068
217 2458453.20772 2 88.2459 6.67023839511
218 2458516.43536 24 39.3819 -1.45507374156
219 2458516.51395 23 38.7685 -0.339454394778
220 2458453.32445 25 88.0987 3.91497820102
221 2458516.70846 28 39.111 -0.975112892483
222 2458453.52725 23 91.7144 5.30279685431
223 2458516.36609 19 38.9511 -1.57919020317
224 2458474.59464 4 53.4811 -0.630218124515
225 2458474.53255 6 53.6665 0.110789612669
226 2458516.57397 1 36.3489 0.159002384903
227 2458474.31948 23 57.6738 -2.29393401686
228 2458453.27264 1 88.2337 6.97203487162
229 2458516.49952 1 37.1891 0.0265145258483
