-0.0876772498188 595168837.287 633602461.593 594851802.253 648666772.418 2458474.52843 1 10 1
-0.44862722455 580512724.883 612060330.392 579568466.619 646514008.194 2458453.33681 0 2 0
-0.100038091365 581124663.461 611864116.902 580570656.29 640682630.137 2458474.33596 1 7 0
-0.444506740988 594767768.491 632464555.55 594401963.477 646236457.513 2458453.40097 0 3 1
-0.0969761435732 594389897.649 634503314.169 594042240.695 652305828.885 2458474.38364 1 8 1
-0.456123359071 596226369.405 634822002.68 595877200.524 648896610.019 2458453.22009 0 0 1
-0.451954548467 595795457.644 634331836.939 595496326.314 648308401.499 2458453.285 0 1 1
-0.387994580626 596297428.736 633185955.44 595953668.025 646691708.011 2458516.56573 2 15 1
-0.0957852490426 580406942.417 611286295.058 579564577.821 644778192.626 2458474.40218 1 8 0
-0.0870156525553 580886296.399 611614591.507 579944599.23 645878381.167 2458474.53874 1 10 0
-0.440385508866 579920385.844 610524161.763 579024171.099 641253657.488 2458453.46514 0 4 0
-0.382684018977 597006248.016 633945109.543 596641215.122 647893053.333 2458516.64842 2 16 1
-0.400022112348 582172534.126 611884757.148 581259687.737 645376439.302 2458516.37845 2 12 0
-0.378166627291 597162689.668 633467078.958 596802353.61 646384387.273 2458516.71877 2 17 1
-0.379489810634 596801716.22 633692877.364 596470986.733 647596428.19 2458516.69816 2 17 1
-0.0927240382665 594023231.621 630956020.755 593677834.176 652056294.013 2458474.44985 1 9 1
-0.444771383506 594748019.456 634584274.294 594409665.266 649714385.328 2458453.39685 0 3 1
-0.391055723337 582393601.197 612853140.71 581549398.323 645916252.937 2458516.51807 2 14 0
-0.448891866051 579787508.877 612549646.435 578965574.963 645385885.098 2458453.33269 0 2 0
-0.457181905638 594495181.866 632865211.263 594164822.638 647188519.872 2458453.2036 0 0 1
-0.439459272733 595258406.949 633920189.884 594892092.775 648705859.917 2458453.47957 0 4 1
-0.383477929425 596626997.46 633495131.945 596267576.612 647732087.608 2458516.63606 2 16 1
-0.443712826233 594859078.153 635309376.282 594512184.659 652750849.133 2458453.41333 0 3 1
-0.387729939663 596789314.645 633753841.801 596451724.899 647948510.961 2458516.56985 2 15 1
-0.0872802897501 580789701.743 612260568.011 579963668.894 645309895.301 2458474.53461 1 10 0
-0.386936029155 596991313.429 634047993.48 596636104.342 648004909.705 2458516.58222 2 15 1
-0.0960498882709 580657665.787 611856165.586 580055093.446 640599115.708 2458474.39806 1 8 0
-0.0838221094552 580361326.451 611341306.982 579524917.014 645423228.103 2458474.58846 1 11 0
-0.400286749902 581600897.194 612829936.11 580825385.492 644097316.123 2458516.37433 2 12 0
-0.103703690581 595454648.862 632860307.809 595111690.702 647025732.648 2458474.27888 1 6 1
-0.392114270801 582469304.993 613226716.753 581628660.077 646163283.187 2458516.50158 2 14 0
-0.382551702682 582850617.237 613723084.298 581991665.872 645299750.041 2458516.65048 2 16 0
-0.377901997035 597571330.773 634452313.878 597257609.086 648219324.592 2458516.72289 2 17 1
-0.457314226328 578893946.1 611721093.652 578120590.022 644428985.763 2458453.20154 0 0 0
-0.0826312294287 595304489.344 636515761.468 594968478.522 653433216.762 2458474.60701 1 11 1
-0.100567372184 580905100.43 611586931.774 579959521.124 645382413.294 2458474.32772 1 7 0
-0.378563576146 582722670.907 613271018.575 581847840.413 646472040.303 2458516.71258 2 17 0
-0.0878095708983 580221464.37 612083554.21 579512355.747 645169521.189 2458474.52637 1 10 0
-0.0840867553824 580316301.842 611198359.827 579420641.488 644173077.466 2458474.58434 1 11 0
-0.45341006183 580924335.962 611249836.838 580080655.094 641788343.364 2458453.26233 0 1 0
-0.395573105304 583026677.565 613674482.3 582200423.512 645679337.951 2458516.44773 2 13 0
-0.396102379095 582677276.638 613709772.363 582008657.432 645083371.346 2458516.43948 2 13 0
-0.440914796832 579512897.202 611113725.335 578518236.296 644705495.26 2458453.4569 0 4 0
-0.452616137686 nan nan 580413908.965 645586901.849 2458453.2747 0 1 0
-0.392378912362 581077201.79 611937522.838 580134081.107 644634391.233 2458516.49746 2 14 0
-0.101361309338 579778726.842 611137479.696 579075199.52 642722955.387 2458474.31536 1 7 0
-0.436264276983 595072596.973 633786480.503 594723702.672 647764012.644 2458453.52932 0 5 1
-0.382287071289 582919977.084 613756879.102 582055371.223 646462107.493 2458516.6546 2 16 0
-0.0830281846527 580961533.002 610860151.226 580100304.89 642074128.583 2458474.60082 1 11 0
-0.391584992524 582393489.473 613345152.591 581566976.589 645517418.077 2458516.50983 2 14 0
-0.449156509437 580324272.132 612692430.016 579503959.193 645068251.844 2458453.32857 0 2 0
-0.0883388608088 579888652.636 610791851.222 578994876.017 643971981.77 2458474.51813 1 10 0
-0.0921947465318 594280373.63 631549407.226 593944411.634 644757600.621 2458474.45809 1 9 1
-0.379225169671 596996030.46 633789607.467 596644584.191 647068515.715 2458516.70228 2 17 1
-0.104629921899 579499297.748 611921814.956 578982643.786 642506818.556 2458474.26446 1 6 0
-0.396631660901 581520761.389 611581755.629 580872410.347 644328544.424 2458516.43124 2 13 0
-0.383874891258 nan nan 580466265.921 640689690.496 2458516.62988 2 16 0
-0.456255675934 581155425.264 612476039.74 580240218.181 646049342.501 2458453.21802 0 0 0
-0.395705422795 597796847.472 634827936.032 597433791.429 648947408.024 2458516.44567 2 13 1
-0.390791092184 582487855.739 613390370.476 581674514.366 645277837.714 2458516.52219 2 14 0
-0.0999057725884 596173374.141 636096924.016 595828696.673 655034628.665 2458474.33802 1 7 1
-0.444374420476 580346197.432 611292689.867 579471414.63 641163417.153 2458453.40303 0 3 0
-0.38281633584 582666661.598 613725250.537 581846037.35 645861383.312 2458516.64636 2 16 0
-0.09166546335 594690804.442 633247656.34 594308800.285 653269244.771 2458474.46633 1 9 1
-0.399889794528 596494884.026 633942310.604 596109811.472 647541087.723 2458516.38051 2 12 1
-0.378298943018 582629233.471 612641739.324 581737860.945 645110187.363 2458516.7167 2 17 0
-0.452086865449 581444314.219 613682604.687 580710170.564 647861744.519 2458453.28294 0 1 0
-0.39171731127 597139755.122 635100823.264 596786145.297 649717967.76 2458516.50776 2 14 1
-0.103968326161 595302042.355 632712651.308 594946501.846 646490007.553 2458474.27476 1 6 1
-0.388126901496 581592518.844 610469164.237 580670813.439 640049342.279 2458516.56367 2 15 0
-0.0956529302657 594760474.365 632786675.409 594427814.424 646964175.155 2458474.40424 1 8 1
-0.0868833345261 595458201.339 634793621.774 595063462.721 652893029.739 2458474.5408 1 10 1
-0.0965791741442 580480327.143 612718456.472 579858433.814 644104107.593 2458474.38982 1 8 0
-0.383610249727 582004331.348 612371044.487 581195764.681 645111907.314 2458516.634 2 16 0
-0.104762242739 594344255.274 631647999.185 594005230.319 646170215.171 2458474.2624 1 6 1
-0.379357489973 582702984.98 613593307.363 581846730.436 646141758.671 2458516.70022 2 17 0
-0.444903705393 580482580.321 612027643.394 579517195.663 646550658.044 2458453.39479 0 3 0
-0.099641136201 595770740.103 633401815.358 595460447.085 647518151.444 2458474.34214 1 7 1
-0.390923407521 596887315.647 634069694.982 596539078.534 648222512.3 2458516.52013 2 14 1
-0.44902418755 594914037.869 631527020.73 594526364.6 653988527.615 2458453.33063 0 2 1
-0.0839544322095 595150163.57 632603698.122 594796088.864 646421435.569 2458474.5864 1 11 1
-0.400419069546 595650879.481 632666077.756 595315162.798 647338051.229 2458516.37227 2 12 1
-0.435999634465 595222272.657 633527346.876 594885188.441 647362646.345 2458453.53344 0 5 1
-0.434941085208 595378323.274 633494082.418 595016642.826 647223081.221 2458453.54992 0 5 1
-0.100699693862 595102789.241 633487362.115 594793789.588 648111489.81 2458474.32566 1 7 1
-0.394911525924 597347579.284 634104550.944 596992943.271 647539584.887 2458516.45803 2 13 1
-0.387068346048 nan nan 581477895.915 646631015.908 2458516.58015 2 15 0
-0.0961822087524 595051397.87 632661151.02 594698028.665 646286695.006 2458474.396 1 8 1
-0.0911361888408 594900398.42 633518483.462 594490523.58 652502196.59 2458474.47457 1 9 1
-0.378034311984 582410333.851 613358982.221 581743875.524 645226773.312 2458516.72083 2 17 0
-0.399757477307 582830614.61 614092611.814 582031415.348 646592701.517 2458516.38257 2 12 0
-0.457446547498 593412272.772 631183089.112 593063075.595 646276250.226 2458453.19948 0 0 1
-0.0928563619777 579593469.095 610618476.132 578585558.311 644883763.771 2458474.44779 1 9 0
-0.103836008281 580804361.403 612098644.487 579951024.054 645095218.531 2458474.27682 1 6 0
-0.452219182821 596318721.395 634715732.01 595962116.32 648873490.396 2458453.28088 0 1 1
-0.391981950499 596508018.388 633413833.56 596162307.463 647389720.941 2458516.50364 2 14 1
-0.440517830364 594813445.419 633069775.994 594467345.814 646735051.616 2458453.46308 0 4 1
-0.0842190789142 594795169.837 632010695.165 594455708.88 645898013.327 2458474.58228 1 11 1
-0.395440788381 597662173.171 634900772.006 597345028.032 649074680.838 2458516.44979 2 13 1
-0.104232962937 595025216.482 635079868.981 594657286.721 652281063.942 2458474.27064 1 6 1
-0.386671397074 596810458.105 634567577.338 596451067.595 648810389.87 2458516.58634 2 15 1
-0.396234699009 597470995.01 635073408.271 597111424.612 650169155.881 2458516.43742 2 13 1
-0.0971084673143 579398679.568 609570336.655 578281645.265 643730176.919 2458474.38158 1 8 0
-0.443845144053 580666642.641 613040542.103 579858063.357 645774944.779 2458453.41127 0 3 0
-0.378695893637 597743638.334 634987521.452 597393389.361 649309207.778 2458516.71052 2 17 1
-0.0917977832632 579909860.274 609846879.271 579525840.765 642283425.187 2458474.46427 1 9 0
-0.0879418926059 594258430.487 631464916.681 593903298.322 645690249.132 2458474.52431 1 10 1
-0.436131955515 580733826.824 612306601.031 579995302.905 644602740.323 2458453.53138 0 5 0
-0.38215475634 597361829.726 634767724.22 597037804.838 648964922.599 2458516.65667 2 16 1
-0.0831605039977 595827062.246 634158429.828 595510527.259 649959807.898 2458474.59876 1 11 1
-0.38759761978 582342698.626 612621285.184 581722113.513 643250562.433 2458516.57191 2 15 0
-0.0963145298618 nan nan 579524069.418 636591990.236 2458474.39394 1 8 0
-0.435734993981 595364169.898 633907690.143 595075276.715 648467658.526 2458453.53756 0 5 1
-0.440782474437 594819976.048 634438572.117 594462310.313 649428213.847 2458453.45896 0 4 1
-0.452483818849 596129309.074 638565765.018 595791175.733 655885206.57 2458453.27676 0 1 1
-0.101228985597 594934175.315 632416764.92 594576311.224 647080357.833 2458474.31742 1 7 1
-0.39517615627 597908505.983 635303102.315 597546411.652 649377786.406 2458516.45391 2 13 1
-0.456652628497 595732509.192 634010072.421 595420594.077 648679359.148 2458453.21184 0 0 1
-0.396499340001 596873734.444 633408133.015 596522314.015 647229958.527 2458516.4333 2 13 1
-0.383345609572 582346747.178 612686404.245 581485446.721 643398717.146 2458516.63812 2 16 0
-0.445036027549 594593477.197 633201810.128 594236417.388 649122340.427 2458453.39273 0 3 1
-0.0882065376059 594599332.622 631046493.896 594236280.716 653199847.92 2458474.52019 1 10 1
-0.379092849818 582885852.664 612007765.837 582036105.397 640283054.606 2458516.70434 2 17 0
-0.0920624248541 580228033.108 611109914.776 579342618.869 644777150.967 2458474.46015 1 9 0
-0.104100644369 580831101.009 612560096.385 580051304.002 644756508.754 2458474.2727 1 6 0
-0.378431259313 597479260.8 634755751.192 597141928.933 648624357.288 2458516.71464 2 17 1
-0.0914008252281 594719732.622 632147008.783 594400129.14 646372013.997 2458474.47045 1 9 1
-0.382948653361 597055620.24 634074888.752 596700350.698 647552402.865 2458516.6443 2 16 1
-0.0875449293074 579985565.23 610949527.632 579248184.892 648026726.304 2458474.53049 1 10 0
-0.10017041071 595553910.051 634176883.073 595224056.537 648363376.328 2458474.3339 1 7 1
-0.448494904607 595233222.039 633935668.15 594884167.077 649023296.848 2458453.33887 0 2 1
-0.0968438200713 579906615.84 609374863.022 579035920.971 639139586.576 2458474.3857 1 8 0
-0.386406766787 597040593.195 633893400.217 596676103.099 647898489.573 2458516.59046 2 15 1
-0.39597005972 597812637.632 634804378.794 597448625.0 649372262.567 2458516.44154 2 13 1
-0.453013097485 595810399.395 635783162.593 595478963.188 649760480.176 2458453.26852 0 1 1
-0.395043840903 582703955.338 613104259.624 581849457.518 645739172.502 2458516.45597 2 13 0
-0.100964338892 595595346.436 635029756.368 595305037.212 649699930.155 2458474.32154 1 7 1
-0.443580508892 580656848.463 612940844.274 579819697.715 645802955.557 2458453.41539 0 3 0
-0.387200663539 596862468.718 634638057.539 596524828.271 649214098.551 2458516.57809 2 15 1
-0.0835574655018 580533951.808 611203697.489 579616951.45 644069407.907 2458474.59258 1 11 0
-0.435867313954 581113210.376 612919174.524 580238984.725 647119963.129 2458453.5355 0 5 0
-0.0925917147347 579727051.447 609228194.7 578843366.501 638462460.286 2458474.45191 1 9 0
-0.391188039632 597031957.261 634159254.378 596665247.03 648450980.857 2458516.51601 2 14 1
-0.448759545062 595381885.845 634232222.382 595029277.344 649951417.605 2458453.33475 0 2 1
-0.0997734542003 581256331.095 611935583.076 580377784.701 645547351.602 2458474.34008 1 7 0
-0.439326955362 581054122.824 612663218.177 580130957.112 645844777.332 2458453.48163 0 4 0
-0.399492844628 582651642.851 613966221.876 581845486.79 646533080.433 2458516.38669 2 12 0
-0.105026886184 591884266.127 629119765.369 591544722.148 644126648.109 2458474.25828 1 6 1
-0.444109781128 580810098.872 612069108.368 579940386.777 642816411.933 2458453.40715 0 3 0
-0.100435051075 595770134.652 634322385.483 595415102.513 649514256.102 2458474.32978 1 7 1
-0.0919301037447 594249854.938 632095131.122 593918021.048 646872135.631 2458474.46221 1 9 1
-0.453542384316 595227935.78 632816653.401 594855338.955 647165618.668 2458453.26027 0 1 1
-0.0843514026553 579833787.316 610796114.817 578848092.713 644882139.176 2458474.58022 1 11 0
-0.456520310527 nan nan 580743337.744 642891886.911 2458453.2139 0 0 0
-0.0953882938784 594949578.671 631783463.391 594659157.97 653023776.753 2458474.40836 1 8 1
-0.440650152251 580197795.627 612031347.608 579274291.748 645979374.604 2458453.46102 0 4 0
-0.452351500611 581399558.048 612703498.92 580502918.04 645639567.686 2458453.27882 0 1 0
-0.399625160653 596958384.705 634533558.713 596591993.438 648785957.554 2458516.38463 2 12 1
-0.457578869116 575529924.368 607931147.531 574830542.624 640508920.547 2458453.19742 0 0 0
-0.0912685068401 580627903.396 612530722.818 579970348.956 646654617.119 2458474.47251 1 9 0
-0.0828958658459 595219816.63 634709009.169 594847280.415 653366925.53 2458474.60289 1 11 1
-0.391452674016 596933884.639 633503753.052 596576975.295 646669572.217 2458516.51189 2 14 1
-0.449288831593 594793275.855 634500208.13 594435337.844 649572272.551 2458453.32651 0 2 1
-0.445168349944 579429161.903 610805129.015 578312415.687 645122623.75 2458453.39067 0 3 0
-0.0923270688075 580297927.927 610923890.906 579375309.096 643700451.446 2458474.45603 1 9 0
-0.378960530502 597599665.351 634843562.484 597287233.582 649661559.73 2458516.7064 2 17 1
-0.0884711842807 594366506.889 632074823.82 594013477.195 647602576.393 2458474.51607 1 10 1
-0.453277739973 595754960.233 634342093.823 595411688.639 648793702.879 2458453.2644 0 1 1
-0.104497601687 594972412.662 632217810.288 594631806.843 646789255.488 2458474.26652 1 6 1
-0.38308097148 582298537.901 613492344.996 581480936.857 645529078.325 2458516.64224 2 16 0
-0.456784946915 580590811.154 613488339.429 579982882.174 646600731.978 2458453.20978 0 0 0
-0.0964468515395 594623567.518 634548146.27 594264759.029 648917745.861 2458474.39188 1 8 1
-0.387332981688 582219631.739 612178281.188 581336776.395 645077819.983 2458516.57603 2 15 0
-0.435338037441 581338404.643 612608800.529 580696576.512 643134949.873 2458453.54374 0 5 0
-0.105159208729 577010567.255 608548793.488 576152991.005 642941249.798 2458474.25622 1 6 0
-0.436528921086 595119461.512 633639168.56 594764473.104 648715937.0 2458453.52519 0 5 1
-0.40068371018 594008830.662 631853280.366 593663696.13 646526543.301 2458516.36815 2 12 1
-0.0832928238811 580566017.705 610628576.356 579639492.209 644376723.387 2458474.5967 1 11 0
-0.400154430826 596245587.96 632617146.701 595891824.733 645849773.254 2458516.37639 2 12 1
-0.091533144005 580268773.718 610954182.324 579413363.412 644567992.355 2458474.46839 1 9 0
-0.391849630616 582338365.273 612223013.755 581724179.854 641323032.057 2458516.5057 2 14 0
-0.38680371283 582229642.742 613356901.895 581430641.136 645904643.732 2458516.58428 2 15 0
-0.0955206118777 580592571.015 612163035.718 579802353.525 644586841.879 2458474.4063 1 8 0
-0.0967114968685 594842508.998 633024637.262 594518218.811 647172471.935 2458474.38776 1 8 1
-0.436661243452 580008959.726 611395251.639 579232599.575 642214262.066 2458453.52313 0 5 0
-0.395837740973 582857691.63 612862881.162 582033381.546 646338658.667 2458516.4436 2 13 0
-0.444242100533 594818492.828 633311374.998 594486420.999 646987459.709 2458453.40509 0 3 1
-0.390658777235 596951553.754 633585261.445 596590095.152 646963487.985 2458516.52425 2 14 1
-0.0836897871795 nan nan 594388262.461 647662917.056 2458474.59052 1 11 1
-0.400551389669 580698038.414 611521966.026 579847010.73 644359311.812 2458516.37021 2 12 0
-0.452880776974 nan nan 580439421.015 643011108.128 2458453.27058 0 1 0
-0.100832016138 580714411.82 610551784.384 579898173.227 640026640.771 2458474.3236 1 7 0
-0.44344819185 595132266.342 633353819.548 594784422.742 647764636.57 2458453.41745 0 3 1
-0.387862259935 582005799.034 612046839.635 581099438.94 645886475.303 2458516.56779 2 15 0
-0.0959175683876 594991903.659 635624375.65 594659624.005 650647801.759 2458474.40012 1 8 1
-0.0871479709434 595962466.1 637340739.198 595635514.361 654516680.125 2458474.53667 1 10 1
-0.383742570388 596473248.766 633049816.523 596142496.512 647218169.24 2458516.63194 2 16 1
-0.457049585515 579904892.625 611450813.79 579032623.35 644388434.93 2458453.20566 0 0 0
-0.399360529051 596965494.962 633987312.133 596607009.089 647577733.042 2458516.38875 2 12 1
-0.104894564148 579173232.965 609538971.188 578796802.67 640743272.915 2458474.26034 1 6 0
-0.0924593915618 594437957.347 632475304.851 594148400.829 648006360.194 2458474.45397 1 9 1
-0.379622131474 581714891.119 613386660.3 580945967.308 645423985.085 2458516.6961 2 17 0
-0.0886035080517 579436181.829 609107557.853 578459030.424 640454935.364 2458474.51401 1 10 0
-0.444639062037 580047031.344 612067760.734 579182855.784 645250413.077 2458453.39891 0 3 0
-0.453674706651 580064539.026 611384014.062 579422416.592 640265355.279 2458453.25821 0 1 0
-0.395308472027 583014744.179 613986049.56 582218619.431 645658146.444 2458516.45185 2 13 0
-0.456387993066 595651851.174 634911598.014 595308291.355 649346646.277 2458453.21596 0 0 1
-0.386539081736 582236842.886 611603329.293 581231990.842 644691035.046 2458516.5884 2 15 0
-0.443977462352 594833201.723 633010232.464 594460705.23 647151647.065 2458453.40921 0 3 1
-0.100302730594 581134683.602 610877324.476 580159235.664 645535190.575 2458474.33184 1 7 0
-0.0880742148218 580208900.172 611508345.891 579345884.736 644284442.227 2458474.52225 1 10 0
-0.382419386926 597421887.95 635008313.83 597062319.855 650127969.563 2458516.65254 2 16 1
-0.0827635474579 581102231.348 611253067.822 580254818.941 642017180.84 2458474.60495 1 11 0
-0.453145418475 580857719.148 613169190.063 580061607.37 646604664.112 2458453.26646 0 1 0
-0.104365282043 580233919.423 610909232.41 579301806.102 644542345.552 2458474.26858 1 6 0
-0.383213290227 596613093.259 635378438.765 596266712.317 649082482.818 2458516.64018 2 16 1
-0.439194638319 595731480.061 634197027.29 595386739.786 648650693.99 2458453.48369 0 4 1
-0.456917265931 594783535.546 632556828.634 594446023.8 646513541.745 2458453.20772 0 0 1
-0.396367019311 582481199.677 612516789.75 581541461.957 647408273.642 2458516.43536 2 13 0
-0.391320356525 582772018.858 612622968.955 581843498.198 646002210.449 2458516.51395 2 14 0
-0.449421153958 579146171.066 610627789.497 578097124.732 644604604.237 2458453.32445 0 2 0
-0.378828211785 582425399.92 611413563.021 581589205.596 639861420.483 2458516.70846 2 17 0
-0.4363965989 580790535.136 611266004.475 579900983.586 641492869.537 2458453.52725 0 5 0
-0.40081603099 577623438.99 608351913.535 576787388.813 640221433.5 2458516.36609 2 12 0
-0.0834251443924 595801142.369 633883664.275 595475871.956 649487483.842 2458474.59464 1 11 1
-0.0874126093942 594547295.859 629380393.917 594162090.162 648055871.424 2458474.53255 1 10 1
-0.387465300435 596932258.353 634090635.489 596582579.944 648712558.772 2458516.57397 2 15 1
-0.101096662065 580361866.474 610936111.682 579469542.755 643785186.442 2458474.31948 1 7 0
-0.452748457031 595680483.1 633556503.79 595350883.546 647422779.857 2458453.27264 0 1 1
-0.392246591492 596639270.626 633779295.213 596277804.191 648437195.386 2458516.49952 2 14 1
