0 2458474.5284333876 21 54.21501 0.0
1 2458453.336809141 28 90.28873 7.7783696755205565
2 2458474.3359602517 26 58.65406 0.902909219366256
3 2458811.336585117 40 110.46303 3.048007574189128
4 2458453.4009700147 22 87.12448 7.9530327678137835
5 2458811.2497720066 40 110.63428 -2.136187394309231
6 2458474.383638453 21 54.87076 -1.627877410658959
7 2458453.2200853312 18 90.38699 8.334436326323727
8 2458811.270375752 27 110.05007 1.961118591106468
9 2458811.3180417814 17 105.377365 -0.007019984487106293
10 2458453.284998715 18 89.564896 9.412258944293518
11 2458516.565732166 22 35.175194 1.0261786743562562
12 2458474.40218211 28 58.065952 1.1827182201144748
13 2458811.53318755 20 107.8012 5.4277912819486165
14 2458474.538735251 40 58.96821 1.229557307438675
15 2458453.4651425444 31 90.77052 7.126387816129047
16 2458516.6484239837 19 34.673767 0.150002753630778
17 2458516.378449064 28 39.303432 -1.3292954605852805
18 2458516.718765193 20 37.55034 1.4086030703189225
19 2458516.6981616407 18 36.074356 0.913740793474305
20 2458474.4498488354 26 54.65268 -1.3697505022201943
21 2458453.396849213 16 87.52193 6.137374756426573
22 2458516.518066501 24 39.739616 0.4950754500673279
23 2458453.3326883554 28 88.21077 5.821870529918935
24 2458453.203602491 19 87.42395 5.750430507730549
25 2458811.2538928133 31 109.043884 -1.3249018258878575
26 2458453.4795651524 21 87.75953 10.183266346335126
27 2458516.6360618453 26 36.43863 0.5342493225007616
28 2458811.266255071 21 111.09234 1.096973507203332
29 2458811.516704542 23 105.963974 2.236696347541962
30 2458453.41333222 17 88.06853 10.416301181820563
31 2458516.5698529435 26 34.931435 0.8161610573692566
32 2458474.5346145323 49 57.775394 0.6451228221503862
33 2458516.582215083 24 34.956055 0.9709586248732656
34 2458811.522885729 28 110.40777 3.038962782492801
35 2458474.3980613598 27 56.065033 0.04165479640104832
36 2458474.5884625493 32 56.44027 -2.416371726001622
37 2458516.37432834 31 39.861225 -1.2483668068757234
38 2458474.2788824732 18 56.99611 3.073857406193225
39 2458516.5015836465 28 38.6635 -0.08501597277678521
40 2458811.471087347 18 108.35214 4.827487428300579
41 2458516.650484307 29 39.537983 0.5008004578229593
42 2458516.722885804 20 39.303787 2.3505524553844444
43 2458453.201542099 29 87.52867 4.950659496530661
44 2458474.6070059803 28 55.95278 2.0290459170676907
45 2458474.3277187143 42 56.77256 -0.524220759336599
46 2458811.4546044767 17 107.393036 1.9835830354688275
47 2458516.712584223 24 38.767494 -0.4771030784092023
48 2458474.5263729896 31 56.635963 -1.3032073169386527
49 2458474.5843416946 37 57.346207 -2.4484420741490616
50 2458453.2623346252 36 87.7606 4.714999018481982
51 2458516.4477254427 40 38.720585 -1.3039247965260574
52 2458811.5373082156 27 109.18259 5.935255013532347
53 2458516.4394840146 31 38.937836 -0.8863589463886682
54 2458811.5187649443 36 108.26401 2.4323981393566436
55 2458453.4569008956 32 90.88472 6.306637310036221
56 2458453.274696977 30 90.506775 7.30079808639958
57 2458516.49746286 37 40.315575 0.2651102782526928
58 2458474.31535616 33 57.225765 -1.678728894533068
59 2458811.3345247805 18 108.17851 3.001851737163248
60 2458811.198459836 29 111.772675 -0.7871568588075931
61 2458453.5293150702 16 87.90073 6.376477152721208
62 2458516.6546049356 33 41.349323 1.037826979336655
63 2458811.400745636 20 108.61066 3.0773413371338005
64 2458474.600824911 40 57.490273 0.6545091032614149
65 2458811.4587252466 26 107.656136 2.7383038078823247
66 2458811.390443822 37 111.00637 1.3823689485013175
67 2458516.5098251444 37 39.205376 -0.28011660883888306
68 2458453.3285675403 27 89.097305 4.852404566088461
69 2458474.5181313106 30 58.023514 -2.2307544380561306
70 2458474.458090543 19 54.392704 -0.9198153871047223
71 2458516.702282418 28 36.707405 0.45269692565917014
72 2458474.26445994 32 57.562996 0.10393413980676756
73 2458516.431242462 28 40.037178 -0.6125884863723721
74 2458516.6298806733 40 38.87795 0.23029662873625928
75 2458453.218024999 31 91.48401 7.468930114711509
76 2458516.4456651006 24 36.493057 -0.06462506567122173
77 2458811.2724360805 15 108.48302 2.555928444572406
78 2458516.5221871254 33 39.997086 1.5613550120218709
79 2458474.338020614 26 54.730717 2.007832910439714
80 2458453.403030404 32 90.176895 7.900744706567992
81 2458516.6463636514 30 38.45179 -0.2286702867325574
82 2458474.466332117 23 55.327477 1.0131672505400617
83 2458516.3805094115 25 36.455017 -0.4339161591737309
84 2458516.7167048785 27 39.95092 0.16720718641523052
85 2458453.2829383807 46 91.81564 8.329537553395948
86 2458516.5077647828 24 35.96785 0.24555585246941977
87 2458474.2747617797 23 56.234467 2.619933411734222
88 2458516.5636717714 29 39.25803 0.8003465102352647
89 2458474.4042424723 24 56.05288 1.9412930462166096
90 2458811.5311272047 25 110.75011 4.6825935394117
91 2458474.5407956014 22 58.386284 2.1776322020630925
92 2458474.3898197436 28 56.15483 -1.5409349302767106
93 2458811.255953209 26 107.343124 -0.5063609116377427
94 2458516.6340014595 28 39.538326 -0.25079338730480233
95 2458811.2641947176 18 107.1976 1.0373559812894073
96 2458474.262399546 27 53.637184 -0.21537412114894297
97 2458516.700222032 27 39.22692 -0.4275052101757681
98 2458453.3947888026 27 88.08451 5.664282362094148
99 2458811.4628459825 22 107.00984 3.6407293753484655
100 2458474.34214132 23 56.45665 2.718421948671632
101 2458516.520126817 20 37.132042 2.280438921224611
102 2458453.330627951 21 85.867485 5.3968747259679555
103 2458811.3925042027 27 107.48274 1.9638181481106094
104 2458474.586402125 19 53.786644 -1.5969004316351816
105 2458811.2005201876 22 108.724686 0.012081515019128476
106 2458516.3722679643 19 35.32324 -0.3925587373804937
107 2458453.533435872 23 88.69618 7.555090238688686
108 2458811.5146441357 32 109.57933 1.4562431924585524
109 2458453.549918754 23 88.66255 9.63300499703387
110 2458474.325658307 22 54.757195 -0.6980932821618079
111 2458516.4580270275 23 38.572662 1.9637586359859869
112 2458811.324222967 26 110.153915 0.872582957980312
113 2458516.58015475 27 39.569763 -0.10461752576879287
114 2458811.5249461103 27 107.34792 3.9050107082402237
115 2458474.396000971 21 53.667107 0.17648258764893507
116 2458474.4745735563 32 56.329117 2.7799020714198375
117 2458516.7208255013 31 41.832302 1.1062872914161896
118 2458516.3825697494 31 38.320248 -1.1152216627929061
119 2458453.1994816996 15 85.57064 4.624611744854116
120 2458811.1922787274 19 108.39854 -1.4370957602062306
121 2458474.4477883964 29 56.51386 -1.7967849982489104
122 2458811.3159813755 36 108.19624 -1.2144935017298064
123 2458474.276822128 29 58.9679 2.0222497130043475
124 2458453.2808780405 17 87.79311 9.272745524643037
125 2458516.5036440324 22 35.745033 0.709467011056586
126 2458453.46308214 18 86.47969 7.141184122413197
127 2458474.5822812584 20 54.017315 -2.32704371143875
128 2458516.449785776 33 34.986404 0.3484048875635166
129 2458474.2706410675 22 55.005005 1.7569559105546853
130 2458516.586335722 19 37.723732 1.992723426650046
131 2458811.535247886 35 110.92787 5.276438806658135
132 2458811.208761513 18 113.211945 0.5813589940835829
133 2458516.437423635 22 35.87095 -0.10460307740976088
134 2458474.3815780138 33 56.42727 -1.5927889642541664
135 2458811.384262636 15 106.83827 0.8439156857432223
136 2458811.452544081 28 108.557594 1.2608595076405846
137 2458453.411271873 29 91.27774 9.403164402607393
138 2458516.710523881 20 35.50782 0.5956035106847859
139 2458474.4642717373 39 56.34024 -0.07982472971897105
140 2458474.524312582 22 53.507374 -1.2406529864506453
141 2458811.1963994754 24 106.513565 -0.6455293749092629
142 2458453.5313754743 25 90.64513 6.105132594993755
143 2458516.656665238 27 37.846413 2.1156366448586277
144 2458474.59876454 21 53.954475 0.41291443632991887
145 2458516.571913323 37 38.113197 0.12679670876123927
146 2458811.52082534 26 107.48729 3.2432020343602916
147 2458474.3939405726 28 55.870407 -0.7423984732825102
148 2458453.5375566417 19 90.41986 8.087984926536782
149 2458453.458961314 15 86.5512 6.618731305403005
150 2458453.27675734 19 87.972534 7.984559739767228
151 2458474.3174165995 20 54.527794 -1.351958071096263
152 2458811.332464436 30 111.25192 2.2434946458802263
153 2458811.2621343546 28 110.485344 0.287662707824213
154 2458516.4539064155 19 37.77578 1.2425995595258694
155 2458453.211843971 27 87.48569 7.127868749000678
156 2458516.433302857 21 36.459038 0.2947717850420539
157 2458516.6381222242 25 38.851955 0.054280334427922655
158 2458453.392728388 19 85.28871 6.018707696937275
159 2458811.460785619 27 110.02369 2.810293837081978
160 2458474.5201917416 17 54.263893 -1.5902809336517645
161 2458516.704342797 41 38.593983 -0.2003412428383319
162 2458474.46015095 36 56.70078 -0.9809032022195588
163 2458811.3201021827 32 110.18564 -0.08216358428194842
164 2458474.2727014264 31 58.003506 1.3055065756889463
165 2458516.714644555 19 35.399307 0.38291313929136456
166 2458474.47045285 22 54.531994 2.2705173490088777
167 2458516.644303309 30 36.218662 0.07481982687542427
168 2458474.530493777 32 58.189857 -0.544526375160559
169 2458811.4484232734 26 108.728806 0.26447503798030847
170 2458474.3338998808 19 55.48384 1.223179335077983
171 2458453.3388695214 17 88.112976 8.417902902978964
172 2458474.385698889 25 57.1277 -2.0035513365285045
173 2458516.590456333 26 38.38501 2.2832141648504267
174 2458516.441544386 17 36.413147 -0.30564626199794986
175 2458453.2685158364 27 84.51028 6.737406369603606
176 2458516.4559667245 30 39.639027 1.2223974615408266
177 2458474.3215374663 22 54.87712 -1.1506543662640227
178 2458811.3283437197 24 110.4664 1.621641951548319
179 2458453.41539256 38 90.57471 10.26215027117342
180 2458516.578094408 21 35.493393 0.509440086568417
181 2458811.5270064827 30 110.05838 3.880026534469322
182 2458811.394564575 32 110.19304 1.8187536915678302
183 2458474.592583373 27 56.556683 -1.5522655626669004
184 2458453.535496261 28 91.900536 7.245191634132967
185 2458811.204640864 37 109.67172 0.6707577188511749
186 2458474.4519092715 33 57.224655 -1.8180691471222579
187 2458516.5160061773 17 35.28354 1.0003279399300917
188 2458453.334748752 25 86.28511 7.1651552171375075
189 2458474.34008097 32 57.998688 1.737709761086796
190 2458811.464906336 44 109.93605 3.6033837662868633
191 2458453.4816254927 32 91.283936 9.844258412602002
192 2458516.3866903977 29 39.12011 0.01237833089130258
193 2458811.2580136023 32 110.19039 -0.5200065109010674
194 2458474.25827873 18 54.57551 -1.2674739582067331
195 2458453.407151156 24 91.20282 9.256316705959913
196 2458474.3297791127 24 53.95133 0.3878458232498612
197 2458811.382202225 34 108.69278 0.00011165816365487984
198 2458474.4622113486 21 54.454773 0.4033976948710662
199 2458453.2602742054 14 85.37545 4.999803386916393
200 2458474.580220819 32 56.88945 -2.273326970420967
201 2458811.206701191 25 113.60466 0.26623462191355596
202 2458453.2139043207 33 89.83168 7.40308524566499
203 2458474.4083631784 21 54.36873 2.6086252091507713
204 2458453.4610217293 34 88.82552 6.359199653609696
205 2458453.2788176937 29 91.16506 7.811365060388334
206 2458516.3846300784 20 34.346992 0.17344980684272082
207 2458453.1974212932 35 87.13206 3.279324702291575
208 2458811.1881579473 18 107.29709 -2.026433515962549
209 2458474.4725132063 43 59.441357 1.7157126311738033
210 2458474.6028852738 28 54.292404 1.5538253157724107
211 2458811.4048663066 21 109.589874 3.426368250239046
212 2458811.386323037 31 109.33119 0.8541016105791618
213 2458516.5118855024 19 36.19254 0.6478845241789366
214 2458453.3265071255 21 84.76514 5.22290106838211
215 2458453.3906679694 27 88.545334 5.4055422806353945
216 2458811.4566648663 36 109.850426 2.063223689058638
217 2458474.456030126 28 58.35074 -1.9220707680928635
218 2458516.7064031675 17 36.66652 0.11516400752510864
219 2458474.5160708753 21 55.12366 -1.6846500530287807
220 2458811.260073983 19 107.7207 0.23575598797703026
221 2458453.2643950353 24 84.64172 5.2729082083686585
222 2458474.2665203246 27 54.976532 0.5614917033550574
223 2458516.642242957 29 38.866917 -0.3581914776111978
224 2458453.2097836146 25 90.753265 6.605984361954191
225 2458474.3918801653 24 54.23005 -0.9004200766240902
226 2458516.5760340556 30 38.7632 -0.08314820967898613
227 2458811.3304040823 27 108.189064 2.3667643172718678
228 2458453.5437377314 35 92.475266 8.848934566953915
229 2458474.256218309 49 56.467903 -2.4473503863063844
230 2458453.525194244 16 88.73113 6.172298830289394
231 2458516.368147192 19 35.54284 -0.5518991507376364
232 2458811.3966249377 19 107.71851 2.5583821452654307
233 2458474.596704161 36 57.39093 -0.6357334569401991
234 2458516.3763887067 20 35.572113 -0.46872664026328614
235 2458811.186097547 32 107.646194 -2.8289558753012085
236 2458474.468392488 39 58.87713 1.0459075355398053
237 2458811.3221625783 23 107.36773 0.8350512601220254
238 2458516.505704412 33 38.2118 -0.3705162945788523
239 2458516.584275407 27 38.5967 0.7650397280032084
240 2458474.4063028283 35 58.34375 1.6305613320548686
241 2458811.251832412 16 106.56449 -1.2670338401843817
242 2458474.38775932 20 53.620243 -1.0175945254182848
243 2458453.523133826 43 91.27072 5.233482829967943
244 2458516.4436047478 23 38.740112 -0.7569024644284554
245 2458453.405090784 20 87.47402 9.110179243422403
246 2458811.338645446 22 109.065445 3.723015633115986
247 2458516.524247428 24 37.65053 2.9403853290042936
248 2458474.590522966 21 54.19953 -1.357506451772294
249 2458811.2025805297 26 109.34831 -0.04666217254280887
250 2458516.370207581 21 38.594498 -1.0320439483332557
251 2458453.2705762256 30 90.5524 6.027451170481911
252 2458474.3235978903 29 57.476597 -1.9014986751776912
253 2458811.326283348 28 108.04034 1.5936892141163015
254 2458453.417452895 16 88.34062 11.532269114281434
255 2458516.567792558 24 38.93622 -0.001394381550188544
256 2458474.400121739 30 55.84116 1.2247444975818291
257 2458474.536674895 27 54.3489 1.7444789079582492
258 2458811.5290668504 22 108.17685 4.628720440989401
259 2458516.631941068 17 36.518967 1.1076125307656677
260 2458453.205662874 25 91.10144 5.525475870963344
261 2458516.38875071 19 36.700798 0.8829225390616419
262 2458811.2683154154 22 107.536896 1.8585890375433112
263 2458474.2603391428 29 55.58683 -0.6495475677930227
264 2458474.453969702 17 54.00402 -1.2543732109006434
265 2458516.6961012464 31 40.415787 -0.08641844377335123
266 2458474.5140104354 33 57.089348 -1.8916184030121068
267 2458453.398909617 33 89.813965 6.79224693711882
268 2458811.466966681 22 109.509964 4.400455584837863
269 2458453.258213788 32 87.524124 3.9570207729269193
270 2458516.4518461004 26 39.146027 -0.15308762706796536
271 2458453.2159646624 22 88.67345 8.251365246595647
272 2458516.5883960305 25 41.426765 1.227241171499821
273 2458811.4504836793 26 106.27411 1.1415897564396078
274 2458453.4092115182 21 87.47119 9.933187310552237
275 2458474.3318395014 26 56.487373 0.11436095941351496
276 2458474.522252166 33 57.304565 -2.2360273459808164
277 2458811.190218341 20 109.48159 -2.158822886453027
278 2458516.6525446223 32 37.898617 1.7584427630935675
279 2458474.60494563 32 57.884277 1.0437775218252057
280 2458811.402805978 28 111.02716 2.8531870760912748
281 2458811.4690270172 29 110.628334 4.271657427272583
282 2458453.26645544 27 86.941864 5.4744713441577835
283 2458474.2685807003 44 57.307163 0.927194561919398
284 2458516.6401825952 24 35.45232 0.40055696444264544
285 2458453.483685828 20 87.895615 10.552925936320518
286 2458453.2077232487 34 88.24589 6.625944630431618
287 2458516.435363249 31 39.38188 -0.7265544114854068
288 2458811.388383433 23 107.11758 1.5196236861067338
289 2458516.5139458445 25 38.768467 -0.45367110363242186
290 2458453.3244467075 35 88.09874 4.795650351244845
291 2458516.7084635287 31 39.11097 -0.7259400677100888
292 2458453.527254659 27 91.71443 5.625503398519037
293 2458811.1943391063 26 110.41683 -1.5743444274853944
294 2458516.3660867983 20 38.95109 -0.9816045392126426
295 2458811.3986852914 48 110.715096 2.3984448056725642
296 2458474.5946437716 24 53.481087 -0.2244090041464802
297 2458474.5325541566 27 53.66651 0.8685847603498102
298 2458516.573973694 18 36.348938 0.7675924042433944
299 2458474.3194770357 27 57.67375 -2.2570289818998184
300 2458453.272636606 20 88.23372 7.543798382009146
301 2458516.4995232546 21 37.18908 0.8183315215224874
