0 2458474.52843 15 54.215 0.0
1 2458453.33681 27 90.2887 7.56899845792
2 2458474.33596 25 58.6541 0.500806029786
3 2458453.40097 6 87.1245 8.00461966588
4 2458474.38364 11 54.8708 -2.22462045137
5 2458453.22009 9 90.387 8.2521791933
6 2458453.285 10 89.5649 9.23463598805
7 2458516.56573 6 35.1752 0.632261334377
8 2458474.40218 26 58.066 0.647867290912
9 2458474.53874 31 58.9682 0.733291260414
10 2458453.46514 23 90.7705 8.66745766108
11 2458516.64842 4 34.6738 -0.106230120001
12 2458516.37845 25 39.3034 -1.73761831139
13 2458516.71877 4 37.5503 1.0551663987
14 2458516.69816 9 36.0744 0.456406601037
15 2458474.44985 5 54.6527 -2.1468098155
16 2458453.39685 5 87.5219 5.94320688046
17 2458516.51807 23 39.7396 0.150532099346
18 2458453.33269 26 88.2108 6.43728694043
19 2458453.2036 9 87.424 4.97940543028
20 2458453.47957 6 87.7595 10.0445770584
21 2458516.63606 9 36.4386 0.168547243898
22 2458453.41333 13 88.0685 10.0300624381
23 2458516.56985 6 34.9314 0.0665032347547
24 2458474.53461 34 57.7754 0.121963814432
25 2458516.58222 6 34.9561 0.396213268075
26 2458474.39806 25 56.065 0.148660219967
27 2458474.58846 30 56.4403 -2.67125881767
28 2458516.37433 23 39.8612 -1.77022997407
29 2458474.27888 5 56.9961 3.04699027506
30 2458516.50158 26 38.6635 -0.367973398781
31 2458516.65048 28 39.538 -0.166637996969
32 2458516.72289 7 39.3038 2.0029890803
33 2458453.20154 28 87.5287 4.45846192794
34 2458474.60701 14 55.9528 1.35280786216
35 2458474.32772 31 56.7726 -0.746226935663
36 2458516.71258 22 38.7675 -0.479241523743
37 2458474.52637 28 56.636 -1.67641774485
38 2458474.58434 33 57.3462 -2.43241344175
39 2458453.26233 30 87.7606 5.00138437174
40 2458516.44773 36 38.7206 -1.97740201078
41 2458516.43948 29 38.9378 -0.857870206149
42 2458453.4569 30 90.8847 5.89450394427
43 2458453.2747 28 90.5068 7.08047065447
44 2458516.49746 28 40.3156 -0.35287847019
45 2458474.31536 27 57.2258 -2.0427380033
46 2458453.52932 6 87.9007 6.49466728424
47 2458516.6546 32 41.3493 0.394221282996
48 2458474.60082 33 57.4903 0.792438277122
49 2458516.50983 33 39.2054 -0.626387848179
50 2458453.32857 25 89.0973 4.6007553219
51 2458474.51813 27 58.0235 -2.62137844499
52 2458474.45809 9 54.3927 -1.24242005039
53 2458516.70228 8 36.7074 -0.137122665817
54 2458474.26446 31 57.563 -0.129481444573
55 2458516.43124 26 40.0372 -1.01839167647
56 2458516.62988 39 38.8779 -0.795216251681
57 2458453.21802 26 91.484 7.77649891217
58 2458516.44567 3 36.4931 -0.441561002881
59 2458516.52219 31 39.9971 1.54448692471
60 2458474.33802 16 54.7307 1.32235955164
61 2458453.40303 28 90.1769 8.34242169643
62 2458516.64636 26 38.4518 -0.47841951261
63 2458474.46633 12 55.3275 0.176916682446
64 2458516.38051 3 36.455 -1.14418121824
65 2458516.7167 24 39.9509 0.136432840903
66 2458453.28294 39 91.8156 8.0098181331
67 2458516.50776 3 35.9678 -0.579448453682
68 2458474.27476 5 56.2345 2.50188960733
69 2458516.56367 28 39.258 -0.102130148898
70 2458474.40424 9 56.0529 1.50232585008
71 2458474.5408 13 58.3863 1.65015631746
72 2458474.38982 23 56.1548 -2.34846569303
73 2458516.634 22 39.5383 -0.521946276367
74 2458474.2624 9 53.6372 -0.682639248763
75 2458516.70022 23 39.2269 -0.647954045776
76 2458453.39479 23 88.0845 6.1552452765
77 2458474.34214 7 56.4566 2.78581901625
78 2458516.52013 3 37.132 1.72225290648
79 2458453.33063 22 85.8675 4.44644991978
80 2458474.5864 5 53.7866 -2.06342260506
81 2458516.37227 4 35.3232 -0.55814429522
82 2458453.53344 5 88.6962 7.11400988579
83 2458453.54992 9 88.6626 8.6144133576
84 2458474.32566 7 54.7572 -0.699449498597
85 2458516.45803 3 38.5727 1.267714881
86 2458516.58015 28 39.5698 0.139458537214
87 2458474.396 4 53.6671 -0.155309322969
88 2458474.47457 19 56.3291 2.84467749368
89 2458516.72083 27 41.8323 1.21444310591
90 2458516.38257 24 38.3202 -0.336824296719
91 2458453.19948 4 85.5706 3.99976047244
92 2458474.44779 26 56.5139 -2.51816407674
93 2458474.27682 28 58.9679 1.49583533915
94 2458453.28088 7 87.7931 9.19629476222
95 2458516.50364 4 35.745 -0.255447244454
96 2458453.46308 6 86.4797 6.76595935694
97 2458474.58228 4 54.0173 -3.12418024913
98 2458516.44979 9 34.9864 -0.561487838362
99 2458474.27064 12 55.005 1.6773914293
100 2458516.58634 6 37.7237 1.32821229248
101 2458516.43742 3 35.8709 -0.366725097537
102 2458474.38158 30 56.4273 -1.92450538353
103 2458453.41127 28 91.2777 9.39751422606
104 2458516.71052 5 35.5078 -0.439653674637
105 2458474.46427 34 56.3402 -0.566615787863
106 2458474.52431 6 53.5074 -0.640920764087
107 2458453.53138 24 90.6451 7.23377327507
108 2458516.65667 7 37.8464 1.87562264464
109 2458474.59876 8 53.9545 0.640340768464
110 2458516.57191 34 38.1132 0.06822779526
111 2458474.39394 26 55.8704 -1.17975491757
112 2458453.53756 5 90.4199 7.59660728408
113 2458453.45896 7 86.5512 6.49640253146
114 2458453.27676 11 87.9725 7.67774792861
115 2458474.31742 5 54.5278 -1.72796347981
116 2458516.45391 8 37.7758 0.78272324262
117 2458453.21184 10 87.4857 6.26984097451
118 2458516.4333 4 36.459 -0.546938187512
119 2458516.63812 24 38.852 -0.195473948408
120 2458453.39273 7 85.2887 5.55211413954
121 2458474.52019 10 54.2639 -2.21512778436
122 2458516.70434 34 38.594 -0.68992356021
123 2458474.46015 27 56.7008 -1.41798211724
124 2458474.2727 25 58.0035 1.20641354896
125 2458516.71464 7 35.3993 -0.21105184142
126 2458474.47045 8 54.532 2.13918716518
127 2458516.6443 5 36.2187 -0.386966486521
128 2458474.53049 26 58.1899 -1.13719851241
129 2458474.3339 15 55.4838 1.13528598863
130 2458453.33887 9 88.113 8.16548359072
131 2458474.3857 23 57.1277 -2.44608052417
132 2458516.59046 14 38.385 2.25746828133
133 2458516.44154 5 36.4131 -0.921215046272
134 2458453.26852 13 84.5103 6.47272538143
135 2458516.45597 29 39.639 0.798670534463
136 2458474.32154 9 54.8771 -1.58678725234
137 2458453.41539 37 90.5747 10.6228374131
138 2458516.57809 14 35.4934 -0.397152887243
139 2458474.59258 25 56.5567 -1.41044090029
140 2458453.5355 27 91.9005 6.53902277914
141 2458474.45191 31 57.2247 -1.65817168095
142 2458516.51601 4 35.2835 -0.102965990038
143 2458453.33475 13 86.2851 6.3202418025
144 2458474.34008 30 57.9987 1.15923587596
145 2458453.48163 28 91.2839 9.42666903687
146 2458516.38669 27 39.1201 -0.891338599543
147 2458474.25828 8 54.5755 -0.445004955812
148 2458453.40715 23 91.2028 8.8461367488
149 2458474.32978 5 53.9513 -0.137999134033
150 2458474.46221 7 54.4548 0.401176659909
151 2458453.26027 6 85.3755 4.37700825994
152 2458474.58022 28 56.8895 -2.5666938856
153 2458453.2139 32 89.8317 7.23025711316
154 2458474.40836 27 54.3687 1.90317548733
155 2458453.46102 33 88.8255 5.49222914582
156 2458453.27882 27 91.1651 7.2285708589
157 2458516.38463 10 34.347 -0.853912123723
158 2458453.19742 29 87.1321 2.95087637903
159 2458474.47251 39 59.4414 1.19826861661
160 2458474.60289 14 54.2924 1.28679982096
161 2458516.51189 8 36.1925 -0.389872094757
162 2458453.32651 10 84.7651 4.67050278937
163 2458453.39067 25 88.5453 4.96309415228
164 2458474.45603 26 58.3507 -2.69478048244
165 2458516.7064 4 36.6665 -0.252677243217
166 2458474.51607 4 55.1237 -1.93764284573
167 2458453.2644 7 84.6417 4.95521998527
168 2458474.26652 10 54.9765 0.530334210238
169 2458516.64224 27 38.8669 -1.10961042416
170 2458453.20978 25 90.7533 6.59143079027
171 2458474.39188 10 54.23 -0.636462082204
172 2458516.57603 29 38.7632 -0.607526803853
173 2458453.54374 29 92.4753 9.34273970595
174 2458474.25622 30 56.4679 -3.07058997304
175 2458453.52519 9 88.7311 6.33539475096
176 2458516.36815 5 35.5428 -0.91676991358
177 2458474.5967 31 57.3909 -0.803573588459
178 2458516.37639 4 35.5721 -0.870464416655
179 2458474.46839 32 58.8771 0.565231706941
180 2458516.5057 29 38.2118 -0.801965281595
181 2458516.58428 24 38.5967 0.0545593436686
182 2458474.4063 32 58.3438 0.893041381557
183 2458474.38776 6 53.6202 -2.02966491268
184 2458453.52313 36 91.2707 5.37425060517
185 2458516.4436 20 38.7401 -1.3615787563
186 2458453.40509 6 87.474 8.27866494231
187 2458516.52425 4 37.6505 3.43759150127
188 2458474.59052 7 54.1995 -0.404128348594
189 2458516.37021 20 38.5945 -1.34319377478
190 2458453.27058 28 90.5524 5.33995833256
191 2458474.3236 27 57.4766 -2.82286964924
192 2458453.41745 5 88.3406 11.0100426088
193 2458516.56779 24 38.9362 0.169789346475
194 2458474.40012 16 55.8412 0.760479936125
195 2458474.53667 16 54.3489 0.57655069699
196 2458516.63194 4 36.519 0.762968402033
197 2458453.20566 25 91.1014 4.97081584154
198 2458516.38875 7 36.7008 0.385892365382
199 2458474.26034 26 55.5868 0.224946288793
200 2458474.45397 5 54.004 -1.88312998284
201 2458516.6961 28 40.4158 -0.425483713146
202 2458474.51401 29 57.0893 -2.45848935526
203 2458453.39891 29 89.814 7.81832267797
204 2458453.25821 29 87.5241 3.82251363727
205 2458516.45185 24 39.146 -0.279279979165
206 2458453.21596 8 88.6734 7.48610572598
207 2458516.5884 22 41.4268 1.22442190033
208 2458453.40921 8 87.4712 10.0767734442
209 2458474.33184 23 56.4874 -0.34740194234
210 2458474.52225 29 57.3046 -1.92487064628
211 2458516.65254 13 37.8986 1.38877891478
212 2458474.60495 28 57.8843 0.82139270215
213 2458453.26646 26 86.9419 5.78054098144
214 2458474.26858 41 57.3072 0.100874380476
215 2458516.64018 11 35.4523 -1.00033332361
216 2458453.48369 9 87.8956 9.97804436891
217 2458453.20772 8 88.2459 6.7227280737
218 2458516.43536 29 39.3819 -1.460363995
219 2458516.51395 25 38.7685 -0.313808720616
220 2458453.32445 31 88.0987 4.00345485644
221 2458516.70846 29 39.111 -0.930958272051
222 2458453.52725 24 91.7144 5.35788787651
223 2458516.36609 20 38.9511 -1.54702738231
224 2458474.59464 7 53.4811 -0.575595369126
225 2458474.53255 11 53.6665 0.108033144803
226 2458516.57397 5 36.3489 0.191135462078
227 2458474.31948 25 57.6738 -2.21679873018
228 2458453.27264 12 88.2337 7.01976592309
229 2458516.49952 4 37.1891 0.0269210888192
