-0.0876772498188 597268252.424 651341087.36 596786178.581 732811243.227 2458474.52843 1 10 1
-0.44862722455 582392829.986 628842023.704 580192710.266 747917698.712 2458453.33681 0 2 0
-0.100038091365 582907240.596 625096810.815 581260627.019 730554917.355 2458474.33596 1 7 0
-0.444506740988 597450576.588 653126394.259 596943469.414 731333032.327 2458453.40097 0 3 1
-0.0969761435732 596613342.833 651907559.543 596062537.276 739754592.398 2458474.38364 1 8 1
-0.456123359071 598635006.91 654822059.391 598150659.84 735547392.512 2458453.22009 0 0 1
-0.451954548467 598634233.859 654605900.734 598197714.954 733482687.533 2458453.285 0 1 1
-0.387994580626 598631469.333 651437809.217 598107407.11 730222496.001 2458516.56573 2 15 1
-0.0957852490426 582445645.087 625981951.946 580381397.271 742218855.891 2458474.40218 1 8 0
-0.0870156525553 582755435.682 627027754.098 580523173.279 744786071.694 2458474.53874 1 10 0
-0.440385508866 581767825.005 626431222.317 579944322.512 734955566.516 2458453.46514 0 4 0
-0.382684018977 599301636.262 652207766.975 598749991.281 730993071.796 2458516.64842 2 16 1
-0.400022112348 584131904.248 627330881.552 582085369.042 744916032.336 2458516.37845 2 12 0
-0.378166627291 599933897.832 652814752.319 599410645.485 728609047.672 2458516.71877 2 17 1
-0.379489810634 599073746.484 652094097.119 598640990.177 731401066.667 2458516.69816 2 17 1
-0.0927240382665 596385308.32 651610393.957 595813370.83 739779747.618 2458474.44985 1 9 1
-0.444771383506 597117399.913 653594019.746 596622069.181 736359149.185 2458453.39685 0 3 1
-0.391055723337 584213843.347 627782349.33 582080318.47 743916985.902 2458516.51807 2 14 0
-0.448891866051 581846306.172 627698037.501 579819463.578 742805235.308 2458453.33269 0 2 0
-0.457181905638 596867467.786 652494165.331 596397580.062 735123129.745 2458453.2036 0 0 1
-0.439459272733 597711046.379 653674956.016 597192136.36 734070619.601 2458453.47957 0 4 1
-0.383477929425 598837954.75 651409091.61 598316010.968 731051248.717 2458516.63606 2 16 1
-0.443712826233 597404933.413 655381491.242 596921596.464 741857007.041 2458453.41333 0 3 1
-0.387729939663 599051700.809 652105299.688 598551051.482 731093611.416 2458516.56985 2 15 1
-0.0872802897501 582661246.367 626318293.37 580684475.954 738330546.196 2458474.53461 1 10 0
-0.386936029155 599314185.817 652762878.913 598805525.698 731525894.324 2458516.58222 2 15 1
-0.0960498882709 582579729.736 625803722.842 580929110.703 729498140.272 2458474.39806 1 8 0
-0.0838221094552 582129445.544 625167624.013 580029529.055 741624916.529 2458474.58846 1 11 0
-0.400286749902 583550690.405 627224577.124 581838838.289 733924169.348 2458516.37433 2 12 0
-0.103703690581 597840337.628 651692056.358 597333696.551 730860904.319 2458474.27888 1 6 1
-0.392114270801 584384457.599 626965415.161 582282370.517 741961194.396 2458516.50158 2 14 0
-0.382551702682 584735108.29 627834101.435 582839033.538 737099224.086 2458516.65048 2 16 0
-0.377901997035 600077579.274 653781561.179 599622693.701 733380128.771 2458516.72289 2 17 1
-0.457314226328 580880133.529 628009473.132 579028350.056 744137272.32 2458453.20154 0 0 0
-0.0826312294287 597537790.806 654113122.494 597042241.393 739947332.606 2458474.60701 1 11 1
-0.100567372184 582791299.39 627395671.212 580657789.45 743738608.61 2458474.32772 1 7 0
-0.378563576146 584455864.175 627512217.174 582329528.338 742047478.223 2458516.71258 2 17 0
-0.0878095708983 582050731.596 626893948.873 579868401.314 744769927.175 2458474.52637 1 10 0
-0.0840867553824 582169075.577 626242603.868 579931644.898 742528438.144 2458474.58434 1 11 0
-0.45341006183 582809294.628 626905069.833 581032109.505 735021824.863 2458453.26233 0 1 0
-0.395573105304 584839534.445 627172370.491 583009432.274 735521144.243 2458516.44773 2 13 0
-0.396102379095 584667611.338 628835612.58 582637887.965 743275809.292 2458516.43948 2 13 0
-0.440914796832 581275055.722 626873199.541 578675999.943 744625386.442 2458453.4569 0 4 0
-0.452616137686 582864268.131 627119591.424 581123038.284 734541214.801 2458453.2747 0 1 0
-0.392378912362 582740049.302 625371217.821 580521922.798 736267286.603 2458516.49746 2 14 0
-0.101361309338 581545401.544 625013457.661 579271946.209 736751221.913 2458474.31536 1 7 0
-0.436264276983 597565961.01 653669521.226 597064996.737 732875234.273 2458453.52932 0 5 1
-0.382287071289 584765656.732 627647206.036 582855466.43 738222778.194 2458516.6546 2 16 0
-0.0830281846527 582722440.65 625584977.56 580940104.136 733523702.542 2458474.60082 1 11 0
-0.391584992524 584241692.489 626863238.385 582291623.124 738115487.756 2458516.50983 2 14 0
-0.449156509437 582219729.645 627515866.802 580219923.77 739250356.486 2458453.32857 0 2 0
-0.0883388608088 581720552.86 625651758.627 579515404.841 740330410.223 2458474.51813 1 10 0
-0.0921947465318 596745519.68 650878185.85 596240310.198 730056886.597 2458474.45809 1 9 1
-0.379225169671 599471435.93 652157421.391 598986398.516 730059441.0 2458516.70228 2 17 1
-0.104629921899 581463320.413 624589184.177 579788592.46 731478754.401 2458474.26446 1 6 0
-0.396631660901 583229162.344 623478874.029 581561144.887 728482812.318 2458516.43124 2 13 0
-0.383874891258 583207271.318 622535780.039 580948012.94 725959089.685 2458516.62988 2 16 0
-0.456255675934 583217091.318 629632356.569 581212462.901 746380702.058 2458453.21802 0 0 0
-0.395705422795 600136686.945 653358623.529 599600012.92 732169283.709 2458516.44567 2 13 1
-0.390791092184 584405659.722 627361613.854 582475988.812 740032304.041 2458516.52219 2 14 0
-0.0999057725884 598315986.635 654331926.743 597833101.81 741358074.162 2458474.33802 1 7 1
-0.444374420476 582279810.035 627453661.12 580460657.105 735830246.996 2458453.40303 0 3 0
-0.38281633584 584496602.58 627184952.001 582600843.456 736895217.512 2458516.64636 2 16 0
-0.09166546335 596877665.335 652895513.646 596357838.161 741508653.897 2458474.46633 1 9 1
-0.399889794528 598815496.191 651564095.655 598270244.316 730690984.418 2458516.38051 2 12 1
-0.378298943018 584518515.304 627705332.366 582368411.459 742649232.675 2458516.7167 2 17 0
-0.452086865449 583318585.607 630109662.78 581327383.895 749155972.614 2458453.28294 0 1 0
-0.39171731127 599283317.46 652791002.743 598757120.497 734115901.368 2458516.50776 2 14 1
-0.103968326161 597712195.429 652101304.401 597202775.647 731128086.889 2458474.27476 1 6 1
-0.388126901496 583222079.048 624690920.456 581302566.042 730675973.634 2458516.56367 2 15 0
-0.0956529302657 597294252.408 651740185.495 596806386.334 730713825.136 2458474.40424 1 8 1
-0.0868833345261 597856383.184 654205204.013 597373994.468 741658406.144 2458474.5408 1 10 1
-0.0965791741442 582405226.359 626742196.412 580361663.088 739374233.155 2458474.38982 1 8 0
-0.383610249727 583809439.818 627335907.7 581613806.021 742974997.601 2458516.634 2 16 0
-0.104762242739 596549501.236 650177295.956 596044828.181 731389677.498 2458474.2624 1 6 1
-0.379357489973 584459353.61 626907195.094 582420369.48 738176884.459 2458516.70022 2 17 0
-0.444903705393 582338883.245 628737657.583 580057468.766 747935020.221 2458453.39479 0 3 0
-0.099641136201 598104411.948 652235676.468 597630425.847 732847147.277 2458474.34214 1 7 1
-0.390923407521 599132003.581 652412611.591 598642818.322 731858719.799 2458516.52013 2 14 1
-0.44902418755 597429718.297 654465666.404 596817670.582 745778098.789 2458453.33063 0 2 1
-0.0839544322095 597480629.622 651515130.069 596944723.799 731282475.173 2458474.5864 1 11 1
-0.400419069546 597975927.148 650365674.734 597495621.894 728983610.424 2458516.37227 2 12 1
-0.435999634465 597677273.131 654017966.696 597178287.688 733593592.567 2458453.53344 0 5 1
-0.434941085208 597893178.613 653922198.909 597381701.232 733370575.034 2458453.54992 0 5 1
-0.100699693862 597337394.235 651056976.839 596870095.538 732879591.769 2458474.32566 1 7 1
-0.394911525924 599735036.436 652728058.803 599249262.688 730705543.302 2458516.45803 2 13 1
-0.387068346048 584486634.683 625783002.529 582375860.548 737173371.231 2458516.58015 2 15 0
-0.0961822087524 597411642.486 651905665.973 596906448.31 731506422.374 2458474.396 1 8 1
-0.0911361888408 597574582.288 655218775.924 597073335.161 742391277.773 2458474.47457 1 9 1
-0.378034311984 584312214.242 627450110.91 582175001.642 741899783.756 2458516.72083 2 17 0
-0.399757477307 584757275.115 627943146.597 582855861.512 740836810.616 2458516.38257 2 12 0
-0.457446547498 595648178.038 650132235.678 595129896.852 732582092.968 2458453.19948 0 0 1
-0.0928563619777 581404113.154 626366649.27 578868016.254 745921351.566 2458474.44779 1 9 0
-0.103836008281 582664464.022 627269604.753 580624572.006 743448886.938 2458474.27682 1 6 0
-0.452219182821 598766642.724 655017520.881 598250493.071 735954693.366 2458453.28088 0 1 1
-0.391981950499 598867244.182 652073355.669 598358507.064 730685769.48 2458516.50364 2 14 1
-0.440517830364 597297071.032 653072466.979 596792136.435 733034887.761 2458453.46308 0 4 1
-0.0842190789142 597083120.027 650657729.017 596575096.592 731341191.456 2458474.58228 1 11 1
-0.395440788381 599971611.082 653145629.144 599488258.313 733127556.129 2458516.44979 2 13 1
-0.104232962937 597441542.588 653478891.244 596965891.996 740259078.198 2458474.27064 1 6 1
-0.386671397074 599158661.566 652438050.485 598653259.709 731643992.268 2458516.58634 2 15 1
-0.396234699009 599567700.577 652814433.156 599026935.877 734830366.03 2458516.43742 2 13 1
-0.0971084673143 581212049.628 625824839.651 578664725.696 742579823.102 2458474.38158 1 8 0
-0.443845144053 582568968.913 628219629.12 580498649.834 743183539.233 2458453.41127 0 3 0
-0.378695893637 599957376.344 653371469.714 599435949.254 731796147.596 2458516.71052 2 17 1
-0.0917977832632 581745508.594 624716517.544 580776297.966 726903398.894 2458474.46427 1 9 0
-0.0879418926059 596648631.462 650746683.746 596135412.392 729209013.031 2458474.52431 1 10 1
-0.436131955515 582605962.937 627403294.9 580767402.26 738590566.7 2458453.53138 0 5 0
-0.38215475634 599691096.263 653270991.224 599220560.07 732035482.416 2458516.65667 2 16 1
-0.0831605039977 597897887.367 652614382.9 597450105.602 734107529.601 2458474.59876 1 11 1
-0.38759761978 584160526.539 625798872.329 582328422.538 733928009.041 2458516.57191 2 15 0
-0.0963145298618 582086019.557 623220753.855 580705942.215 720543135.191 2458474.39394 1 8 0
-0.435734993981 597701552.336 653718812.448 597254921.659 735517157.422 2458453.53756 0 5 1
-0.440782474437 597016198.107 652739262.326 596469553.085 736109398.232 2458453.45896 0 4 1
-0.452483818849 598422591.376 656406765.525 597911541.479 742026155.963 2458453.27676 0 1 1
-0.101228985597 597104275.363 650443411.845 596579836.222 730919001.947 2458474.31742 1 7 1
-0.39517615627 600164789.57 652693044.859 599646650.101 733342681.392 2458516.45391 2 13 1
-0.456652628497 598087023.0 653759931.305 597684578.504 736051386.567 2458453.21184 0 0 1
-0.396499340001 599283794.373 651603638.086 598762115.148 729539505.951 2458516.4333 2 13 1
-0.383345609572 584185249.367 627102811.423 582313352.47 734132340.512 2458516.63812 2 16 0
-0.445036027549 596745244.308 652532563.966 596220652.762 734805052.793 2458453.39273 0 3 1
-0.0882065376059 596801096.459 649810300.81 596209190.554 740210594.545 2458474.52019 1 10 1
-0.379092849818 584725146.469 626493400.232 583019393.33 730668994.923 2458516.70434 2 17 0
-0.0920624248541 582239480.522 626756417.624 580024148.996 746153541.611 2458474.46015 1 9 0
-0.104100644369 582746573.715 627245692.381 580893181.416 739445715.683 2458474.2727 1 6 0
-0.378431259313 600008559.248 653481642.108 599509600.215 731637210.668 2458516.71464 2 17 1
-0.0914008252281 596958385.03 650965196.716 596488947.914 731144476.634 2458474.47045 1 9 1
-0.382948653361 599412523.529 652459838.168 598895043.49 730940964.862 2458516.6443 2 16 1
-0.0875449293074 581958707.378 626380263.861 580125450.718 748700306.46 2458474.53049 1 10 0
-0.10017041071 597865201.553 652452122.629 597373703.133 733828429.822 2458474.3339 1 7 1
-0.448494904607 597453363.908 653717245.628 596950870.903 735980585.356 2458453.33887 0 2 1
-0.0968438200713 581898282.143 625179214.234 580079931.936 730383588.082 2458474.3857 1 8 0
-0.386406766787 599324959.283 652377677.652 598831001.277 730945032.526 2458516.59046 2 15 1
-0.39597005972 600005664.972 653143973.985 599494447.698 732709310.214 2458516.44154 2 13 1
-0.453013097485 598388371.225 654797230.242 597913339.457 735234604.209 2458453.26852 0 1 1
-0.395043840903 584647545.342 628191923.862 582578901.21 744098579.906 2458516.45597 2 13 0
-0.100964338892 597861409.357 652012509.198 597367413.16 734334155.446 2458474.32154 1 7 1
-0.443580508892 582529873.36 627714185.212 580448517.25 742535836.206 2458453.41539 0 3 0
-0.387200663539 598995975.17 652626990.814 598484959.604 732652371.274 2458516.57809 2 15 1
-0.0835574655018 582485029.969 626982208.342 580268864.338 743850005.485 2458474.59258 1 11 0
-0.435867313954 582973517.405 628682728.28 580754793.206 747745333.812 2458453.5355 0 5 0
-0.0925917147347 581728652.503 624309728.808 579871225.553 731335752.248 2458474.45191 1 9 0
-0.391188039632 599357117.769 652912977.369 598849031.488 731046394.995 2458516.51601 2 14 1
-0.448759545062 597525142.377 653710725.162 597060824.605 736142362.157 2458453.33475 0 2 1
-0.0997734542003 583172440.606 627391458.344 581038184.462 744421646.859 2458474.34008 1 7 0
-0.439326955362 583043766.527 629475315.445 580822719.892 747606105.377 2458453.48163 0 4 0
-0.399492844628 584466115.09 627917559.284 582659819.729 737033521.039 2458516.38669 2 12 0
-0.105026886184 594006955.794 647080545.693 593521103.107 729379524.27 2458474.25828 1 6 1
-0.444109781128 582782541.079 627850144.826 580958035.302 735506348.386 2458453.40715 0 3 0
-0.100435051075 598030061.55 652360313.396 597505894.557 733313402.06 2458474.32978 1 7 1
-0.0919301037447 596724198.635 651368373.949 596228614.714 730947875.601 2458474.46221 1 9 1
-0.453542384316 597826498.475 652765095.142 597275535.734 732473114.358 2458453.26027 0 1 1
-0.0843514026553 581543429.245 625977810.059 578961210.017 744123791.569 2458474.58022 1 11 0
-0.456520310527 583515938.175 628349105.906 581859067.841 736265321.558 2458453.2139 0 0 0
-0.0953882938784 597406372.274 654852703.051 596957215.091 745521504.4 2458474.40836 1 8 1
-0.440650152251 582212000.963 628449457.28 579890587.403 746460349.926 2458453.46102 0 4 0
-0.452351500611 583521817.125 629480468.462 581386329.173 746476138.505 2458453.27882 0 1 0
-0.399625160653 599545421.343 653492758.323 599030277.322 731281265.739 2458516.38463 2 12 1
-0.457578869116 577478113.233 624434971.955 575383879.316 743063262.225 2458453.19742 0 0 0
-0.0912685068401 582379556.921 627274677.676 580267465.33 746731601.151 2458474.47251 1 9 0
-0.0828958658459 597627266.311 654479604.054 597167950.117 742125343.593 2458474.60289 1 11 1
-0.391452674016 599312925.603 651829911.439 598800710.496 729810844.097 2458516.51189 2 14 1
-0.449288831593 597043764.72 653029929.464 596507843.97 736999476.131 2458453.32651 0 2 1
-0.445168349944 581270434.42 627455882.609 578595199.405 746448984.376 2458453.39067 0 3 0
-0.0923270688075 582183466.4 626547403.637 579951783.088 742599420.688 2458474.45603 1 9 0
-0.378960530502 599790470.929 652792685.613 599295756.292 732897060.276 2458516.7064 2 17 1
-0.0884711842807 596439558.689 650467582.735 595879162.477 733848213.364 2458474.51607 1 10 1
-0.453277739973 598082094.833 654205523.961 597562385.223 736246239.163 2458453.2644 0 1 1
-0.104497601687 597461124.097 651357853.887 596986964.456 730138426.917 2458474.26652 1 6 1
-0.38308097148 584234664.942 626922459.922 582248188.329 739638352.191 2458516.64224 2 16 0
-0.456784946915 582513555.794 628660097.555 580736811.455 742517061.669 2458453.20978 0 0 0
-0.0964468515395 596975397.86 652233707.645 596438280.451 733863263.741 2458474.39188 1 8 1
-0.387332981688 584357644.967 627786101.673 582284317.79 745076610.255 2458516.57603 2 15 0
-0.435338037441 583200918.792 626379445.588 581401195.292 732023161.051 2458453.54374 0 5 0
-0.105159208729 578758118.794 623981192.264 576448973.553 744137051.665 2458474.25622 1 6 0
-0.436528921086 597432661.556 652729282.012 596871422.881 734874874.887 2458453.52519 0 5 1
-0.40068371018 596270356.051 648987290.887 595775125.355 729590748.184 2458516.36815 2 12 1
-0.0832928238811 582577934.416 627050396.753 580462968.363 745094359.534 2458474.5967 1 11 0
-0.400154430826 598671072.683 650903524.173 598167741.462 728206173.368 2458516.37639 2 12 1
-0.091533144005 582032873.739 624530444.2 580123238.558 735611032.118 2458474.46839 1 9 0
-0.391849630616 584112239.656 625541786.008 582340994.037 731655256.789 2458516.5057 2 14 0
-0.38680371283 584226065.49 627192534.247 582282442.697 739848138.334 2458516.58428 2 15 0
-0.0955206118777 582525488.325 626654557.835 580544925.105 739965683.775 2458474.4063 1 8 0
-0.0967114968685 597171691.637 651629382.013 596673132.532 731552539.525 2458474.38776 1 8 1
-0.436661243452 581701636.606 625114807.35 579982444.518 729376497.749 2458453.52313 0 5 0
-0.395837740973 584705936.99 627894220.865 582717851.314 742955357.628 2458516.4436 2 13 0
-0.444242100533 597384873.676 654000598.282 596899530.212 733949877.511 2458453.40509 0 3 1
-0.390658777235 599482319.401 652501033.475 599007237.918 729695456.245 2458516.52425 2 14 1
-0.0836897871795 597017674.643 651967269.877 596520639.231 732845686.204 2458474.59052 1 11 1
-0.400551389669 582583140.982 626385414.179 580626550.539 740222611.873 2458516.37021 2 12 0
-0.452880776974 583152430.563 627862040.591 581399153.855 735908125.137 2458453.27058 0 1 0
-0.100832016138 582560674.156 625389581.198 580828893.189 732077535.488 2458474.3236 1 7 0
-0.44344819185 597568442.993 653099019.136 597067018.683 733276311.631 2458453.41745 0 3 1
-0.387862259935 583801396.693 626319568.246 581568053.622 743160324.09 2458516.56779 2 15 0
-0.0959175683876 597318045.676 652707511.277 596836618.055 735641309.937 2458474.40012 1 8 1
-0.0871479709434 598045298.394 653844739.703 597537609.615 740503492.581 2458474.53667 1 10 1
-0.383742570388 598640862.544 651002711.058 598120677.499 730353140.63 2458516.63194 2 16 1
-0.457049585515 581956292.034 628732072.557 579989150.665 745618680.306 2458453.20566 0 0 0
-0.399360529051 599353600.782 653050922.808 598860595.695 731468094.415 2458516.38875 2 12 1
-0.104894564148 581042633.899 624114580.224 579686344.59 731754534.202 2458474.26034 1 6 0
-0.0924593915618 596790212.184 650885869.025 596340682.12 732977544.816 2458474.45397 1 9 1
-0.379622131474 583404401.066 626396519.577 581103307.575 739172682.356 2458516.6961 2 17 0
-0.0886035080517 581104494.393 623305482.136 578950187.33 732284193.464 2458474.51401 1 10 0
-0.444639062037 582021752.008 627788189.994 579839638.534 744756838.863 2458453.39891 0 3 0
-0.453674706651 581900837.038 625481314.527 580256357.312 728336140.726 2458453.25821 0 1 0
-0.395308472027 584890772.695 627875262.139 582925372.504 739560792.792 2458516.45185 2 13 0
-0.456387993066 598258244.593 655035093.037 597812063.327 736619880.671 2458453.21596 0 0 1
-0.386539081736 584252482.318 627239774.343 582060220.936 743115877.099 2458516.5884 2 15 0
-0.443977462352 597308134.207 653246718.492 596793572.163 733074480.512 2458453.40921 0 3 1
-0.100302730594 583134384.527 626663449.991 580976515.075 743984554.278 2458474.33184 1 7 0
-0.0880742148218 582078854.249 625815952.428 580183064.91 736239317.133 2458474.52225 1 10 0
-0.382419386926 599483551.601 653056578.429 598948501.5 733955341.825 2458516.65254 2 16 1
-0.0827635474579 583006110.001 626050502.738 581197024.886 732224519.599 2458474.60495 1 11 0
-0.453145418475 582750621.531 628935515.262 580713349.147 745354669.464 2458453.26646 0 1 0
-0.104365282043 582166732.726 627456107.122 580186506.436 743525591.988 2458474.26858 1 6 0
-0.383213290227 599028817.949 652792817.315 598509880.036 733138190.62 2458516.64018 2 16 1
-0.439194638319 598105761.259 654253691.66 597634072.372 735666866.06 2458453.48369 0 4 1
-0.456917265931 597515323.415 653042159.593 597055830.126 731798818.427 2458453.20772 0 0 1
-0.396367019311 584255178.653 627957677.226 582185201.675 744240170.409 2458516.43536 2 13 0
-0.391320356525 584586070.699 627498221.243 582417804.066 743679892.058 2458516.51395 2 14 0
-0.449421153958 580890437.976 626594528.208 578319385.447 745233189.488 2458453.32445 0 2 0
-0.378828211785 584397521.596 626105405.448 582638866.055 730086242.75 2458516.70846 2 17 0
-0.4363965989 582718102.841 626860298.442 580793290.844 736019904.602 2458453.52725 0 5 0
-0.40081603099 579457412.921 622284370.058 577435208.301 733681436.438 2458516.36609 2 12 0
-0.0834251443924 597876450.397 652456404.399 597394567.169 735435013.537 2458474.59464 1 11 1
-0.0874126093942 597044186.619 649455491.503 596495711.563 732150350.0 2458474.53255 1 10 1
-0.387465300435 599117274.986 652535738.829 598570906.288 733710790.248 2458516.57397 2 15 1
-0.101096662065 582247217.388 626465895.749 580071676.995 742985046.406 2458474.31948 1 7 0
-0.452748457031 598334782.574 654083563.039 597868028.599 733220906.712 2458453.27264 0 1 1
-0.392246591492 598733087.309 651253496.611 598191610.96 732469596.439 2458516.49952 2 14 1
