0 2458474.52843 31 54.215 0.0
1 2458453.33681 32 90.2887 7.80997374158
2 2458474.33596 40 58.6541 0.90869689234
3 2458453.40097 26 87.1245 7.99916922737
4 2458474.38364 29 54.8708 -1.60132279598
5 2458453.22009 25 90.387 8.37785610374
6 2458453.285 27 89.5649 9.45354000573
7 2458516.56573 25 35.1752 1.03108930314
8 2458474.40218 33 58.066 1.19807289795
9 2458474.53874 39 58.9682 1.24457938816
10 2458453.46514 29 90.7705 7.15990233357
11 2458516.64842 20 34.6738 0.168999540969
12 2458516.37845 28 39.3034 -1.31582665637
13 2458516.71877 22 37.5503 1.42959025315
14 2458516.69816 26 36.0744 0.926988787771
15 2458474.44985 29 54.6527 -1.34989341648
16 2458453.39685 20 87.5219 6.18400819617
17 2458516.51807 25 39.7396 0.508810139411
18 2458453.33269 30 88.2108 5.856832704
19 2458453.2036 28 87.424 5.7872805323
20 2458453.47957 25 87.7595 10.2224695899
21 2458516.63606 31 36.4386 0.542689771992
22 2458453.41333 26 88.0685 10.4716122556
23 2458516.56985 29 34.9314 0.82943419748
24 2458474.53461 59 57.7754 0.65504275842
25 2458516.58222 29 34.9561 0.986675837719
26 2458474.39806 39 56.065 0.06192859768
27 2458474.58846 35 56.4403 -2.39688702058
28 2458516.37433 39 39.8612 -1.23840453346
29 2458474.27888 25 56.9961 3.09393328866
30 2458516.50158 36 38.6635 -0.0811743136505
31 2458516.65048 33 39.538 0.511431861232
32 2458516.72289 27 39.3038 2.36545755414
33 2458453.20154 29 87.5287 4.99962220562
34 2458474.60701 39 55.9528 2.05012475379
35 2458474.32772 42 56.7726 -0.50646186051
36 2458516.71258 30 38.7675 -0.466775242994
37 2458474.52637 33 56.636 -1.29349924701
38 2458474.58434 41 57.3462 -2.42271418082
39 2458453.26233 38 87.7606 4.75383226139
40 2458516.44773 42 38.7206 -1.2967865746
41 2458516.43948 31 38.9378 -0.869468780471
42 2458453.4569 35 90.8847 6.35560957135
43 2458453.2747 37 90.5068 7.34625422053
44 2458516.49746 39 40.3156 0.272182683776
45 2458474.31536 37 57.2258 -1.6635699298
46 2458453.52932 24 87.9007 6.41780663488
47 2458516.6546 40 41.3493 1.04103826164
48 2458474.60082 45 57.4903 0.666900777573
49 2458516.50983 42 39.2054 -0.264743775562
50 2458453.32857 34 89.0973 4.88064121879
51 2458474.51813 32 58.0235 -2.20369663463
52 2458474.45809 25 54.3927 -0.896167648149
53 2458516.70228 35 36.7074 0.461673910349
54 2458474.26446 41 57.563 0.0980430377582
55 2458516.43124 27 40.0372 -0.597619848764
56 2458516.62988 53 38.8779 0.232090885046
57 2458453.21802 39 91.484 7.51332184516
58 2458516.44567 29 36.4931 -0.0578284591977
59 2458516.52219 36 39.9971 1.56529901278
60 2458474.33802 38 54.7307 2.03303558418
61 2458453.40303 34 90.1769 7.95433613532
62 2458516.64636 29 38.4518 -0.226392350541
63 2458474.46633 34 55.3275 1.02666403173
64 2458516.38051 27 36.455 0.0001
65 2458516.7167 30 39.9509 0.182499955164
66 2458453.28294 56 91.8156 8.37339580294
67 2458516.50776 24 35.9678 0.265901991198
68 2458474.27476 24 56.2345 2.63549763015
69 2458516.56367 32 39.258 0.816635499322
70 2458474.40424 27 56.0529 1.95454750674
71 2458474.5408 32 58.3863 2.18896058405
72 2458474.38982 29 56.1548 -1.50913802096
73 2458516.634 34 39.5383 -0.239103153219
74 2458474.2624 31 53.6372 -0.225632699052
75 2458516.70022 36 39.2269 -0.42818492987
76 2458453.39479 28 88.0845 5.71228616178
77 2458474.34214 28 56.4566 2.73785672952
78 2458516.52013 21 37.132 2.28722356102
79 2458453.33063 40 85.8675 5.44453382765
80 2458474.5864 23 53.7866 -1.56764761531
81 2458516.37227 21 35.3232 -0.37895398985
82 2458453.53344 26 88.6962 7.61369830812
83 2458453.54992 28 88.6626 9.67812534606
84 2458474.32566 27 54.7572 -0.681642257203
85 2458516.45803 24 38.5727 1.9758090319
86 2458516.58015 30 39.5698 -0.102879648322
87 2458474.396 24 53.6671 0.190763025488
88 2458474.47457 47 56.3291 2.80062748814
89 2458516.72083 31 41.8323 1.11144320407
90 2458516.38257 32 38.3202 -1.09563415041
91 2458453.19948 21 85.5706 4.67404522862
92 2458474.44779 31 56.5139 -1.76184823263
93 2458474.27682 31 58.9679 2.0418113201
94 2458453.28088 22 87.7931 9.33198016482
95 2458516.50364 25 35.745 0.732226268645
96 2458453.46308 30 86.4797 7.17577479774
97 2458474.58228 28 54.0173 -2.30737589397
98 2458516.44979 34 34.9864 0.35795036548
99 2458474.27064 31 55.005 1.77185554328
100 2458516.58634 23 37.7237 2.01553530786
101 2458516.43742 22 35.8709 -0.08438809101
102 2458474.38158 31 56.4273 -1.56510186342
103 2458453.41127 31 91.2777 9.44208993134
104 2458516.71052 25 35.5078 0.639179061651
105 2458474.46427 44 56.3402 -0.0598525377476
106 2458474.52431 26 53.5074 -1.22219237415
107 2458453.53138 28 90.6451 6.13615503162
108 2458516.65667 30 37.8464 2.13960688031
109 2458474.59876 26 53.9545 0.438048580916
110 2458516.57191 40 38.1132 0.13947624067
111 2458474.39394 32 55.8704 -0.717772900245
112 2458453.53756 23 90.4199 8.1261174697
113 2458453.45896 20 86.5512 6.66602750925
114 2458453.27676 29 87.9725 8.03033427154
115 2458474.31742 22 54.5278 -1.33190319484
116 2458516.45391 26 37.7758 1.26475108059
117 2458453.21184 35 87.4857 7.17961815152
118 2458516.4333 24 36.459 0.309333731285
119 2458516.63812 32 38.852 0.0559868099866
120 2458453.39273 24 85.2887 6.06290443126
121 2458474.52019 21 54.2639 -1.58202607635
122 2458516.70434 45 38.594 -0.199966301995
123 2458474.46015 35 56.7008 -0.956218383398
124 2458474.2727 37 58.0035 1.31368804578
125 2458516.71464 23 35.3993 0.386804588695
126 2458474.47045 30 54.532 2.28112494424
127 2458516.6443 34 36.2187 0.0787799843449
128 2458474.53049 48 58.1899 -0.518888825928
129 2458474.3339 34 55.4838 1.24657503096
130 2458453.33887 25 88.113 8.46467589825
131 2458474.3857 26 57.1277 -1.97743006617
132 2458516.59046 36 38.385 2.2939204897
133 2458516.44154 21 36.4131 -0.280041106075
134 2458453.26852 36 84.5103 6.77483665237
135 2458516.45597 31 39.639 1.23412792004
136 2458474.32154 24 54.8771 -1.12684373726
137 2458453.41539 52 90.5747 10.3059095906
138 2458516.57809 31 35.4934 0.531391105184
139 2458474.59258 33 56.5567 -1.53850006527
140 2458453.5355 36 91.9005 7.29212260155
141 2458474.45191 36 57.2247 -1.79160938931
142 2458516.51601 20 35.2835 1.00695191548
143 2458453.33475 30 86.2851 7.21628223265
144 2458474.34008 45 57.9987 1.75401927418
145 2458453.48163 41 91.2839 9.8851371352
146 2458516.38669 28 39.1201 0.0183378165671
147 2458474.25828 25 54.5755 -1.24462970701
148 2458453.40715 32 91.2028 9.29830466526
149 2458474.32978 28 53.9513 0.412498957649
150 2458474.46221 27 54.4548 0.42664635397
151 2458453.26027 19 85.3755 5.03513232262
152 2458474.58022 29 56.8895 -2.25236877648
153 2458453.2139 44 89.8317 7.44381654836
154 2458474.40836 44 54.3687 2.62790919995
155 2458453.46102 42 88.8255 6.41316036048
156 2458453.27882 41 91.1651 7.85060057169
157 2458516.38463 29 34.347 0.178018623189
158 2458453.19742 31 87.1321 3.31406479676
159 2458474.47251 44 59.4414 1.72394162098
160 2458474.60289 37 54.2924 1.59241421364
161 2458516.51189 25 36.1925 0.661209662793
162 2458453.32651 26 84.7651 5.26477479968
163 2458453.39067 29 88.5453 5.44871383975
164 2458474.45603 37 58.3507 -1.90145425663
165 2458516.7064 20 36.6665 0.139870005067
166 2458474.51607 23 55.1237 -1.66303215041
167 2458453.2644 29 84.6417 5.31951310945
168 2458474.26652 34 54.9765 0.565790739281
169 2458516.64224 31 38.8669 -0.349216163911
170 2458453.20978 32 90.7533 6.64867627651
171 2458474.39188 30 54.23 -0.875632977771
172 2458516.57603 34 38.7632 -0.0734247598587
173 2458453.54374 42 92.4753 8.88050101531
174 2458474.25622 49 56.4679 -2.43480981676
175 2458453.52519 24 88.7311 6.22369331755
176 2458516.36815 23 35.5428 -0.538717453085
177 2458474.5967 38 57.3909 -0.63313910715
178 2458516.37639 23 35.5721 -0.450541662893
179 2458474.46839 48 58.8771 1.06174419418
180 2458516.5057 34 38.2118 -0.350194715113
181 2458516.58428 26 38.5967 0.757587540991
182 2458474.4063 44 58.3438 1.65161710958
183 2458474.38776 25 53.6202 -1.00065261383
184 2458453.52313 42 91.2707 5.28989822145
185 2458516.4436 24 38.7401 -0.748126988162
186 2458453.40509 23 87.474 9.15933436486
187 2458516.52425 25 37.6505 2.94385619242
188 2458474.59052 26 54.1995 -1.3429026044
189 2458516.37021 26 38.5945 -1.01707523086
190 2458453.27058 34 90.5524 6.07470075354
191 2458474.3236 36 57.4766 -1.88061733594
192 2458453.41745 20 88.3406 11.5734786169
193 2458516.56779 30 38.9362 0.00171758179401
194 2458474.40012 36 55.8412 1.23953868827
195 2458474.53667 38 54.3489 1.7628133799
196 2458516.63194 19 36.519 1.12219409978
197 2458453.20566 37 91.1014 5.56943242588
198 2458516.38875 24 36.7008 0.909010528094
199 2458474.26034 40 55.5868 -0.618680345192
200 2458474.45397 20 54.004 -1.23699191141
201 2458516.6961 31 40.4158 -0.0507140959128
202 2458474.51401 32 57.0893 -1.86902620944
203 2458453.39891 41 89.814 6.82603208598
204 2458453.25821 33 87.5241 3.99806240865
205 2458516.45185 26 39.146 -0.146355456837
206 2458453.21596 33 88.6734 8.30298591837
207 2458516.5884 29 41.4268 1.24091593043
208 2458453.40921 24 87.4712 9.98479343609
209 2458474.33184 32 56.4874 0.118508892993
210 2458474.52225 34 57.3046 -2.2264754702
211 2458516.65254 42 37.8986 1.77697221695
212 2458474.60495 42 57.8843 1.05979002654
213 2458453.26646 32 86.9419 5.52610513106
214 2458474.26858 48 57.3072 0.939885475158
215 2458516.64018 29 35.4523 0.409415914156
216 2458453.48369 27 87.8956 10.6070157277
217 2458453.20772 39 88.2459 6.683626629
218 2458516.43536 41 39.3819 -0.710707087343
219 2458516.51395 26 38.7685 -0.446043125489
220 2458453.32445 39 88.0987 4.84437773039
221 2458516.70846 32 39.111 -0.71212961161
222 2458453.52725 35 91.7144 5.6672491328
223 2458516.36609 24 38.9511 -0.96306926465
224 2458474.59464 29 53.4811 -0.209839235438
225 2458474.53255 35 53.6665 0.89671485936
226 2458516.57397 22 36.3489 0.772050320342
227 2458474.31948 40 57.6738 -2.23251962146
228 2458453.27264 31 88.2337 7.59400955821
229 2458516.49952 24 37.1891 0.833874755928
