-0.0876772498188 1432433450.92 1499083218.57 1429016165.79 1810593931.37 2458474.52843 1 10 1
-0.44862722455 1429529660.36 1498341346.55 1427329156.48 1818439254.41 2458453.33681 0 2 0
-0.100038091365 1430310062.68 1497094005.78 1427474504.74 1810491060.35 2458474.33596 1 7 0
-0.444506740988 1432862555.93 1501596897.14 1429335500.29 1820757074.72 2458453.40097 0 3 1
-0.0969761435732 1430872038.8 1497812625.68 1427054867.72 1811757276.79 2458474.38364 1 8 1
-0.456123359071 1434293583.22 1503673149.97 1431098239.44 1825860212.48 2458453.22009 0 0 1
-0.451954548467 1434998691.59 1504039119.43 1431774267.65 1824456185.24 2458453.285 0 1 1
-0.387994580626 1431043846.48 1496584784.96 1427224393.66 1807761407.6 2458516.56573 2 15 1
-0.0957852490426 1429140019.94 1496100191.65 1426294112.75 1807866739.45 2458474.40218 1 8 0
-0.0870156525553 1430307868.36 1497589419.57 1427287689.38 1812871049.61 2458474.53874 1 10 0
-0.440385508866 1429186322.07 1498111186.58 1426057414.36 1819374061.75 2458453.46514 0 4 0
-0.382684018977 1433267447.2 1499025138.14 1429722321.26 1808738285.8 2458516.64842 2 16 1
-0.400022112348 1428276614.35 1493960443.23 1425431673.14 1803960176.26 2458516.37845 2 12 0
-0.378166627291 1433835076.89 1499591804.9 1430397427.13 1807804619.97 2458516.71877 2 17 1
-0.379489810634 1432219533.15 1498011978.88 1428554089.23 1808148636.79 2458516.69816 2 17 1
-0.0927240382665 1430737280.93 1497666644.36 1426928304.18 1813869426.32 2458474.44985 1 9 1
-0.444771383506 1432435398.13 1501634566.21 1428824530.8 1827143431.45 2458453.39685 0 3 1
-0.391055723337 1429051419.73 1494890047.04 1426053862.37 1804968142.39 2458516.51807 2 14 0
-0.448891866051 1429371207.91 1498562294.5 1426288417.61 1820655170.55 2458453.33269 0 2 0
-0.457181905638 1429733346.6 1498992739.9 1426500113.06 1821201229.8 2458453.2036 0 0 1
-0.439459272733 1434297312.1 1503316885.15 1430821585.39 1824483817.83 2458453.47957 0 4 1
-0.383477929425 1431721728.94 1497342154.81 1428287045.4 1806877766.53 2458516.63606 2 16 1
-0.443712826233 1433326909.59 1502336586.18 1429972013.75 1820208511.22 2458453.41333 0 3 1
-0.387729939663 1431678713.67 1497644886.46 1428135423.53 1809231391.03 2458516.56985 2 15 1
-0.0872802897501 1429679483.27 1497149040.0 1426802365.67 1814138833.26 2458474.53461 1 10 0
-0.386936029155 1432451868.39 1498585822.9 1429017991.36 1810164846.85 2458516.58222 2 15 1
-0.0960498882709 1429025045.21 1496342633.7 1426058120.56 1814973984.33 2458474.39806 1 8 0
-0.0838221094552 1429491339.4 1496342248.54 1426333331.4 1813342279.96 2458474.58846 1 11 0
-0.400286749902 1426961893.04 1492502665.78 1424191693.99 1804082184.52 2458516.37433 2 12 0
-0.103703690581 1433507017.63 1500589480.74 1430111451.69 1814855633.56 2458474.27888 1 6 1
-0.392114270801 1427990970.52 1493632873.48 1424877543.28 1804013121.48 2458516.50158 2 14 0
-0.382551702682 1430109506.02 1496114435.19 1427102620.43 1805289057.97 2458516.65048 2 16 0
-0.377901997035 1433938515.58 1500084605.56 1430556980.11 1807071795.22 2458516.72289 2 17 1
-0.457314226328 1424120715.08 1493558710.66 1421415650.08 1816371105.84 2458453.20154 0 0 0
-0.0826312294287 1433885617.02 1501229979.75 1430478630.82 1816760629.25 2458474.60701 1 11 1
-0.100567372184 1429914652.76 1496835029.59 1426904145.21 1812026758.88 2458474.32772 1 7 0
-0.378563576146 1429932368.15 1495386928.78 1426875092.61 1805683186.81 2458516.71258 2 17 0
-0.0878095708983 1428698188.59 1495722978.33 1425662327.0 1810270876.46 2458474.52637 1 10 0
-0.0840867553824 1428975111.88 1495541619.1 1425801803.63 1808985820.48 2458474.58434 1 11 0
-0.45341006183 1429802034.25 1498032584.23 1426779146.98 1814676842.64 2458453.26233 0 1 0
-0.395573105304 1430297627.17 1495832970.77 1427363747.59 1803109516.98 2458516.44773 2 13 0
-0.396102379095 1429770556.3 1495495994.64 1426881452.88 1802167496.02 2458516.43948 2 13 0
-0.440914796832 1426024544.01 1493268996.56 1422333582.04 1813768069.11 2458453.4569 0 4 0
-0.452616137686 1431178652.22 1499749665.2 1428329155.02 1817325162.54 2458453.2747 0 1 0
-0.392378912362 1425486100.15 1490312144.12 1421843543.6 1806005453.2 2458516.49746 2 14 0
-0.101361309338 1426261052.39 1491471992.86 1422606149.69 1805611175.22 2458474.31536 1 7 0
-0.436264276983 1433791615.14 1502559898.11 1430172075.43 1820684219.85 2458453.52932 0 5 1
-0.382287071289 1430396885.34 1496587260.36 1427384218.39 1809534467.64 2458516.6546 2 16 0
-0.0830281846527 1430227082.11 1497417548.64 1427315324.07 1812827084.56 2458474.60082 1 11 0
-0.391584992524 1428843676.37 1494457358.24 1425871031.36 1802532513.46 2458516.50983 2 14 0
-0.449156509437 1428749340.19 1497337601.49 1425676047.99 1815840484.04 2458453.32857 0 2 0
-0.0883388608088 1427802284.76 1494505513.92 1424591252.91 1810310852.86 2458474.51813 1 10 0
-0.0921947465318 1431897738.47 1499072526.47 1428662956.44 1815467234.54 2458474.45809 1 9 1
-0.379225169671 1432904328.43 1498481037.02 1429417164.8 1809053419.44 2458516.70228 2 17 1
-0.104629921899 1427046926.0 1493837578.06 1424280421.43 1804778285.41 2458474.26446 1 6 0
-0.396631660901 1426196199.25 1490462072.64 1422598092.03 1800561517.04 2458516.43124 2 13 0
-0.383874891258 1425425760.13 1489566261.83 1421772040.45 1801378005.48 2458516.62988 2 16 0
-0.456255675934 1430516712.87 1499544114.69 1427766208.25 1820048950.43 2458453.21802 0 0 0
-0.395705422795 1433847977.24 1499946799.0 1430469573.47 1809556027.29 2458516.44567 2 13 1
-0.390791092184 1429252696.96 1495295034.68 1426309536.14 1803404629.73 2458516.52219 2 14 0
-0.0999057725884 1434025861.72 1500978191.54 1430773564.96 1813105909.56 2458474.33802 1 7 1
-0.444374420476 1429337911.61 1498500648.59 1426228791.02 1820118843.64 2458453.40303 0 3 0
-0.38281633584 1429272063.6 1494966375.5 1426276183.96 1803731989.96 2458516.64636 2 16 0
-0.09166546335 1432362994.36 1498935754.57 1428904534.42 1812067718.74 2458474.46633 1 9 1
-0.399889794528 1432407200.15 1497945014.69 1429053136.8 1805558352.48 2458516.38051 2 12 1
-0.378298943018 1430205975.78 1495944077.63 1427196576.15 1806871993.8 2458516.7167 2 17 0
-0.452086865449 1431579606.49 1500687928.47 1428822228.21 1818206250.21 2458453.28294 0 1 0
-0.39171731127 1432139947.81 1498162721.31 1428741363.19 1809283133.2 2458516.50776 2 14 1
-0.103968326161 1433121777.63 1500741646.63 1429824058.79 1819398626.3 2458474.27476 1 6 1
-0.388126901496 1425281934.53 1489814137.56 1421672305.21 1802886952.96 2458516.56367 2 15 0
-0.0956529302657 1432649069.89 1499857409.38 1429292885.57 1815913141.34 2458474.40424 1 8 1
-0.0868833345261 1433849651.85 1501133381.22 1430442405.81 1817716217.39 2458474.5408 1 10 1
-0.0965791741442 1428440470.35 1495458025.15 1425374402.94 1810990963.29 2458474.38982 1 8 0
-0.383610249727 1427884522.22 1493405543.58 1424824315.41 1805269716.38 2458516.634 2 16 0
-0.104762242739 1429813661.69 1496600009.32 1426472270.8 1808008712.6 2458474.2624 1 6 1
-0.379357489973 1429196287.36 1494615993.27 1426189320.67 1803268712.09 2458516.70022 2 17 0
-0.444903705393 1428651719.32 1497641052.75 1425490692.93 1819460966.14 2458453.39479 0 3 0
-0.099641136201 1434071892.95 1501115739.73 1430646884.96 1815137647.43 2458474.34214 1 7 1
-0.390923407521 1432708841.07 1498935430.97 1429314226.1 1811066643.79 2458516.52013 2 14 1
-0.44902418755 1432576038.02 1501444791.34 1429078480.99 1820887427.89 2458453.33063 0 2 1
-0.0839544322095 1432881854.84 1499789236.73 1429243164.33 1813753891.11 2458474.5864 1 11 1
-0.400419069546 1429571394.69 1494926108.82 1426379825.21 1801388559.06 2458516.37227 2 12 1
-0.435999634465 1434162510.79 1503137017.94 1430626333.34 1825394785.02 2458453.53344 0 5 1
-0.434941085208 1434531978.36 1503650278.76 1431072063.78 1825228317.37 2458453.54992 0 5 1
-0.100699693862 1433359816.27 1500322420.19 1429980968.75 1815001956.25 2458474.32566 1 7 1
-0.394911525924 1434331554.19 1500073093.48 1430949146.83 1809217218.65 2458516.45803 2 13 1
-0.387068346048 1428690081.59 1494683655.86 1425677984.89 1807850581.54 2458516.58015 2 15 0
-0.0961822087524 1432345330.75 1499683845.15 1428960853.73 1814686929.18 2458474.396 1 8 1
-0.0911361888408 1432553342.23 1500448188.88 1429218640.81 1818758470.2 2458474.47457 1 9 1
-0.378034311984 1430293657.56 1496286769.41 1427242883.05 1807176390.28 2458516.72083 2 17 0
-0.399757477307 1429243387.32 1494901925.04 1426393621.81 1803488880.46 2458516.38257 2 12 0
-0.457446547498 1425105844.93 1493908417.16 1421702998.51 1816396989.38 2458453.19948 0 0 1
-0.0928563619777 1425234105.24 1491419010.36 1421509986.87 1810037581.35 2458474.44779 1 9 0
-0.103836008281 1429707796.16 1497004373.62 1426805297.53 1811193961.31 2458474.27682 1 6 0
-0.452219182821 1434998534.87 1504628470.04 1431575571.87 1828977889.73 2458453.28088 0 1 1
-0.391981950499 1431834798.06 1497916669.47 1428373142.14 1810651474.33 2458516.50364 2 14 1
-0.440517830364 1432413703.4 1501314673.97 1428810718.08 1821897356.64 2458453.46308 0 4 1
-0.0842190789142 1432032211.07 1498849343.48 1428226494.14 1814207647.81 2458474.58228 1 11 1
-0.395440788381 1433978651.3 1499980600.9 1430627452.88 1810431182.01 2458516.44979 2 13 1
-0.104232962937 1432574157.73 1499954426.86 1429299562.97 1817825379.0 2458474.27064 1 6 1
-0.386671397074 1432379263.25 1498255628.34 1428936052.69 1811358797.59 2458516.58634 2 15 1
-0.396234699009 1433074994.41 1499036428.41 1429623595.93 1806640774.96 2458516.43742 2 13 1
-0.0971084673143 1425436424.99 1491165173.05 1421738765.71 1810889447.37 2458474.38158 1 8 0
-0.443845144053 1429617727.39 1498556272.91 1426640810.38 1818227102.01 2458453.41127 0 3 0
-0.378695893637 1433572929.83 1499157978.53 1430070875.38 1807326309.8 2458516.71052 2 17 1
-0.0917977832632 1428887908.63 1496138138.99 1426074945.42 1811757068.47 2458474.46427 1 9 0
-0.0879418926059 1432127329.42 1498872418.86 1428589401.12 1812580186.4 2458474.52431 1 10 1
-0.436131955515 1430416502.16 1499371224.51 1427421480.83 1818688926.72 2458453.53138 0 5 0
-0.38215475634 1433875194.05 1499945398.42 1430503910.99 1812097126.05 2458516.65667 2 16 1
-0.0831605039977 1433668150.19 1500970836.76 1430275261.36 1814400322.77 2458474.59876 1 11 1
-0.38759761978 1428352546.15 1494058385.33 1425317485.96 1804794069.94 2458516.57191 2 15 0
-0.0963145298618 1428831641.13 1495802244.64 1425893331.84 1810296752.76 2458474.39394 1 8 0
-0.435734993981 1434243923.75 1503465564.9 1430785192.95 1825070123.74 2458453.53756 0 5 1
-0.440782474437 1431544163.62 1500153891.05 1427640874.14 1818819664.97 2458453.45896 0 4 1
-0.452483818849 1434885230.33 1504243065.74 1431491679.23 1826355913.85 2458453.27676 0 1 1
-0.101228985597 1431934790.67 1498452655.25 1428162468.57 1813347002.01 2458474.31742 1 7 1
-0.39517615627 1434227417.63 1499523971.97 1430834111.79 1805337258.36 2458516.45391 2 13 1
-0.456652628497 1433065887.33 1502015633.99 1429948389.76 1821937908.49 2458453.21184 0 0 1
-0.396499340001 1432012558.07 1497469128.21 1428349745.51 1809652833.22 2458516.4333 2 13 1
-0.383345609572 1428546433.04 1494545333.74 1425616005.76 1804731866.19 2458516.63812 2 16 0
-0.445036027549 1431647424.04 1500714603.49 1427842388.45 1823951301.07 2458453.39273 0 3 1
-0.0882065376059 1431656428.49 1498664662.76 1428067920.85 1813279934.43 2458474.52019 1 10 1
-0.379092849818 1429587061.64 1495468320.69 1426575364.92 1806955107.46 2458516.70434 2 17 0
-0.0920624248541 1428620713.47 1495810896.29 1425590060.14 1809590530.03 2458474.46015 1 9 0
-0.104100644369 1429212959.86 1496478726.25 1426357660.21 1810924956.1 2458474.2727 1 6 0
-0.378431259313 1433669418.54 1499899718.29 1430253215.55 1814573313.52 2458516.71464 2 17 1
-0.0914008252281 1432392141.94 1499113739.79 1429093469.39 1810074108.1 2458474.47045 1 9 1
-0.382948653361 1432417897.15 1498278323.12 1429041042.77 1808044420.4 2458516.6443 2 16 1
-0.0875449293074 1428875572.54 1496103886.78 1426010273.03 1811367808.92 2458474.53049 1 10 0
-0.10017041071 1433925397.53 1501492830.01 1430621331.96 1818498152.42 2458474.3339 1 7 1
-0.448494904607 1433307880.9 1502743641.19 1429832343.35 1825408755.44 2458453.33887 0 2 1
-0.0968438200713 1427875092.63 1494836824.53 1424824557.57 1809043783.82 2458474.3857 1 8 0
-0.386406766787 1432544589.47 1498259472.7 1429171435.29 1806205483.99 2458516.59046 2 15 1
-0.39597005972 1433557675.52 1499579406.05 1430209173.74 1809585159.25 2458516.44154 2 13 1
-0.453013097485 1434395355.88 1503278351.2 1431052125.11 1823631711.59 2458453.26852 0 1 1
-0.395043840903 1430716210.58 1496476482.71 1427764827.46 1806234606.76 2458516.45597 2 13 0
-0.100964338892 1432812851.31 1499818051.38 1429320408.14 1817131223.42 2458474.32154 1 7 1
-0.443580508892 1429708717.0 1498145411.67 1426722424.54 1816395245.86 2458453.41539 0 3 0
-0.387200663539 1432261186.6 1498361469.21 1428832538.73 1809419957.43 2458516.57809 2 15 1
-0.0835574655018 1429915736.16 1497023382.85 1426888072.29 1814113790.25 2458474.59258 1 11 0
-0.435867313954 1430590153.68 1499371599.51 1427432082.71 1818575926.83 2458453.5355 0 5 0
-0.0925917147347 1427532013.39 1494015799.02 1424412293.21 1805638086.75 2458474.45191 1 9 0
-0.391188039632 1432549888.47 1498576425.04 1429113311.15 1809118793.01 2458516.51601 2 14 1
-0.448759545062 1433034467.22 1501799849.7 1429686909.79 1818485004.41 2458453.33475 0 2 1
-0.0997734542003 1430586193.44 1497867511.32 1427593249.53 1814952468.33 2458474.34008 1 7 0
-0.439326955362 1431049462.85 1499886318.34 1427978748.82 1818669470.65 2458453.48163 0 4 0
-0.399492844628 1429882842.28 1495916410.11 1426977204.51 1805427336.27 2458516.38669 2 12 0
-0.105026886184 1426119872.24 1492510563.93 1422413446.11 1807645649.44 2458474.25828 1 6 1
-0.444109781128 1429625944.96 1498751493.45 1426585378.31 1821011055.78 2458453.40715 0 3 0
-0.100435051075 1433743535.74 1500788824.12 1430304322.79 1817402249.0 2458474.32978 1 7 1
-0.0919301037447 1432294662.43 1499897697.39 1428810437.76 1819663238.66 2458474.46221 1 9 1
-0.453542384316 1432716900.51 1501286609.53 1428962031.95 1821365134.14 2458453.26027 0 1 1
-0.0843514026553 1426551945.3 1492371424.07 1422802752.65 1812568084.81 2458474.58022 1 11 0
-0.456520310527 1429985903.23 1498958237.02 1427278583.22 1820524905.61 2458453.2139 0 0 0
-0.0953882938784 1432541203.02 1499495186.02 1429226813.71 1813115801.8 2458474.40836 1 8 1
-0.440650152251 1428742027.27 1498187035.27 1425542501.31 1821355128.38 2458453.46102 0 4 0
-0.452351500611 1431406119.32 1500339097.08 1428475508.26 1818374376.58 2458453.27882 0 1 0
-0.399625160653 1433142459.98 1499370015.56 1429753376.33 1812936200.72 2458516.38463 2 12 1
-0.457578869116 1414567071.22 1482592229.96 1411486610.87 1804218361.28 2458453.19742 0 0 0
-0.0912685068401 1428887782.33 1496424262.01 1425998737.98 1813204339.24 2458474.47251 1 9 0
-0.0828958658459 1433750562.37 1501176036.06 1430434138.77 1819037795.78 2458474.60289 1 11 1
-0.391452674016 1432369238.15 1497903368.57 1428912402.98 1805828464.3 2458516.51189 2 14 1
-0.449288831593 1431730200.52 1500624744.65 1427914123.96 1820690457.86 2458453.32651 0 2 1
-0.445168349944 1426043811.1 1493928186.27 1422179316.19 1819576272.41 2458453.39067 0 3 0
-0.0923270688075 1428208327.51 1494833177.35 1425048971.14 1808881311.54 2458474.45603 1 9 0
-0.378960530502 1433185323.83 1499085883.12 1429744364.73 1810795537.7 2458516.7064 2 17 1
-0.0884711842807 1430744151.33 1497427872.24 1426858601.67 1810485843.87 2458474.51607 1 10 1
-0.453277739973 1433906046.9 1502979990.74 1430429957.75 1820209965.66 2458453.2644 0 1 1
-0.104497601687 1431540484.5 1498755532.49 1428306688.36 1816678291.16 2458474.26652 1 6 1
-0.38308097148 1428809488.2 1494546263.83 1425881715.45 1806076128.41 2458516.64224 2 16 0
-0.456784946915 1428877658.66 1498363384.81 1426182015.74 1820469464.38 2458453.20978 0 0 0
-0.0964468515395 1432139324.65 1499581133.79 1428730453.25 1816580954.68 2458474.39188 1 8 1
-0.387332981688 1428511969.7 1494448119.51 1425552149.42 1806222594.62 2458516.57603 2 15 0
-0.435338037441 1430862030.39 1499573223.77 1427698127.84 1820295270.72 2458453.54374 0 5 0
-0.105159208729 1417800399.94 1483527078.09 1414370808.05 1799565198.97 2458474.25622 1 6 0
-0.436528921086 1432730317.16 1501449942.18 1428727781.92 1826793650.68 2458453.52519 0 5 1
-0.40068371018 1425580905.47 1491331950.07 1422173277.84 1802893211.22 2458516.36815 2 12 1
-0.0832928238811 1429955560.55 1496800790.58 1426965453.22 1811370990.57 2458474.5967 1 11 0
-0.400154430826 1431473787.43 1496804028.03 1428172826.11 1805323517.91 2458516.37639 2 12 1
-0.091533144005 1428847351.66 1495514941.39 1425949443.63 1808278448.56 2458474.46839 1 9 0
-0.391849630616 1428432779.03 1494118206.15 1425461684.06 1803609279.09 2458516.5057 2 14 0
-0.38680371283 1428917880.58 1494739040.76 1425928424.62 1802498908.47 2458516.58428 2 15 0
-0.0955206118777 1429116292.99 1496500070.27 1426238875.69 1810734401.68 2458474.4063 1 8 0
-0.0967114968685 1431793727.66 1498805755.69 1428268402.6 1810758144.0 2458474.38776 1 8 1
-0.436661243452 1427239202.4 1495528764.02 1423561216.9 1823333237.69 2458453.52313 0 5 0
-0.395837740973 1430003737.21 1495997964.94 1427118637.16 1809524926.86 2458516.4436 2 13 0
-0.444242100533 1432993372.67 1502554326.36 1429456195.69 1827595813.25 2458453.40509 0 3 1
-0.390658777235 1432657703.5 1498529938.02 1429310157.15 1809414917.77 2458516.52425 2 14 1
-0.0836897871795 1433324110.11 1500711640.22 1429965796.11 1818966948.53 2458474.59052 1 11 1
-0.400551389669 1424008260.31 1489740164.79 1421200562.83 1802368412.87 2458516.37021 2 12 0
-0.452880776974 1430900777.78 1499605779.3 1427910076.53 1820156883.64 2458453.27058 0 1 0
-0.100832016138 1429462710.86 1496243008.88 1426431916.04 1808515813.9 2458474.3236 1 7 0
-0.44344819185 1433221696.66 1501890106.05 1429701050.57 1821703153.66 2458453.41745 0 3 1
-0.387862259935 1427852979.52 1493071176.05 1424733867.16 1801904459.38 2458516.56779 2 15 0
-0.0959175683876 1432547499.23 1499933447.16 1429143028.66 1817627066.62 2458474.40012 1 8 1
-0.0871479709434 1433594448.78 1500787074.7 1430253512.18 1814415407.59 2458474.53667 1 10 1
-0.383742570388 1430899815.99 1496269838.44 1427102446.14 1805546145.07 2458516.63194 2 16 1
-0.457049585515 1427208725.7 1495741213.0 1424424356.12 1814467721.6 2458453.20566 0 0 0
-0.399360529051 1433731108.1 1499872111.99 1430402317.88 1809866471.62 2458516.38875 2 12 1
-0.104894564148 1424617184.93 1491599146.85 1421719314.18 1806890523.2 2458474.26034 1 6 0
-0.0924593915618 1431615894.95 1498438857.12 1428079372.64 1814145478.4 2458474.45397 1 9 1
-0.379622131474 1426508385.05 1491360929.36 1422834255.73 1805084514.7 2458516.6961 2 17 0
-0.0886035080517 1425357568.22 1490951392.32 1421562449.92 1808707907.93 2458474.51401 1 10 0
-0.444639062037 1429052112.72 1497728494.15 1425884711.16 1817280584.73 2458453.39891 0 3 0
-0.453674706651 1427095460.79 1494779404.52 1423679523.93 1815236397.04 2458453.25821 0 1 0
-0.395308472027 1430418052.93 1495850467.09 1427463349.39 1801115173.56 2458516.45185 2 13 0
-0.456387993066 1433888526.93 1503822528.15 1430659667.19 1830275914.26 2458453.21596 0 0 1
-0.386539081736 1428903607.66 1494143320.99 1425980174.69 1799773166.01 2458516.5884 2 15 0
-0.443977462352 1433112426.46 1502229417.42 1429695606.48 1826051179.85 2458453.40921 0 3 1
-0.100302730594 1430306023.59 1497243048.02 1427352029.29 1815086130.79 2458474.33184 1 7 0
-0.0880742148218 1428396936.95 1495509197.7 1425329267.28 1811023608.84 2458474.52225 1 10 0
-0.382419386926 1433846219.63 1499983715.18 1430436907.99 1810568501.73 2458516.65254 2 16 1
-0.0827635474579 1430372456.18 1497090692.42 1427456895.07 1808053924.24 2458474.60495 1 11 0
-0.453145418475 1430516357.18 1499329770.14 1427670654.84 1817841470.44 2458453.26646 0 1 0
-0.104365282043 1428308423.17 1495449898.38 1425522723.16 1812071753.16 2458474.26858 1 6 0
-0.383213290227 1432148225.15 1498103585.15 1428680850.45 1808733557.2 2458516.64018 2 16 1
-0.439194638319 1434550473.84 1503730967.35 1431040767.31 1824993357.12 2458453.48369 0 4 1
-0.456917265931 1432021977.5 1501243730.58 1428856601.45 1823721764.08 2458453.20772 0 0 1
-0.396367019311 1429092710.23 1494540753.98 1426212219.4 1804234773.81 2458516.43536 2 13 0
-0.391320356525 1428871762.19 1494402460.22 1425880152.86 1803868377.92 2458516.51395 2 14 0
-0.449421153958 1426074459.01 1493159043.55 1422365986.41 1813370051.51 2458453.32445 0 2 0
-0.378828211785 1429788430.86 1495403821.76 1426725668.77 1805063724.49 2458516.70846 2 17 0
-0.4363965989 1429845625.89 1498784503.02 1426577863.46 1820144881.19 2458453.52725 0 5 0
-0.40081603099 1415752882.97 1480220358.77 1412507192.99 1792488305.45 2458516.36609 2 12 0
-0.0834251443924 1433521594.25 1500932751.83 1430123125.73 1816808741.87 2458474.59464 1 11 1
-0.0874126093942 1432853231.92 1500443808.64 1429424157.7 1818808724.11 2458474.53255 1 10 1
-0.387465300435 1432043668.85 1498053879.8 1428555686.6 1806579530.08 2458516.57397 2 15 1
-0.101096662065 1428838780.8 1495039950.55 1425829381.11 1806089380.7 2458474.31948 1 7 0
-0.452748457031 1434695962.59 1503985248.68 1431360429.79 1827366329.7 2458453.27264 0 1 1
-0.392246591492 1431053023.08 1496553592.48 1427349544.57 1805258284.39 2458516.49952 2 14 1
