0 2458474.52843 21 54.215 0.0
1 2458453.33681 28 90.2887 7.79068109903
2 2458474.33596 25 58.6541 0.90806046046
3 2458453.40097 21 87.1245 7.96864077649
4 2458474.38364 21 54.8708 -1.61850209048
5 2458453.22009 17 90.387 8.35143824588
6 2458453.285 18 89.5649 9.43187331714
7 2458516.56573 19 35.1752 1.03416426808
8 2458474.40218 28 58.066 1.1860749455
9 2458474.53874 35 58.9682 1.23200531746
10 2458453.46514 25 90.7705 7.14224118329
11 2458516.64842 17 34.6738 0.152356536666
12 2458516.37845 27 39.3034 -1.3172343115
13 2458516.71877 19 37.5503 1.41426643939
14 2458516.69816 18 36.0744 0.919291219955
15 2458474.44985 25 54.6527 -1.36324686438
16 2458453.39685 16 87.5219 6.15387898002
17 2458516.51807 24 39.7396 0.497240811303
18 2458453.33269 28 88.2108 5.84012402807
19 2458453.2036 19 87.424 5.76637927548
20 2458453.47957 20 87.7595 10.1882845285
21 2458516.63606 24 36.4386 0.539099820478
22 2458453.41333 16 88.0685 10.4368637686
23 2458516.56985 24 34.9314 0.818436083295
24 2458474.53461 47 57.7754 0.648110897944
25 2458516.58222 20 34.9561 0.974163571789
26 2458474.39806 26 56.065 0.0471999414337
27 2458474.58846 32 56.4403 -2.40728869365
28 2458516.37433 30 39.8612 -1.23590971591
29 2458474.27888 18 56.9961 3.07586906898
30 2458516.50158 27 38.6635 -0.0777382199689
31 2458516.65048 28 39.538 0.50539545331
32 2458516.72289 20 39.3038 2.35706445703
33 2458453.20154 28 87.5287 4.96785078194
34 2458474.60701 26 55.9528 2.02329664745
35 2458474.32772 41 56.7726 -0.51673675929
36 2458516.71258 23 38.7675 -0.470287778467
37 2458474.52637 29 56.636 -1.2973347418
38 2458474.58434 36 57.3462 -2.43938693281
39 2458453.26233 31 87.7606 4.73260571862
40 2458516.44773 39 38.7206 -1.29448870303
41 2458516.43948 29 38.9378 -0.876050703852
42 2458453.4569 30 90.8847 6.32448525486
43 2458453.2747 28 90.5068 7.31671649914
44 2458516.49746 37 40.3156 0.26878833636
45 2458474.31536 31 57.2258 -1.66864992248
46 2458453.52932 16 87.9007 6.39195762001
47 2458516.6546 33 41.3493 1.03988973378
48 2458474.60082 38 57.4903 0.658393299451
49 2458516.50983 35 39.2054 -0.271029155915
50 2458453.32857 25 89.0973 4.86943911588
51 2458474.51813 28 58.0235 -2.22141681428
52 2458474.45809 17 54.3927 -0.913661014137
53 2458516.70228 25 36.7074 0.457119427383
54 2458474.26446 32 57.563 0.107371176647
55 2458516.43124 27 40.0372 -0.601422356099
56 2458516.62988 41 38.8779 0.234970106333
57 2458453.21802 30 91.484 7.48479002792
58 2458516.44567 22 36.4931 -0.0543191009677
59 2458516.52219 32 39.9971 1.55784991964
60 2458474.33802 23 54.7307 2.01191525296
61 2458453.40303 28 90.1769 7.91577665627
62 2458516.64636 26 38.4518 -0.219865608903
63 2458474.46633 23 55.3275 1.01408454505
64 2458516.38051 25 36.455 0.0001
65 2458516.7167 24 39.9509 0.165743572158
66 2458453.28294 41 91.8156 8.34806799178
67 2458516.50776 22 35.9678 0.253676915849
68 2458474.27476 21 56.2345 2.62671779209
69 2458516.56367 29 39.258 0.807312352192
70 2458474.40424 20 56.0529 1.94343109608
71 2458474.5408 21 58.3863 2.17835798172
72 2458474.38982 25 56.1548 -1.53403818226
73 2458516.634 26 39.5383 -0.244183770742
74 2458474.2624 25 53.6372 -0.240645688757
75 2458516.70022 26 39.2269 -0.421425322799
76 2458453.39479 27 88.0845 5.68291342138
77 2458474.34214 23 56.4566 2.72340135453
78 2458516.52013 20 37.132 2.28405551159
79 2458453.33063 20 85.8675 5.41349945588
80 2458474.5864 19 53.7866 -1.59011745305
81 2458516.37227 18 35.3232 -0.379503985416
82 2458453.53344 23 88.6962 7.57153965104
83 2458453.54992 21 88.6626 9.65056617597
84 2458474.32566 22 54.7572 -0.689359078939
85 2458516.45803 22 38.5727 1.96856491598
86 2458516.58015 28 39.5698 -0.0963708603826
87 2458474.396 21 53.6671 0.179706203436
88 2458474.47457 29 56.3291 2.78268980467
89 2458516.72083 27 41.8323 1.10954402431
90 2458516.38257 29 38.3202 -1.10564333511
91 2458453.19948 15 85.5706 4.63781691185
92 2458474.44779 27 56.5139 -1.77841722805
93 2458474.27682 29 58.9679 2.02610686604
94 2458453.28088 16 87.7931 9.28800625411
95 2458516.50364 22 35.745 0.713403963794
96 2458453.46308 18 86.4797 7.15539077221
97 2458474.58228 20 54.0173 -2.31913619719
98 2458516.44979 30 34.9864 0.350974522434
99 2458474.27064 20 55.005 1.75772063574
100 2458516.58634 18 37.7237 1.9991073746
101 2458516.43742 20 35.8709 -0.0928214174451
102 2458474.38158 30 56.4273 -1.58336180348
103 2458453.41127 28 91.2777 9.41316779718
104 2458516.71052 19 35.5078 0.599396778383
105 2458474.46427 36 56.3402 -0.0807546384521
106 2458474.52431 20 53.5074 -1.23561320912
107 2458453.53138 24 90.6451 6.11998313799
108 2458516.65667 25 37.8464 2.11980008479
109 2458474.59876 21 53.9545 0.414703777241
110 2458516.57191 34 38.1132 0.130524293668
111 2458474.39394 26 55.8704 -0.735150602444
112 2458453.53756 18 90.4199 8.10410636717
113 2458453.45896 15 86.5512 6.63570421557
114 2458453.27676 19 87.9725 8.00501119238
115 2458474.31742 17 54.5278 -1.34325680783
116 2458516.45391 19 37.7758 1.24765013734
117 2458453.21184 26 87.4857 7.14554260199
118 2458516.4333 21 36.459 0.297226940571
119 2458516.63812 24 38.852 0.0570101586643
120 2458453.39273 19 85.2887 6.03698722821
121 2458474.52019 16 54.2639 -1.58407490836
122 2458516.70434 38 38.594 -0.190324842382
123 2458474.46015 34 56.7008 -0.973216885756
124 2458474.2727 28 58.0035 1.30125326663
125 2458516.71464 17 35.3993 0.385562364586
126 2458474.47045 22 54.532 2.27273282719
127 2458516.6443 30 36.2187 0.0792176230789
128 2458474.53049 31 58.1899 -0.537889264315
129 2458474.3339 19 55.4838 1.22545438397
130 2458453.33887 17 88.113 8.43265132417
131 2458474.3857 24 57.1277 -1.99472170176
132 2458516.59046 24 38.385 2.28695981004
133 2458516.44154 17 36.4131 -0.291570064178
134 2458453.26852 26 84.5103 6.75257597431
135 2458516.45597 29 39.639 1.22554733534
136 2458474.32154 20 54.8771 -1.14084870487
137 2458453.41539 38 90.5747 10.2775797657
138 2458516.57809 20 35.4934 0.51667976299
139 2458474.59258 25 56.5567 -1.54476057456
140 2458453.5355 26 91.9005 7.26211170488
141 2458474.45191 32 57.2247 -1.80948322724
142 2458516.51601 17 35.2835 1.0017852742
143 2458453.33475 22 86.2851 7.18151609215
144 2458474.34008 31 57.9987 1.73849845338
145 2458453.48163 30 91.2839 9.8620319949
146 2458516.38669 28 39.1201 0.0172050721586
147 2458474.25828 18 54.5755 -1.25596893886
148 2458453.40715 23 91.2028 9.27393923656
149 2458474.32978 23 53.9513 0.392719323062
150 2458474.46221 21 54.4548 0.402571772947
151 2458453.26027 14 85.3755 5.01522216683
152 2458474.58022 28 56.8895 -2.26573956027
153 2458453.2139 32 89.8317 7.4206083256
154 2458474.40836 19 54.3687 2.61078893906
155 2458453.46102 34 88.8255 6.37775561214
156 2458453.27882 27 91.1651 7.82781226198
157 2458516.38463 20 34.347 0.173410995057
158 2458453.19742 31 87.1321 3.29746160201
159 2458474.47251 42 59.4414 1.71666322292
160 2458474.60289 26 54.2924 1.55635705737
161 2458516.51189 18 36.1925 0.65462422994
162 2458453.32651 20 84.7651 5.23935737462
163 2458453.39067 25 88.5453 5.42240326667
164 2458474.45603 28 58.3507 -1.91508907253
165 2458516.7064 17 36.6665 0.121055420505
166 2458474.51607 20 55.1237 -1.6795439514
167 2458453.2644 23 84.6417 5.28783659205
168 2458474.26652 25 54.9765 0.562146799401
169 2458516.64224 28 38.8669 -0.35036502782
170 2458453.20978 25 90.7533 6.62322262547
171 2458474.39188 23 54.23 -0.89332529478
172 2458516.57603 29 38.7632 -0.0740967102979
173 2458453.54374 33 92.4753 8.85923243503
174 2458474.25622 45 56.4679 -2.43570258963
175 2458453.52519 16 88.7311 6.18833660782
176 2458516.36815 19 35.5428 -0.54153759573
177 2458474.5967 33 57.3909 -0.629863357779
178 2458516.37639 20 35.5721 -0.459664970714
179 2458474.46839 38 58.8771 1.05136688849
180 2458516.5057 32 38.2118 -0.360548301728
181 2458516.58428 25 38.5967 0.767392827428
182 2458474.4063 34 58.3438 1.64679847463
183 2458474.38776 20 53.6202 -1.01150171768
184 2458453.52313 37 91.2707 5.25234776057
185 2458516.4436 22 38.7401 -0.747242416339
186 2458453.40509 18 87.474 9.12624961601
187 2458516.52425 22 37.6505 2.94167445219
188 2458474.59052 21 54.1995 -1.35093844101
189 2458516.37021 20 38.5945 -1.01872495114
190 2458453.27058 29 90.5524 6.04420346322
191 2458474.3236 27 57.4766 -1.89190102725
192 2458453.41745 16 88.3406 11.5479183754
193 2458516.56779 24 38.9362 0.000359151573519
194 2458474.40012 28 55.8412 1.2279785297
195 2458474.53667 24 54.3489 1.74842450654
196 2458516.63194 16 36.519 1.11176162358
197 2458453.20566 25 91.1014 5.54302126229
198 2458516.38875 19 36.7008 0.888671726074
199 2458474.26034 28 55.5868 -0.6478762199
200 2458474.45397 17 54.004 -1.24502748164
201 2458516.6961 29 40.4158 -0.0767900802891
202 2458474.51401 31 57.0893 -1.88477573182
203 2458453.39891 31 89.814 6.8081987182
204 2458453.25821 29 87.5241 3.97540308532
205 2458516.45185 25 39.146 -0.143919987334
206 2458453.21596 21 88.6734 8.26805391809
207 2458516.5884 24 41.4268 1.23206424044
208 2458453.40921 19 87.4712 9.95089669689
209 2458474.33184 25 56.4874 0.117104867159
210 2458474.52225 30 57.3046 -2.23424956374
211 2458516.65254 30 37.8986 1.76101131406
212 2458474.60495 31 57.8843 1.04688051749
213 2458453.26646 27 86.9419 5.49048698393
214 2458474.26858 41 57.3072 0.930478578108
215 2458516.64018 23 35.4523 0.403236787005
216 2458453.48369 19 87.8956 10.5713316911
217 2458453.20772 33 88.2459 6.64075598535
218 2458516.43536 31 39.3819 -0.715572217467
219 2458516.51395 25 38.7685 -0.445468141258
220 2458453.32445 33 88.0987 4.81232565767
221 2458516.70846 30 39.111 -0.716382630161
222 2458453.52725 24 91.7144 5.64193860429
223 2458516.36609 20 38.9511 -0.967713530763
224 2458474.59464 23 53.4811 -0.219562754954
225 2458474.53255 26 53.6665 0.871662572078
226 2458516.57397 18 36.3489 0.769347986136
227 2458474.31948 26 57.6738 -2.24761236307
228 2458453.27264 20 88.2337 7.55935700007
229 2458516.49952 21 37.1891 0.822056014489
