-0.0876772498188 1431347434.78 1495264245.88 1429449664.66 1661400554.35 2458474.52843 1 10 1
-0.44862722455 1428389386.16 1494098525.33 1427734734.79 1664632679.95 2458453.33681 0 2 0
-0.100038091365 1429300927.06 1493389082.13 1427858150.17 1661094201.56 2458474.33596 1 7 0
-0.444506740988 1431653706.14 1497201725.46 1429653364.82 1667411982.66 2458453.40097 0 3 1
-0.0969761435732 1429833146.67 1494091237.42 1427596792.56 1662366709.25 2458474.38364 1 8 1
-0.456123359071 1433124538.81 1499307853.27 1431506089.41 1671686604.7 2458453.22009 0 0 1
-0.451954548467 1433758161.44 1499559699.19 1431896236.45 1669685713.67 2458453.285 0 1 1
-0.387994580626 1430036354.71 1492982056.17 1427767148.03 1658779257.36 2458516.56573 2 15 1
-0.0957852490426 1428091133.46 1492303931.44 1426650062.06 1659137060.17 2458474.40218 1 8 0
-0.0870156525553 1429270279.97 1493789885.67 1427715581.4 1661406014.7 2458474.53874 1 10 0
-0.440385508866 1428032583.03 1493832479.01 1426381825.23 1664483528.96 2458453.46514 0 4 0
-0.382684018977 1432208968.32 1495406679.82 1430184242.17 1659648455.06 2458516.64842 2 16 1
-0.400022112348 1427358265.73 1490634243.82 1425857694.06 1657179388.44 2458516.37845 2 12 0
-0.378166627291 1432731183.7 1495848251.88 1430689032.15 1659403411.82 2458516.71877 2 17 1
-0.379489810634 1431168375.01 1494323921.81 1429024973.81 1659350630.46 2458516.69816 2 17 1
-0.0927240382665 1429718793.63 1493960095.27 1427519607.65 1663647325.05 2458474.44985 1 9 1
-0.444771383506 1431264881.82 1497324454.0 1429268695.04 1670537055.86 2458453.39685 0 3 1
-0.391055723337 1428091182.43 1491449292.16 1426461555.3 1656823072.63 2458516.51807 2 14 0
-0.448891866051 1428179187.23 1494181076.9 1426432728.59 1666605013.37 2458453.33269 0 2 0
-0.457181905638 1428629631.75 1494806444.07 1426935187.84 1667782025.64 2458453.2036 0 0 1
-0.439459272733 1433087361.43 1498892475.22 1431120184.83 1669932328.9 2458453.47957 0 4 1
-0.383477929425 1430721081.1 1493823033.78 1428703912.12 1658528006.08 2458516.63606 2 16 1
-0.443712826233 1432084810.19 1497855694.47 1430182934.27 1667621669.73 2458453.41333 0 3 1
-0.387729939663 1430704717.12 1494184663.49 1428682089.42 1660840445.72 2458516.56985 2 15 1
-0.0872802897501 1428621505.93 1493289692.0 1427050281.85 1661187466.82 2458474.53461 1 10 0
-0.386936029155 1431420112.76 1495014786.93 1429449649.82 1660974579.59 2458516.58222 2 15 1
-0.0960498882709 1427962414.15 1492518779.93 1426273127.34 1662214971.73 2458474.39806 1 8 0
-0.0838221094552 1428492113.55 1492691925.66 1426769447.46 1661791114.13 2458474.58846 1 11 0
-0.400286749902 1426030612.22 1489123283.89 1424522817.54 1654217089.41 2458516.37433 2 12 0
-0.103703690581 1432436692.16 1496743969.88 1430540356.81 1664242010.8 2458474.27888 1 6 1
-0.392114270801 1427028694.98 1490136701.11 1425253971.65 1655162088.72 2458516.50158 2 14 0
-0.382551702682 1429157458.36 1492697688.31 1427540831.51 1658163284.6 2458516.65048 2 16 0
-0.377901997035 1432876100.18 1496409789.64 1430992642.11 1661009722.93 2458516.72289 2 17 1
-0.457314226328 1423023387.94 1489312903.05 1421612550.74 1661571978.39 2458453.20154 0 0 0
-0.0826312294287 1432727133.98 1497174031.24 1430820581.24 1664387625.3 2458474.60701 1 11 1
-0.100567372184 1428882376.63 1493030498.77 1427268729.94 1659013545.94 2458474.32772 1 7 0
-0.378563576146 1428980179.59 1492009801.74 1427246690.66 1656466268.55 2458516.71258 2 17 0
-0.0878095708983 1427677626.06 1491974815.7 1425990913.78 1660595420.69 2458474.52637 1 10 0
-0.0840867553824 1427973207.91 1491852891.12 1426206467.16 1658468945.09 2458474.58434 1 11 0
-0.45341006183 1428667070.72 1493825918.02 1427108889.89 1662560303.28 2458453.26233 0 1 0
-0.395573105304 1429344145.32 1492386507.28 1427830072.22 1656007980.34 2458516.44773 2 13 0
-0.396102379095 1428812493.78 1492018406.14 1427294136.91 1655909467.18 2458516.43948 2 13 0
-0.440914796832 1425125438.91 1489526678.64 1423065234.08 1661875312.48 2458453.4569 0 4 0
-0.452616137686 1430043797.8 1495550666.5 1428568332.97 1664334347.76 2458453.2747 0 1 0
-0.392378912362 1424753145.04 1487363798.6 1422661005.81 1655466768.37 2458516.49746 2 14 0
-0.101361309338 1425483411.76 1488262959.4 1423421303.64 1656475735.66 2458474.31536 1 7 0
-0.436264276983 1432542835.33 1498033175.78 1430491506.26 1667162074.3 2458453.52932 0 5 1
-0.382287071289 1429425183.85 1493141068.66 1427730154.76 1660428225.58 2458516.6546 2 16 0
-0.0830281846527 1429142062.77 1493526511.75 1427478649.95 1661015392.97 2458474.60082 1 11 0
-0.391584992524 1427872300.69 1490998239.45 1426255518.21 1655256181.02 2458516.50983 2 14 0
-0.449156509437 1427622944.82 1493099976.96 1425977234.83 1662693268.28 2458453.32857 0 2 0
-0.0883388608088 1426798084.32 1490839885.3 1425026860.31 1658884560.29 2458474.51813 1 10 0
-0.0921947465318 1430888186.46 1495417331.52 1429168653.08 1664983507.17 2458474.45809 1 9 1
-0.379225169671 1431923011.68 1494992805.33 1429859102.1 1660604299.9 2458516.70228 2 17 1
-0.104629921899 1426055282.36 1490180121.12 1424640549.33 1655964762.78 2458474.26446 1 6 0
-0.396631660901 1425490154.22 1487593861.88 1423506281.29 1653673563.74 2458516.43124 2 13 0
-0.383874891258 1424676094.28 1486570552.0 1422477247.21 1652375299.49 2458516.62988 2 16 0
-0.456255675934 1429352326.75 1495172335.34 1427977650.88 1666035080.08 2458453.21802 0 0 0
-0.395705422795 1432792936.93 1496262177.8 1430833204.01 1660761206.32 2458516.44567 2 13 1
-0.390791092184 1428268567.38 1491742363.33 1426737569.32 1655961076.06 2458516.52219 2 14 0
-0.0999057725884 1432871209.16 1496943408.07 1431033140.46 1662165986.38 2458474.33802 1 7 1
-0.444374420476 1428199945.07 1494238341.09 1426551391.14 1666866429.83 2458453.40303 0 3 0
-0.38281633584 1428292657.44 1491482497.62 1426634720.07 1655598582.34 2458516.64636 2 16 0
-0.09166546335 1431307240.55 1495222630.93 1429375245.2 1661859035.41 2458474.46633 1 9 1
-0.399889794528 1431387977.18 1494449312.31 1429487943.14 1658133137.75 2458516.38051 2 12 1
-0.378298943018 1429253326.77 1492560941.39 1427511112.84 1657626514.0 2458516.7167 2 17 0
-0.452086865449 1430427733.0 1496351812.56 1429108044.95 1665922668.7 2458453.28294 0 1 0
-0.39171731127 1431115602.2 1494622379.18 1429275441.44 1660524383.69 2458516.50776 2 14 1
-0.103968326161 1432074538.08 1496915876.9 1430192013.38 1666695667.83 2458474.27476 1 6 1
-0.388126901496 1424541607.59 1486786775.95 1422437203.71 1652968696.6 2458516.56367 2 15 0
-0.0956529302657 1431573230.82 1496056803.03 1429643021.84 1664366828.55 2458474.40424 1 8 1
-0.0868833345261 1432787017.69 1497365071.74 1430853076.99 1666436443.44 2458474.5408 1 10 1
-0.0965791741442 1427417473.92 1491745133.08 1425741358.16 1659258966.6 2458474.38982 1 8 0
-0.383610249727 1426961429.26 1490070938.74 1425243745.5 1655524109.75 2458516.634 2 16 0
-0.104762242739 1428753865.54 1492815741.34 1426915104.6 1659215579.97 2458474.2624 1 6 1
-0.379357489973 1428251378.35 1491199068.66 1426593321.24 1655077009.77 2458516.70022 2 17 0
-0.444903705393 1427492774.48 1493315394.56 1425799033.55 1665212672.94 2458453.39479 0 3 0
-0.099641136201 1433007009.11 1497341859.06 1431152697.18 1664740131.46 2458474.34214 1 7 1
-0.390923407521 1431742519.83 1495487891.74 1429824780.49 1662549123.64 2458516.52013 2 14 1
-0.44902418755 1431435389.77 1497224937.58 1429492736.69 1668324795.99 2458453.33063 0 2 1
-0.0839544322095 1431858656.8 1496121985.84 1429779612.53 1664533578.42 2458474.5864 1 11 1
-0.400419069546 1428559138.62 1491389710.0 1426709731.73 1654721332.06 2458516.37227 2 12 1
-0.435999634465 1432959700.17 1498800866.53 1431038641.52 1670126716.5 2458453.53344 0 5 1
-0.434941085208 1433347552.18 1499333167.02 1431463382.43 1670914166.15 2458453.54992 0 5 1
-0.100699693862 1432282696.35 1496535594.98 1430405906.76 1663959929.77 2458474.32566 1 7 1
-0.394911525924 1433290418.12 1496467682.9 1431391784.19 1660733573.59 2458516.45803 2 13 1
-0.387068346048 1427759979.87 1491355774.67 1426050738.78 1659284254.23 2458516.58015 2 15 0
-0.0961822087524 1431239599.51 1495787676.74 1429293533.38 1663447714.05 2458474.396 1 8 1
-0.0911361888408 1431437676.02 1496454306.98 1429503981.99 1666182044.2 2458474.47457 1 9 1
-0.378034311984 1429324411.83 1492785354.96 1427655809.78 1658547378.65 2458516.72083 2 17 0
-0.399757477307 1428261394.5 1491374765.63 1426663829.19 1655431605.05 2458516.38257 2 12 0
-0.457446547498 1423986748.4 1489668123.42 1422108289.17 1661333979.55 2458453.19948 0 0 1
-0.0928563619777 1424432869.18 1488088952.58 1422259824.25 1658374927.52 2458474.44779 1 9 0
-0.103836008281 1428673974.17 1493218782.2 1427132606.69 1660298780.56 2458474.27682 1 6 0
-0.452219182821 1433851049.84 1500345463.64 1431979349.68 1673748642.07 2458453.28088 0 1 1
-0.391981950499 1430808391.64 1494318651.8 1428779578.31 1660589183.59 2458516.50364 2 14 1
-0.440517830364 1431278684.8 1497057154.92 1429260309.34 1669079916.23 2458453.46308 0 4 1
-0.0842190789142 1430994968.16 1495170434.38 1428764077.72 1663752987.86 2458474.58228 1 11 1
-0.395440788381 1432971063.97 1496476212.13 1431100874.64 1661932577.36 2458516.44979 2 13 1
-0.104232962937 1431554635.41 1496246876.2 1429749818.71 1665932779.1 2458474.27064 1 6 1
-0.386671397074 1431373843.35 1494716017.09 1429357951.51 1660762992.25 2458516.58634 2 15 1
-0.396234699009 1432073080.32 1495481797.1 1430211988.58 1660473909.04 2458516.43742 2 13 1
-0.0971084673143 1424619430.48 1487841898.71 1422425199.81 1658354115.24 2458474.38158 1 8 0
-0.443845144053 1428450926.57 1494231641.84 1426871572.89 1664818192.97 2458453.41127 0 3 0
-0.378695893637 1432483195.69 1495507159.78 1430469244.91 1659257976.64 2458516.71052 2 17 1
-0.0917977832632 1427833402.26 1492315048.68 1426214465.17 1659829765.67 2458474.46427 1 9 0
-0.0879418926059 1431051949.7 1495079598.31 1428992909.86 1662265718.65 2458474.52431 1 10 1
-0.436131955515 1429242357.74 1494941654.09 1427672572.1 1664787480.7 2458453.53138 0 5 0
-0.38215475634 1432849799.29 1496387805.38 1430944080.74 1662733639.81 2458516.65667 2 16 1
-0.0831605039977 1432554588.08 1497000078.73 1430729361.69 1664367283.65 2458474.59876 1 11 1
-0.38759761978 1427401577.08 1490650770.08 1425724417.17 1655156529.59 2458516.57191 2 15 0
-0.0963145298618 1427789329.69 1492023921.63 1426174668.36 1659087499.73 2458474.39394 1 8 0
-0.435734993981 1433026674.79 1499057731.81 1431163908.43 1670408735.23 2458453.53756 0 5 1
-0.440782474437 1430357951.31 1495754562.32 1428140081.39 1665774070.99 2458453.45896 0 4 1
-0.452483818849 1433632615.21 1499689062.57 1431788634.33 1670325613.04 2458453.27676 0 1 1
-0.101228985597 1430939547.97 1494854911.31 1428773306.34 1663192490.03 2458474.31742 1 7 1
-0.39517615627 1433241663.51 1496065911.07 1431374336.0 1660077433.43 2458516.45391 2 13 1
-0.456652628497 1431926090.57 1497854952.39 1430282782.76 1669430309.36 2458453.21184 0 0 1
-0.396499340001 1431050900.67 1494053467.95 1428857760.42 1660817178.45 2458516.4333 2 13 1
-0.383345609572 1427592384.47 1491107763.15 1425973520.46 1656233821.69 2458516.63812 2 16 0
-0.445036027549 1430462266.54 1496285883.94 1428312638.0 1668216876.11 2458453.39273 0 3 1
-0.0882065376059 1430632197.59 1494941243.86 1428616248.13 1663502989.3 2458474.52019 1 10 1
-0.379092849818 1428644622.36 1492085699.76 1426994485.44 1657931384.5 2458516.70434 2 17 0
-0.0920624248541 1427594212.36 1492109335.92 1425939168.08 1660023286.74 2458474.46015 1 9 0
-0.104100644369 1428200173.19 1492730053.44 1426704262.06 1660081883.72 2458474.2727 1 6 0
-0.378431259313 1432655387.97 1496357388.84 1430642907.23 1663230734.51 2458516.71464 2 17 1
-0.0914008252281 1431333234.42 1495342147.59 1429497578.21 1661667159.6 2458474.47045 1 9 1
-0.382948653361 1431363402.49 1494639108.07 1429452030.52 1659359077.03 2458516.6443 2 16 1
-0.0875449293074 1427831513.28 1492365968.46 1426165192.39 1660683774.24 2458474.53049 1 10 0
-0.10017041071 1432832437.86 1497586778.22 1430940665.6 1665837224.06 2458474.3339 1 7 1
-0.448494904607 1432160946.42 1498450471.52 1430357507.39 1671597838.04 2458453.33887 0 2 1
-0.0968438200713 1426887592.66 1491105021.18 1425346873.92 1658520029.98 2458474.3857 1 8 0
-0.386406766787 1431495804.64 1494610710.66 1429592420.32 1658688922.89 2458516.59046 2 15 1
-0.39597005972 1432576939.14 1496073572.6 1430666114.94 1661898624.86 2458516.44154 2 13 1
-0.453013097485 1433219597.48 1498929150.44 1431351137.63 1670127746.99 2458453.26852 0 1 1
-0.395043840903 1429745567.85 1492992544.47 1428066659.87 1658107670.13 2458516.45597 2 13 0
-0.100964338892 1431798645.07 1496138604.86 1429840529.97 1665205554.28 2458474.32154 1 7 1
-0.443580508892 1428563456.34 1493928274.79 1426937451.73 1664346782.33 2458453.41539 0 3 0
-0.387200663539 1431244112.51 1494788509.09 1429308508.4 1660881051.4 2458516.57809 2 15 1
-0.0835574655018 1428900575.71 1493337434.76 1427188915.89 1661752854.78 2458474.59258 1 11 0
-0.435867313954 1429481360.74 1495189140.69 1427914580.01 1665078097.1 2458453.5355 0 5 0
-0.0925917147347 1426554874.63 1490406343.68 1424850888.13 1656812304.92 2458474.45191 1 9 0
-0.391188039632 1431457091.58 1494809295.32 1429480307.6 1659423101.81 2458516.51601 2 14 1
-0.448759545062 1431841067.17 1497459581.41 1430048344.64 1667565809.32 2458453.33475 0 2 1
-0.0997734542003 1429565211.0 1494144971.33 1427989518.23 1662973008.79 2458474.34008 1 7 0
-0.439326955362 1429858200.18 1495483091.5 1428225284.86 1664449418.36 2458453.48163 0 4 0
-0.399492844628 1428915658.54 1492421279.65 1427361267.21 1656607742.83 2458516.38669 2 12 0
-0.105026886184 1425128616.86 1488961270.25 1423012971.84 1657258273.35 2458474.25828 1 6 1
-0.444109781128 1428441296.9 1494362649.58 1426798037.83 1665312161.14 2458453.40715 0 3 0
-0.100435051075 1432723375.19 1497113074.98 1430822757.04 1666182433.2 2458474.32978 1 7 1
-0.0919301037447 1431209311.06 1496018922.74 1429176000.11 1665391329.08 2458474.46221 1 9 1
-0.453542384316 1431555571.36 1496997545.79 1429324004.74 1668016930.48 2458453.26027 0 1 1
-0.0843514026553 1425744942.76 1489103249.19 1423509863.67 1659795074.56 2458474.58022 1 11 0
-0.456520310527 1428807844.16 1494586500.01 1427352718.49 1665837138.98 2458453.2139 0 0 0
-0.0953882938784 1431495834.99 1495788458.25 1429618873.43 1663495251.47 2458474.40836 1 8 1
-0.440650152251 1427573147.41 1493784202.34 1425845381.34 1666401831.39 2458453.46102 0 4 0
-0.452351500611 1430285974.2 1496092584.44 1428794180.59 1665926726.5 2458453.27882 0 1 0
-0.399625160653 1432135707.57 1495777926.97 1430127084.72 1663214385.17 2458516.38463 2 12 1
-0.457578869116 1413663950.55 1478725879.91 1412015608.9 1650633209.68 2458453.19742 0 0 0
-0.0912685068401 1427867982.56 1492695207.83 1426382079.36 1661950967.97 2458474.47251 1 9 0
-0.0828958658459 1432646594.39 1497342497.75 1430765270.9 1665900454.91 2458474.60289 1 11 1
-0.391452674016 1431384964.26 1494459643.27 1429406715.13 1659519686.56 2458516.51189 2 14 1
-0.449288831593 1430535756.4 1496184824.0 1428414555.51 1667276401.67 2458453.32651 0 2 1
-0.445168349944 1425124800.94 1490072766.15 1422928293.64 1663591719.49 2458453.39067 0 3 0
-0.0923270688075 1427213410.23 1491182778.06 1425463728.41 1657959298.43 2458474.45603 1 9 0
-0.378960530502 1432187234.01 1495566739.94 1430255311.07 1661210527.36 2458516.7064 2 17 1
-0.0884711842807 1429748602.25 1493798686.68 1427645308.58 1662980734.26 2458474.51607 1 10 1
-0.453277739973 1432683125.83 1498524973.58 1430857219.56 1668158306.31 2458453.2644 0 1 1
-0.104497601687 1430464061.97 1494906579.24 1428599016.28 1663502166.05 2458474.26652 1 6 1
-0.38308097148 1427849050.28 1491185266.82 1426202545.55 1658276232.06 2458516.64224 2 16 0
-0.456784946915 1427743334.18 1494037066.64 1426417862.05 1665288010.51 2458453.20978 0 0 0
-0.0964468515395 1431070445.14 1495726240.03 1429141782.86 1665118592.22 2458474.39188 1 8 1
-0.387332981688 1427512792.66 1490913634.63 1425823822.19 1657440931.83 2458516.57603 2 15 0
-0.435338037441 1429705034.28 1495284202.86 1428051280.27 1665254678.62 2458453.54374 0 5 0
-0.105159208729 1417026865.09 1480305890.4 1415142621.98 1649690232.36 2458474.25622 1 6 0
-0.436528921086 1431596139.7 1497240367.57 1429305233.67 1670506103.34 2458453.52519 0 5 1
-0.40068371018 1424616229.56 1487848994.75 1422598301.5 1654483241.15 2458516.36815 2 12 1
-0.0832928238811 1428917029.18 1493108821.8 1427216546.1 1661358579.59 2458474.5967 1 11 0
-0.400154430826 1430486325.82 1493310571.62 1428607848.84 1657850466.45 2458516.37639 2 12 1
-0.091533144005 1427837636.74 1491850948.36 1426263393.11 1658675765.14 2458474.46839 1 9 0
-0.391849630616 1427497923.7 1490730664.5 1425928068.66 1655536555.36 2458516.5057 2 14 0
-0.38680371283 1427972975.72 1491326261.62 1426385524.01 1656077115.28 2458516.58428 2 15 0
-0.0955206118777 1428089555.26 1492709581.3 1426593921.62 1660140854.46 2458474.4063 1 8 0
-0.0967114968685 1430671914.35 1494861585.0 1428685817.41 1661118200.66 2458474.38776 1 8 1
-0.436661243452 1426310452.36 1491679967.44 1424067196.42 1666161956.06 2458453.52313 0 5 0
-0.395837740973 1429069230.3 1492588908.21 1427482117.15 1659623763.34 2458516.4436 2 13 0
-0.444242100533 1431747859.6 1498072867.31 1429798400.88 1670375817.13 2458453.40509 0 3 1
-0.390658777235 1431663665.63 1495003678.27 1429705601.17 1661434435.35 2458516.52425 2 14 1
-0.0836897871795 1432283241.96 1496948489.86 1430400762.8 1667041607.05 2458474.59052 1 11 1
-0.400551389669 1423107395.84 1486443518.82 1421600278.87 1653875539.7 2458516.37021 2 12 0
-0.452880776974 1429754646.47 1495340659.22 1428197116.4 1665174891.27 2458453.27058 0 1 0
-0.100832016138 1428460997.42 1492537533.51 1426852063.19 1658393865.73 2458474.3236 1 7 0
-0.44344819185 1432023574.96 1497512568.99 1430082140.68 1668345721.29 2458453.41745 0 3 1
-0.387862259935 1426910402.59 1489696825.24 1425118622.79 1654223863.66 2458516.56779 2 15 0
-0.0959175683876 1431488256.46 1496112842.24 1429543664.4 1665571429.09 2458474.40012 1 8 1
-0.0871479709434 1432530791.41 1496952929.96 1430715483.29 1664869906.72 2458474.53667 1 10 1
-0.383742570388 1429902895.29 1492738114.0 1427668006.47 1657560163.61 2458516.63194 2 16 1
-0.457049585515 1426124411.61 1491636840.83 1424711985.66 1662123750.75 2458453.20566 0 0 0
-0.399360529051 1432737729.68 1496366689.36 1430831836.09 1662860743.7 2458516.38875 2 12 1
-0.104894564148 1423629413.13 1487925892.76 1422133640.63 1654824001.91 2458474.26034 1 6 0
-0.0924593915618 1430586141.61 1494706423.35 1428621637.9 1663216268.87 2458474.45397 1 9 1
-0.379622131474 1425760158.26 1488331047.22 1423675951.77 1655670850.67 2458516.6961 2 17 0
-0.0886035080517 1424585136.63 1487762970.05 1422347826.08 1658231750.82 2458474.51401 1 10 0
-0.444639062037 1427925590.84 1493487570.98 1426226839.19 1663302939.21 2458453.39891 0 3 0
-0.453674706651 1426152294.41 1490939580.16 1424298096.89 1662545183.77 2458453.25821 0 1 0
-0.395308472027 1429467854.44 1492400318.03 1427962441.36 1655103457.41 2458516.45185 2 13 0
-0.456387993066 1432674662.13 1499273192.75 1430921283.33 1673312219.36 2458453.21596 0 0 1
-0.386539081736 1427946981.45 1490657091.71 1426347058.03 1653609751.87 2458516.5884 2 15 0
-0.443977462352 1431954890.46 1497969030.91 1430104022.22 1670475227.52 2458453.40921 0 3 1
-0.100302730594 1429283205.2 1493573466.16 1427568420.59 1662827209.97 2458474.33184 1 7 0
-0.0880742148218 1427389947.0 1491860600.75 1425809690.9 1660261013.8 2458474.52225 1 10 0
-0.382419386926 1432829011.29 1496406930.16 1430918260.15 1662324563.84 2458516.65254 2 16 1
-0.0827635474579 1429326189.11 1493309247.12 1427813576.64 1659124474.6 2458474.60495 1 11 0
-0.453145418475 1429323982.56 1494947190.08 1427748104.3 1664023566.13 2458453.26646 0 1 0
-0.104365282043 1427278664.84 1491666072.81 1425795387.86 1659396941.96 2458474.26858 1 6 0
-0.383213290227 1431118667.32 1494530454.07 1429101968.82 1660079343.41 2458516.64018 2 16 1
-0.439194638319 1433344961.93 1499353698.78 1431420966.24 1670767962.28 2458453.48369 0 4 1
-0.456917265931 1430839534.04 1496774726.44 1429104493.11 1668695095.2 2458453.20772 0 0 1
-0.396367019311 1428124801.83 1491042096.82 1426474826.57 1654884587.05 2458516.43536 2 13 0
-0.391320356525 1427924736.71 1491017933.51 1426303040.53 1656679953.49 2458516.51395 2 14 0
-0.449421153958 1425202834.24 1489480821.7 1423192968.46 1660784152.62 2458453.32445 0 2 0
-0.378828211785 1428865728.18 1492056055.02 1427181786.1 1657512514.64 2458516.70846 2 17 0
-0.4363965989 1428701854.4 1494553986.56 1426893359.9 1666091609.94 2458453.52725 0 5 0
-0.40081603099 1415034632.11 1477304753.15 1413290670.43 1643994510.89 2458516.36609 2 12 0
-0.0834251443924 1432515143.15 1497241245.58 1430783846.85 1667367927.39 2458474.59464 1 11 1
-0.0874126093942 1431769334.02 1496560877.64 1429775862.06 1666168584.11 2458474.53255 1 10 1
-0.387465300435 1431000047.23 1494437313.49 1429132511.97 1659425618.33 2458516.57397 2 15 1
-0.101096662065 1427860273.35 1491436568.51 1426150458.43 1656940340.07 2458474.31948 1 7 0
-0.452748457031 1433490539.92 1499561977.45 1431612314.08 1671305752.12 2458453.27264 0 1 1
-0.392246591492 1430028158.56 1492956660.15 1427874343.15 1657832775.08 2458516.49952 2 14 1
