0 2458888.7524567153 52 26.004776 0.0
1 2458888.75375301 47 25.019382 4.055947997718515
2 2458888.7550494904 26 24.89658 0.43161366330531953
3 2458888.756345605 43 23.903763 4.504450891623407
4 2458888.7576419003 33 22.698294 0.9284935665929738
5 2458888.758938195 38 23.305916 4.959632620655792
6 2458888.76023449 36 23.6059 1.1931969104279678
7 2458888.7615307854 52 24.118277 4.89977655431872
8 2458888.7628270853 31 22.824131 1.0671906911932123
9 2458888.76412338 40 20.899996 4.760267404441557
10 2458888.765419675 40 20.325382 0.8297308001799384
11 2458888.766715975 49 20.773083 4.484043841751144
12 2458888.7680122703 34 19.232178 0.4908306971688633
13 2458888.769308565 37 19.233267 4.239652309191901
14 2458888.77060486 29 20.29391 0.23346255154755996
15 2458888.77190116 39 19.683193 3.4423469381912226
16 2458888.7731974553 32 20.14578 -1.2726756074351986
17 2458888.774493935 45 20.147175 2.075660407486342
18 2458888.775790045 27 19.434643 -2.329233958985774
19 2458888.777086345 41 19.300077 1.231415435306267
20 2458888.7783826403 31 19.294266 -2.867486886014684
21 2458888.779678935 37 19.293388 0.7506924680176162
22 2458888.780975235 29 19.803682 -3.250947481222105
23 2458888.78227153 47 19.903067 0.6193656439654873
24 2458888.7835678253 43 18.600134 -3.269099762317567
25 2458888.78486412 50 18.34127 0.595088547012783
26 2458888.818556345 40 28.88328 0.405224457247217
27 2458888.81985264 37 25.926735 4.625907851505239
28 2458888.8211489352 31 23.578426 0.9947621540161301
29 2458888.822445235 50 22.92303 4.971002659304538
30 2458888.82374153 35 22.963741 1.2340188175023417
31 2458888.8250378254 50 23.603474 5.270384916880963
32 2458888.8263341202 37 23.104374 1.480654287188316
33 2458888.82763023 47 22.939922 5.435104494057719
34 2458888.828926715 33 21.544909 1.551980677359864
35 2458888.83022301 46 21.598515 5.317693769291429
36 2458888.8315193052 38 21.264067 1.0978102436218566
37 2458888.832815605 39 20.663082 4.677281788526833
38 2458888.8341119 35 20.015327 0.5153666190447345
39 2458888.835408195 40 19.528591 4.321162042156473
40 2458888.8367044902 40 19.728016 0.23006381968758838
41 2458888.8380006 39 19.396545 3.4531753484570538
42 2458888.839297085 32 20.178188 -0.8808643780567297
43 2458888.84059338 41 20.019407 2.3645731698018997
44 2458888.8418896752 39 20.589674 -1.9824427729047467
45 2458888.8431857903 38 19.896582 1.5344808112035038
46 2458888.84448227 29 20.116306 -2.537166584857832
47 2458888.845778565 36 19.3333 1.1371459987767363
48 2458888.8470748602 31 19.077562 -2.9014776386129384
49 2458888.84837116 42 19.217701 0.8568089287183845
50 2458888.849667455 29 19.679888 -2.949066985560521
51 2458888.85096375 41 19.388561 0.8054711454368729
52 2458888.884667455 38 24.403385 0.4475955206493636
53 2458888.88596375 39 25.166334 4.573569316270461
54 2458888.88725986 34 25.206394 0.8932164855049319
55 2458888.8885563454 45 24.835972 5.013927760808532
56 2458888.8898524554 40 24.797955 1.2497580496417362
57 2458888.891148935 46 24.134096 5.3069280246753925
58 2458888.892445235 33 22.573048 1.5066850729623018
59 2458888.8937415304 43 22.131916 5.412100133669846
60 2458888.895037825 29 22.226328 1.312169704773872
61 2458888.89633412 42 21.913155 5.018187290692092
62 2458888.897630415 41 21.51734 1.069823389071835
63 2458888.8989267154 44 20.31342 4.591828177619314
64 2458888.90022301 35 19.611885 0.536483679376282
65 2458888.901519305 48 19.976807 4.251219437134681
66 2458888.902815605 41 20.048428 0.1821381703587195
67 2458888.9041119004 38 19.726868 3.5167808427509044
68 2458888.905408195 32 19.373354 -0.8777524685630219
69 2458888.90670449 36 20.579573 2.5579748613688
70 2458888.908000785 32 19.892048 -1.9896034740077584
71 2458888.9092970854 35 20.098656 1.6187055969254942
72 2458888.91059338 33 19.333513 -2.5024886337717165
73 2458888.911889675 50 19.849892 1.1088135798697552
74 2458888.913185975 36 19.731506 -3.0560649389676877
75 2458888.9144822704 48 19.413506 0.8897144212810235
76 2458888.915778565 32 19.306232 -2.98359961567371
77 2458888.91707486 44 20.283718 1.0582596999363036
78 2458888.9507900453 31 27.598652 0.6971826018586775
79 2458888.9520863453 47 27.300995 4.729013436719892
80 2458888.95338264 38 24.232656 1.2030141110506498
81 2458888.954678935 49 23.373497 5.340253000182494
82 2458888.955975235 45 23.349678 1.4666146941541869
83 2458888.9572715303 42 22.498226 5.549263763989554
84 2458888.958567825 30 23.10397 1.697269879345502
85 2458888.95986412 42 21.86612 5.391222395379386
86 2458888.9611604153 38 21.576065 1.6846865932457253
87 2458888.9624567153 41 20.624836 5.342424681925436
88 2458888.96375301 38 21.636452 1.224560827569978
89 2458888.965049305 44 20.627003 5.078583046713249
90 2458888.966345605 36 20.855837 0.8461665469806331
91 2458888.9676419003 37 20.228825 4.582480461900354
92 2458888.96893838 35 18.906483 0.43728601991385424
93 2458888.97023449 52 19.36448 3.8361267882381083
94 2458888.9715307853 28 20.629473 -0.5431453339062671
95 2458888.9728270853 40 19.749577 2.82597873258142
96 2458888.97412338 29 19.948002 -1.5054516308674342
97 2458888.975419675 39 19.580566 1.9420992997780884
98 2458888.976715975 38 20.283924 -2.2183930064960276
99 2458888.9780122703 37 20.249882 1.4078722358206726
100 2458888.979308565 34 19.02438 -2.531170942209399
101 2458888.98060486 43 18.670538 1.1385172584885181
102 2458888.98190116 36 19.087502 -2.7301875100924997
103 2458888.9831974553 38 20.448982 1.1355278652902625
