-0.4857439802122414 918427369.3367323 953986899.7976965 917808422.2932278 1000191664.0750954 2458888.7524567153 0 0 18
-0.48566073069690674 924628653.3318994 960237615.7803544 923952920.7099588 1004582039.3562658 2458888.75375301 0 0 -22
-0.4855774692792707 925655219.631927 961524315.6290467 925023703.583563 1007134415.2640278 2458888.7550494904 0 0 18
-0.48549423133729164 928559240.9897921 964292017.5356178 927908090.2960999 1008440881.2617273 2458888.756345605 0 0 -22
-0.48541098179205733 928637394.0310044 964513770.4813466 927867611.3058219 1010221296.3353337 2458888.7576419003 0 0 18
-0.48532773227672976 930545938.9054171 966372973.2355013 930033328.8298153 1010600775.8162856 2458888.758938195 0 0 -22
-0.4852444827614022 930232507.5777578 965924645.4530767 929611784.8314099 1008944908.1128259 2458888.76023449 0 0 18
-0.4851612332161679 931826961.2432759 967628924.8899283 931265687.7394563 1013118985.08198 2458888.7615307854 0 0 -22
-0.48507798337188035 931282582.9255557 967032965.7229766 930651940.4313514 1010198825.709155 2458888.7628270853 0 0 18
-0.4849947338565528 932604203.1279516 968334303.7393792 931867053.4585865 1014300825.3314482 2458888.76412338 0 0 -22
-0.4849114843412181 931958325.0201483 967701703.8888121 931429756.77752 1010934568.9711717 2458888.765419675 0 0 18
-0.4848282344969306 933081124.2998185 968764861.3961657 932290461.9054143 1014864902.1091332 2458888.766715975 0 0 -22
-0.48474498495169627 932628979.4701769 968602680.0510981 931840680.5323445 1014149640.8737385 2458888.7680122703 0 0 18
-0.4846617354363687 933565683.0663222 969341731.4702153 932725295.2671251 1015343684.7469935 2458888.769308565 0 0 -22
-0.48457848592104114 932843967.0772519 968526399.294872 932179205.4847895 1011890956.92236 2458888.77060486 0 0 18
-0.4844952360767536 933790895.3084517 969561255.3269036 932951565.8540616 1015165405.7341464 2458888.77190116 0 0 -22
-0.4844119865315193 932959864.586951 968544509.6051579 932000771.4787236 1014649746.8264937 2458888.7731974553 0 0 18
-0.48432872514379 933962080.5307095 969754013.11542 933286651.0725421 1015657869.6655467 2458888.774493935 0 0 -22
-0.48424548750086416 933299335.8037081 968979454.0849204 932444065.6481051 1014866548.1034288 2458888.775790045 0 0 18
-0.4841622376565766 934086580.0021284 969851160.607471 933260830.1345464 1015769682.6318986 2458888.777086345 0 0 -22
-0.4840789881113423 933396461.1266818 969175713.1534255 932546961.3340833 1014994724.8092527 2458888.7783826403 0 0 18
-0.48399573859601475 934271750.6885387 970084040.542916 933401207.079689 1015601942.7596619 2458888.779678935 0 0 -22
-0.4839124887517272 933551726.582782 969142542.2007492 932786935.1908762 1012524376.1701856 2458888.780975235 0 0 18
-0.48382923923639254 934250867.5166013 970035266.2472169 933592199.6157556 1016097359.1069876 2458888.78227153 0 0 -22
-0.48374598969115823 933758011.5148818 969466825.0981637 933040242.399147 1013047126.9309311 2458888.7835678253 0 0 18
-0.48366274017583066 934422892.0634699 970186115.1861521 933557761.9091436 1016297123.9705999 2458888.78486412 0 0 -22
-0.4814989875503102 931465518.5002115 966838474.4138005 930742170.2759566 1010525098.8961055 2458888.818556345 0 1 18
-0.4814157380349826 933143288.9141443 968894666.3616313 932400288.7215285 1014880037.0525372 2458888.81985264 0 1 -22
-0.4813324884897483 932687074.3538375 968433430.3874123 931802211.1045007 1014269809.7091361 2458888.8211489352 0 1 18
-0.48124923864546076 933693803.0248942 969522574.276201 933085754.6485885 1015408450.9146056 2458888.822445235 0 1 -22
-0.4811659891301261 932994776.7075801 968797192.3449614 932260246.515723 1014596230.5682997 2458888.82374153 0 1 18
-0.4810827395848918 933758657.0786717 969403171.8191075 932917665.0870728 1013329636.3895409 2458888.8250378254 0 1 -22
-0.4809994900695642 933261445.344141 968970049.2508159 932482270.5674424 1014823950.6793644 2458888.8263341202 0 1 18
-0.4809162524266384 933998558.1278784 969663772.7460306 933159605.0786004 1015792231.10741 2458888.82763023 0 1 -22
-0.4808329907099491 933372597.2952614 969094575.9691281 932728056.1129556 1012206701.9532444 2458888.828926715 0 1 18
-0.48074974119462155 934132482.7103546 969810422.7912333 933298071.7069962 1015905321.8450999 2458888.83022301 0 1 -22
-0.48066649164938724 933503758.7956493 969292590.331493 932834696.9130322 1012349820.5624062 2458888.8315193052 0 1 18
-0.4805832418050997 934149987.7497562 969844552.3766354 933298477.391614 1013815082.0597795 2458888.832815605 0 1 -22
-0.48049999228977214 933531183.4736001 969196414.9005432 932753149.7513262 1012262405.1594537 2458888.8341119 0 1 18
-0.48041674277443747 934197265.6739323 969921565.0388753 933355784.2076517 1015984965.8452504 2458888.835408195 0 1 -22
-0.48033349322920316 933441525.1180284 969153358.6815482 932621674.2963539 1014975007.7675267 2458888.8367044902 0 1 18
-0.4802502555862773 934309852.9451258 970177149.5861528 933593718.2434227 1015987369.3271286 2458888.8380006 0 1 -22
-0.48016699386958805 933628075.695076 969352404.0275958 932914158.787853 1012578609.5116107 2458888.839297085 0 1 18
-0.4800837443542605 934290237.5091994 970013880.5724447 933560787.3726223 1015957312.1812139 2458888.84059338 0 1 -22
-0.4800004948090262 933597139.7135539 969292010.4895351 932849285.2342281 1012511106.0964746 2458888.8418896752 0 1 18
-0.47991725683714037 934233362.4740412 970021769.9918418 933414271.1934515 1015952048.6275867 2458888.8431857903 0 1 -22
-0.4798339954494111 933519971.5232208 969163268.4781709 932772700.175652 1012428282.1355965 2458888.84448227 0 1 18
-0.4797507459340835 934079162.4370553 969680603.2288073 933126735.5609169 1014132747.8255188 2458888.845778565 0 1 -22
-0.4796674963888492 933707248.0332456 969418907.2080926 932956528.2825215 1012494613.9828488 2458888.8470748602 0 1 18
-0.47958424654456167 934208431.8493891 969856149.1968414 933395967.2346904 1016130220.8360968 2458888.84837116 0 1 -22
-0.4795009970292341 933494987.4352958 969129132.078368 932510731.611445 1015220243.1387911 2458888.849667455 0 1 18
-0.47941774751389943 934146919.9444327 969774399.3071299 933273611.871125 1014212564.2927588 2458888.85096375 0 1 -22
-0.4772532576033015 931004468.1770525 966540727.7431929 930166947.5301709 1012632219.2572396 2458888.884667455 0 2 18
-0.47717000808797394 932366655.3033226 968051232.4176838 931446092.0433301 1014241620.541303 2458888.88596375 0 2 -22
-0.4770867704450481 931990523.9408698 967793209.9680669 931201171.4059134 1013557954.7882583 2458888.88725986 0 2 18
-0.4770035086984521 932827443.6985735 968471292.8199265 932081850.8559091 1014564547.9419379 2458888.8885563454 0 2 -22
-0.47692027105552626 932279834.5248221 968001367.5614754 931706736.3851237 1014091869.2895107 2458888.8898524554 0 2 18
-0.47683700966779696 933078149.7731977 968852285.3406241 932446313.7791654 1014726716.37356 2458888.891148935 0 2 -22
-0.4767537598235094 932337767.5276618 968012378.5253491 931483697.4514892 1014013165.3305919 2458888.892445235 0 2 18
-0.4766705102782751 933082256.2196627 968723082.1740701 932334031.1536682 1014862742.1378549 2458888.8937415304 0 2 -22
-0.47658726076294045 932485970.0138209 968180607.6504743 931787079.8067942 1011384079.487875 2458888.895037825 0 2 18
-0.4765040112476129 933221264.5239233 968877604.7276638 932470441.704097 1015056350.0362034 2458888.89633412 0 2 -22
-0.4764207617322853 932572800.7395804 968324095.022614 931816094.9774063 1014318207.6369891 2458888.897630415 0 2 18
-0.47633751185809103 933136379.1488442 968796768.2631176 932176724.1037207 1014987214.4726095 2458888.8989267154 0 2 -22
-0.47625426234276347 932654489.7988228 968389198.6971188 931971632.9066925 1011810683.6095235 2458888.90022301 0 2 18
-0.4761710128274359 933263530.6345917 968883265.2224822 932351045.5875611 1015185037.2527982 2458888.901519305 0 2 -22
-0.47608776298314837 932580229.7387455 968268459.3187529 931914060.8694596 1011393474.3361429 2458888.902815605 0 2 18
-0.47600451343791406 933145183.7991656 968743862.5642762 932205642.3113816 1015111210.8418136 2458888.9041119004 0 2 -22
-0.4759212639225865 932766104.4834262 968522503.0921056 932079089.7922059 1011639178.7757454 2458888.905408195 0 2 18
-0.4758380144072589 933147243.6048326 968725868.0835493 932288940.9121116 1013490492.0828083 2458888.90670449 0 2 -22
-0.47575476489192425 932737789.7568868 968389287.3401859 931967943.2918344 1013220036.1311383 2458888.908000785 0 2 18
-0.4756715150177371 933286908.4636121 968952225.1769968 932621598.0311782 1013336029.2654676 2458888.9092970854 0 2 -22
-0.4755882655024024 932809441.0618172 968574758.6102048 931950766.4469185 1014414348.9442925 2458888.91059338 0 2 18
-0.47550501598707484 933491970.5183918 969197289.6623861 932670795.1392202 1015264604.0437093 2458888.911889675 0 2 -22
-0.4754217661427873 933251065.4181291 968883146.34268 932377920.4652076 1015105952.4545374 2458888.913185975 0 2 18
-0.475338516597553 933929623.7128487 969731835.7781711 933041990.488996 1015541120.7639606 2458888.9144822704 0 2 -22
-0.47525526708222543 933307512.1324706 969026657.670865 932624428.6906047 1010936539.3705771 2458888.915778565 0 2 18
-0.47517201756689786 933804690.2756119 969445962.7937411 932866828.4821236 1015735463.3802048 2458888.91707486 0 2 -22
-0.47300679040112925 931302284.3640237 966835505.8251048 930489871.2618469 1011277246.4040987 2458888.9507900453 0 3 18
-0.4729235405568417 932758178.3158145 968483791.4449556 931949976.8304214 1014474283.9966714 2458888.9520863453 0 3 -22
-0.47284029104150704 932384464.2985566 968140083.9162741 931711399.4245458 1014037267.7969967 2458888.95338264 0 3 18
-0.4727570415261795 933151940.4020209 968931380.8452934 932513975.74733 1013714672.7308017 2458888.954678935 0 3 -22
-0.47267379168189194 932629183.3256006 968501976.9403737 931875924.3598621 1014209222.6640859 2458888.955975235 0 3 18
-0.47259054213665763 933418631.7354139 969202537.8960743 932472329.267101 1015278632.0483373 2458888.9572715303 0 3 -22
-0.47250729262133007 932815749.5225881 968610468.9872282 932015768.0181453 1014387457.7517809 2458888.958567825 0 3 18
-0.4724240431060025 933490419.9319375 969294347.4718403 932816147.5414095 1013652890.9663987 2458888.95986412 0 3 -22
-0.4723407935607682 932879351.8608451 968620742.8005372 932175718.2191166 1013410596.388505 2458888.9611604153 0 3 18
-0.47225754371648065 933497128.8768078 969153591.6911323 932695606.9155092 1013253204.9087234 2458888.9624567153 0 3 -22
-0.4721742942011531 932996434.2680755 968739378.7112004 932291816.1196201 1011807054.9017153 2458888.96375301 0 3 18
-0.4720910446858255 933608462.2691433 969325074.55652 932787982.4036181 1015424575.1764591 2458888.965049305 0 3 -22
-0.472007794841538 933016087.1047373 968708369.1939193 932280935.5553985 1011892251.3858237 2458888.966345605 0 3 18
-0.4719245452963037 933668636.1694199 969477978.5448403 932852873.2671041 1015419437.7422101 2458888.9676419003 0 3 -22
-0.4718412839085673 932968402.2204101 968739552.8678921 932102003.0848193 1014594954.7752924 2458888.96893838 0 3 18
-0.47175804626564144 933618580.6702855 969257325.4831758 932674022.9243832 1015515506.4496902 2458888.97023449 0 3 -22
-0.47167479672040713 932962974.6332192 968632336.1255263 932245544.5906963 1011961078.0273101 2458888.9715307853 0 3 18
-0.4715915468761196 933613155.1566336 969400795.9304183 932797788.9055767 1015367395.931742 2458888.9728270853 0 3 -22
-0.47150829736079203 933025819.1751435 968779333.7814481 932144242.4419829 1014635932.7981733 2458888.97412338 0 3 18
-0.47142504784546446 933676197.0953529 969518586.4977729 932929892.9763993 1015374475.7512608 2458888.975419675 0 3 -22
-0.4713417980011769 932996000.5419114 968695555.0326079 932314953.2944958 1012182521.5629833 2458888.976715975 0 3 18
-0.4712585484559426 933579346.0785073 969259461.2186353 932631494.0588303 1015080757.7139469 2458888.9780122703 0 3 -22
-0.47117529894061505 932968577.0263695 968621298.517283 931958848.768477 1014698408.126183 2458888.979308565 0 3 18
-0.4710920494252804 933770061.5691407 969629688.6559725 933003760.9714975 1015484399.9227672 2458888.98060486 0 3 -22
-0.47100879958099284 933016539.4135115 968725735.0597851 932317529.3671094 1012183969.530626 2458888.98190116 0 3 18
-0.47092555003575853 933708338.7922668 969443348.6687794 933069232.1623299 1014905844.1666266 2458888.9831974553 0 3 -22
