# wavelength (angstrom) 	 throughput
9.700000000000000000e+03 0.000000000000000000e+00
9.746500000000000000e+03 1.843043243261974250e-04
9.793000000000000000e+03 2.791923680067626970e-04
9.839500000000000000e+03 2.850915068856166626e-04
9.886000000000000000e+03 2.677303331327431654e-04
9.932500000000000000e+03 3.057177243370195097e-04
9.979000000000000000e+03 3.752816024969428941e-04
1.002550000000000000e+04 5.036647655038677812e-04
1.007200000000000000e+04 6.945723543264616887e-04
1.011850000000000000e+04 8.661128087062623746e-04
1.016500000000000000e+04 9.976056589478588844e-04
1.021150000000000000e+04 1.255896323161134840e-03
1.025800000000000000e+04 2.069755093934309929e-03
1.030450000000000000e+04 2.891552845456090912e-03
1.035100000000000000e+04 3.753748657356609144e-03
1.039750000000000000e+04 4.624860962219462697e-03
1.044400000000000000e+04 7.257128163729155944e-03
1.049050000000000000e+04 1.013742896401965271e-02
1.053700000000000000e+04 1.479331442214107742e-02
1.058350000000000000e+04 2.010042708777062467e-02
1.063000000000000000e+04 2.574537476882250014e-02
1.067650000000000000e+04 3.163539408735939473e-02
1.072300000000000000e+04 4.963126633201374316e-02
1.076950000000000000e+04 8.354169824731401406e-02
1.081600000000000000e+04 1.144910438762858362e-01
1.086250000000000000e+04 1.377396042695456790e-01
1.090900000000000000e+04 1.621442083416147761e-01
1.095550000000000000e+04 1.932521032798602545e-01
1.100200000000000000e+04 2.246425109602247783e-01
1.104850000000000000e+04 2.536367926116481764e-01
1.109500000000000000e+04 2.829100775080169439e-01
1.114150000000000000e+04 2.972218794268306485e-01
1.118800000000000000e+04 3.086511121876471808e-01
1.123450000000000000e+04 3.139573030409112953e-01
1.128100000000000000e+04 3.162940103290491356e-01
1.132750000000000000e+04 3.189579802558466515e-01
1.137400000000000000e+04 3.224407161613359607e-01
1.142050000000000000e+04 3.248099347612534160e-01
1.146700000000000000e+04 3.252719227729444773e-01
1.151350000000000000e+04 3.262849798102631649e-01
1.156000000000000000e+04 3.292573564341575443e-01
1.160650000000000000e+04 3.326495490824253332e-01
1.165300000000000000e+04 3.413449199623647123e-01
1.169950000000000000e+04 3.500845154587690633e-01
1.174600000000000000e+04 3.551771842421140857e-01
1.179250000000000000e+04 3.599740138025289138e-01
1.183900000000000000e+04 3.625757690267281119e-01
1.188550000000000000e+04 3.645409812449709741e-01
1.193200000000000000e+04 3.662071722598179147e-01
1.197850000000000000e+04 3.676892478980211543e-01
1.202500000000000000e+04 3.715638394634288022e-01
1.207150000000000000e+04 3.779815357177122581e-01
1.211800000000000000e+04 3.850035977685940525e-01
1.216450000000000000e+04 3.936473889933656545e-01
1.221100000000000000e+04 4.012445668336976357e-01
1.225750000000000000e+04 4.034337134377669054e-01
1.230400000000000000e+04 4.054736327724793865e-01
1.235050000000000000e+04 4.059011179152208215e-01
1.239700000000000000e+04 4.063280131988147859e-01
1.244350000000000000e+04 4.125959510543052988e-01
1.249000000000000000e+04 4.198089327310151053e-01
1.253650000000000000e+04 4.157909539797403076e-01
1.258300000000000000e+04 4.070218466487946496e-01
1.262950000000000000e+04 4.059286993661080922e-01
1.267600000000000000e+04 4.109945312751433488e-01
1.272250000000000000e+04 4.153983268622296054e-01
1.276900000000000000e+04 4.185387833508971145e-01
1.281550000000000000e+04 4.228555459498963831e-01
1.286200000000000000e+04 4.298016965503673181e-01
1.290850000000000000e+04 4.367286046413182965e-01
1.295500000000000000e+04 4.447514206528097591e-01
1.300150000000000000e+04 4.528077185486518719e-01
1.304800000000000000e+04 4.548359568815736331e-01
1.309450000000000000e+04 4.565577963111191462e-01
1.314100000000000000e+04 4.495414450629839909e-01
1.318750000000000000e+04 4.403626503240988255e-01
1.323400000000000000e+04 4.383962127104803486e-01
1.328050000000000000e+04 4.403229669680821523e-01
1.332700000000000000e+04 4.455904862554618817e-01
1.337350000000000000e+04 4.541354215547397932e-01
1.342000000000000000e+04 4.614435810450032704e-01
1.346650000000000000e+04 4.662115434419666915e-01
1.351300000000000000e+04 4.703768580894505114e-01
1.355950000000000000e+04 4.719061146559974662e-01
1.360600000000000000e+04 4.726118007756871520e-01
1.365250000000000000e+04 4.567012583680182813e-01
1.369900000000000000e+04 4.412352908774974658e-01
1.374550000000000000e+04 4.423760465662516794e-01
1.379200000000000000e+04 4.452122094303390676e-01
1.383850000000000000e+04 4.460961555961024394e-01
1.388500000000000000e+04 4.528841973423658462e-01
1.393150000000000000e+04 4.584179747148087736e-01
1.397800000000000000e+04 4.633432921621903899e-01
1.402450000000000000e+04 4.664891855982533087e-01
1.407100000000000000e+04 4.678121054793898947e-01
1.411750000000000000e+04 4.686140503016921754e-01
1.416400000000000000e+04 4.670683202341687768e-01
1.421050000000000000e+04 4.650739755996411429e-01
1.425700000000000000e+04 4.643747243870068320e-01
1.430350000000000000e+04 4.636739253724775356e-01
1.435000000000000000e+04 4.678283115892487021e-01
1.439650000000000000e+04 4.717765858153321057e-01
1.444300000000000000e+04 4.627111326156730930e-01
1.448950000000000000e+04 4.513350077541198324e-01
1.453600000000000000e+04 4.542507709978902963e-01
1.458250000000000000e+04 4.636715375956227403e-01
1.462900000000000000e+04 4.684663252470788186e-01
1.467550000000000000e+04 4.686015333880629297e-01
1.472200000000000000e+04 4.705630766240590512e-01
1.476850000000000000e+04 4.754231267410875539e-01
1.481500000000000000e+04 4.779335442973060011e-01
1.486150000000000000e+04 4.728990461652142208e-01
1.490800000000000000e+04 4.683615922510666052e-01
1.495450000000000000e+04 4.690265104053088496e-01
1.500100000000000000e+04 4.696278828661146210e-01
1.504750000000000000e+04 4.659069149437294888e-01
1.509400000000000000e+04 4.621649666793238298e-01
1.514050000000000000e+04 4.630474984676120620e-01
1.518700000000000000e+04 4.653914145475547270e-01
1.523350000000000000e+04 4.607137487763982575e-01
1.528000000000000000e+04 4.519961458464613613e-01
1.532650000000000000e+04 4.472651201988094294e-01
1.537300000000000000e+04 4.475806512354174593e-01
1.541950000000000000e+04 4.473189587016023760e-01
1.546600000000000000e+04 4.466260500260375577e-01
1.551250000000000000e+04 4.452928864345248594e-01
1.555900000000000000e+04 4.401228204381636422e-01
1.560550000000000000e+04 4.354666131506926274e-01
1.565200000000000000e+04 4.379287776173669267e-01
1.569850000000000000e+04 4.405708499481865714e-01
1.574500000000000000e+04 4.446096311058953532e-01
1.579150000000000000e+04 4.488398608096115794e-01
1.583800000000000000e+04 4.452330094791507875e-01
1.588450000000000000e+04 4.387480028509785357e-01
1.593100000000000000e+04 4.363212445911966442e-01
1.597750000000000000e+04 4.368839617466622749e-01
1.602400000000000000e+04 4.350788855631014251e-01
1.607050000000000000e+04 4.300483256883960159e-01
1.611700000000000000e+04 4.257721084619904839e-01
1.616350000000000000e+04 4.248348378671575887e-01
1.621000000000000000e+04 4.230349029743435407e-01
1.625650000000000000e+04 4.179673258491678478e-01
1.630300000000000000e+04 4.129344937852726938e-01
1.634950000000000000e+04 4.069161727076825996e-01
1.639600000000000000e+04 4.005522006988188610e-01
1.644250000000000000e+04 3.997160471021147798e-01
1.648900000000000000e+04 3.995246052155533856e-01
1.653550000000000000e+04 3.935495647216617487e-01
1.658200000000000000e+04 3.847254403342027507e-01
1.662850000000000000e+04 3.578381351993041859e-01
1.667500000000000000e+04 3.156942368534164101e-01
1.672150000000000000e+04 2.722673168744925154e-01
1.676800000000000000e+04 2.265613229380056826e-01
1.681450000000000000e+04 1.832373647596685085e-01
1.686100000000000000e+04 1.456201743358712108e-01
1.690750000000000000e+04 1.102044561571018516e-01
1.695400000000000000e+04 9.061357437037551033e-02
1.700050000000000000e+04 7.163453042904831258e-02
1.704700000000000000e+04 5.965353600516439675e-02
1.709350000000000000e+04 4.876993992949705398e-02
1.714000000000000000e+04 4.041701571295678447e-02
1.718650000000000000e+04 3.304770988116830649e-02
