0 2458474.52843 1107 2.84661 0.0
1 2458453.33681 1057 2.62075 7.9299091321
2 2458474.33596 1068 1.9295 1.03095148958
3 2458453.40097 1088 2.55238 7.97589183156
4 2458474.38364 1114 1.24747 -1.62479528953
5 2458453.22009 1090 3.78228 8.35377790733
6 2458453.285 1083 3.17415 9.42631908538
7 2458516.56573 1104 0.347693 1.04177987971
8 2458474.40218 1088 2.45739 1.29349145142
9 2458474.53874 1063 2.11918 1.35769043799
10 2458453.46514 1058 2.53377 7.28166252819
11 2458516.64842 1084 0.415821 0.153856807084
12 2458516.37845 1056 1.01277 -1.20184094044
13 2458516.71877 1057 0.997264 1.41671147648
14 2458516.69816 1094 2.09899 0.91571350522
15 2458474.44985 1104 2.60073 -1.34914596501
16 2458453.39685 1097 2.77187 6.15305681491
17 2458516.51807 1055 1.46292 0.6084996374
18 2458453.33269 1064 3.06683 5.98231901386
19 2458453.2036 1108 3.21928 5.77155174205
20 2458453.47957 1088 2.95232 10.182108596
21 2458516.63606 1081 0.603552 0.542704098258
22 2458453.41333 1103 3.45167 10.440812559
23 2458516.56985 1106 0.961639 0.837205321022
24 2458474.53461 1062 2.24749 0.776754943692
25 2458516.58222 1084 1.2366 0.964996292608
26 2458474.39806 1073 2.848 0.169882422685
27 2458474.58846 1067 2.37519 -2.27783442926
28 2458516.37433 1052 1.89023 -1.09902611018
29 2458474.27888 1085 1.99792 3.0687151202
30 2458516.50158 1055 2.01811 0.0813556096767
31 2458516.65048 1040 1.40148 0.620631222917
32 2458516.72289 1056 1.55469 2.36576835949
33 2458453.20154 1079 3.45909 5.10391698323
34 2458474.60701 1093 2.40665 2.0184443335
35 2458474.32772 1066 2.33971 -0.358559431178
36 2458516.71258 1039 1.46718 -0.33998384058
37 2458474.52637 1057 2.29349 -1.15787060002
38 2458474.58434 1076 2.11246 -2.28886482494
39 2458453.26233 1068 3.74805 4.87304676902
40 2458516.44773 1052 2.16473 -1.16185866855
41 2458516.43948 1072 1.86234 -0.733645269761
42 2458453.4569 1072 2.25098 6.44453456849
43 2458453.2747 1074 2.89032 7.4446273248
44 2458516.49746 1048 1.47045 0.393599778957
45 2458474.31536 1109 1.82556 -1.53404367614
46 2458453.52932 1108 2.85969 6.39210063576
47 2458516.6546 1031 1.72807 1.15398462545
48 2458474.60082 1068 1.5231 0.775632009757
49 2458516.50983 1050 1.53395 -0.140233035024
50 2458453.32857 1069 2.29587 5.00514411755
51 2458474.51813 1073 1.40924 -2.07961806574
52 2458474.45809 1097 1.94624 -0.915584905261
53 2458516.70228 1090 0.883994 0.462065700181
54 2458474.26446 1088 2.23334 0.225444355138
55 2458516.43124 1059 0.751088 -0.467699134484
56 2458516.62988 1057 1.57661 0.355681411545
57 2458453.21802 1071 3.87135 7.62510844787
58 2458516.44567 1076 1.06851 0.00308241949209
59 2458516.52219 1034 1.95188 1.66968996685
60 2458474.33802 1093 1.75498 2.02484527505
61 2458453.40303 1060 2.76896 8.02320747209
62 2458516.64636 1036 2.37857 -0.0990050206004
63 2458474.46633 1100 0.903351 1.00233174407
64 2458516.38051 1087 0.333158 -0.403967445265
65 2458516.7167 1032 1.54994 0.283436476234
66 2458453.28294 1060 3.27835 8.4884392688
67 2458516.50776 1081 1.48254 0.263707589367
68 2458474.27476 1117 3.01418 2.63259833785
69 2458516.56367 1060 1.23751 0.942631970082
70 2458474.40424 1088 2.07796 1.92702561646
71 2458474.5408 1082 1.46516 2.17029397444
72 2458474.38982 1091 2.81993 -1.38656718753
73 2458516.634 1054 1.75845 -0.128283136101
74 2458474.2624 1123 1.67048 -0.233621329059
75 2458516.70022 1047 2.00394 -0.282174717819
76 2458453.39479 1064 3.78197 5.80789950982
77 2458474.34214 1087 1.932 2.71749586769
78 2458516.52013 1073 0.937607 2.29244088288
79 2458453.33063 1080 2.71705 5.42739374415
80 2458474.5864 1093 1.67928 -1.59406987789
81 2458516.37227 1114 2.13581 -0.372442868749
82 2458453.53344 1103 4.19912 7.57516968958
83 2458453.54992 1089 3.08565 9.6559022595
84 2458474.32566 1099 1.6459 -0.68109989736
85 2458516.45803 1067 1.81211 1.95469410845
86 2458516.58015 1038 1.11831 0.0354947191192
87 2458474.396 1108 2.66961 0.181096862289
88 2458474.47457 1086 2.58059 2.78233951149
89 2458516.72083 1042 1.42022 1.22840068154
90 2458516.38257 1040 1.39966 -0.970778027197
91 2458453.19948 1113 2.80179 4.65946844661
92 2458474.44779 1087 1.11477 -1.63051702154
93 2458474.27682 1074 3.05095 2.16394467837
94 2458453.28088 1100 3.25909 9.29114650876
95 2458516.50364 1082 0.867095 0.729868985879
96 2458453.46308 1105 4.28972 7.16546273421
97 2458474.58228 1114 2.06849 -2.31715902218
98 2458516.44979 1076 0.770535 0.338177672368
99 2458474.27064 1108 1.16684 1.75112906811
100 2458516.58634 1074 0.597607 2.0137907311
101 2458516.43742 1105 0.898472 -0.080426514234
102 2458474.38158 1082 2.55652 -1.43451272619
103 2458453.41127 1070 4.44157 9.54343336518
104 2458516.71052 1075 1.94977 0.618123308278
105 2458474.46427 1071 2.61523 0.115152170218
106 2458474.52431 1101 1.55108 -1.23888879493
107 2458453.53138 1062 3.05496 6.25919419877
108 2458516.65667 1073 1.77923 2.13004967904
109 2458474.59876 1083 2.71177 0.409504903025
110 2458516.57191 1042 1.94643 0.247608064518
111 2458474.39394 1076 1.53433 -0.581393245835
112 2458453.53756 1096 2.30416 8.11410478228
113 2458453.45896 1101 3.39813 6.64586050114
114 2458453.27676 1089 3.60666 8.00609453191
115 2458474.31742 1119 2.09322 -1.32978137631
116 2458516.45391 1071 0.689321 1.25578578868
117 2458453.21184 1102 2.97356 7.14277061987
118 2458516.4333 1113 1.51569 0.321842861609
119 2458516.63812 1052 1.17266 0.181930241209
120 2458453.39273 1105 3.25952 6.04665347001
121 2458474.52019 1100 1.9692 -1.58531948649
122 2458516.70434 1043 1.09819 -0.0577707509324
123 2458474.46015 1071 2.53361 -0.82126151986
124 2458474.2727 1075 1.18619 1.43915620414
125 2458516.71464 1090 1.6135 0.388039387433
126 2458474.47045 1109 1.60055 2.27283570823
127 2458516.6443 1070 1.52755 0.094207305501
128 2458474.53049 1073 2.13843 -0.388238816389
129 2458474.3339 1096 2.14386 1.21369043514
130 2458453.33887 1098 2.85625 8.4342308803
131 2458474.3857 1081 1.76109 -1.82610025575
132 2458516.59046 1047 1.75928 2.2722931874
133 2458516.44154 1081 0.777573 -0.263357415232
134 2458453.26852 1105 3.02421 6.75439032954
135 2458516.45597 1033 2.16262 1.33310747959
136 2458474.32154 1112 0.90393 -1.13697566972
137 2458453.41539 1067 2.46195 10.4165198328
138 2458516.57809 1076 1.39215 0.537571163165
139 2458474.59258 1062 2.18474 -1.40396647192
140 2458453.5355 1060 2.92849 7.40428362538
141 2458474.45191 1071 2.52675 -1.66701053988
142 2458516.51601 1099 2.18987 0.998070710644
143 2458453.33475 1088 3.50991 7.18438633924
144 2458474.34008 1066 2.27294 1.87246929821
145 2458453.48163 1058 3.46823 9.98615534252
146 2458516.38669 1041 1.97244 0.123477213866
147 2458474.25828 1145 1.93147 -1.25163636314
148 2458453.40715 1067 3.53679 9.40938165092
149 2458474.32978 1099 1.68915 0.393562732281
150 2458474.46221 1084 1.5918 0.40641509398
151 2458453.26027 1106 3.55646 5.02788008162
152 2458474.58022 1079 2.27041 -2.11986682637
153 2458453.2139 1065 3.24162 7.57078784628
154 2458474.40836 1091 2.03033 2.59847878817
155 2458453.46102 1071 3.91398 6.50846620093
156 2458453.27882 1064 2.7458 7.97072850142
157 2458516.38463 1082 0.936085 0.18286809221
158 2458453.19742 1088 2.59908 3.42591279212
159 2458474.47251 1067 1.50742 1.84334038581
160 2458474.60289 1080 2.14985 1.55087721196
161 2458516.51189 1078 0.56954 0.667107601835
162 2458453.32651 1111 3.33603 5.23837850208
163 2458453.39067 1071 3.27236 5.55534462309
164 2458474.45603 1066 1.24364 -1.75744581988
165 2458516.7064 1065 0.601271 0.119729916823
166 2458474.51607 1113 2.21007 -1.66931901292
167 2458453.2644 1102 2.26814 5.29272338686
168 2458474.26652 1111 2.16757 0.568464738728
169 2458516.64224 1043 1.49911 -0.221942733558
170 2458453.20978 1069 4.23228 6.78801231297
171 2458474.39188 1108 2.64727 -0.893812487282
172 2458516.57603 1056 1.36485 0.106862344299
173 2458453.54374 1070 3.51693 8.99886614091
174 2458474.25622 1095 2.40959 -2.29829014564
175 2458453.52519 1098 3.31141 6.18232326901
176 2458516.36815 1120 1.25532 -0.504444171113
177 2458474.5967 1067 2.3606 -0.466650498387
178 2458516.37639 1089 0.782133 -0.446247725242
179 2458474.46839 1065 1.86333 1.17418822751
180 2458516.5057 1038 1.98294 -0.225156721331
181 2458516.58428 1042 2.1396 0.88980428968
182 2458474.4063 1070 2.26922 1.77315059054
183 2458474.38776 1111 2.01944 -1.01571756322
184 2458453.52313 1071 3.05946 5.37329457376
185 2458516.4436 1054 2.3063 -0.618053128015
186 2458453.40509 1101 3.27625 9.13397030884
187 2458516.52425 1076 1.05071 2.93112818929
188 2458474.59052 1096 2.00279 -1.33915826792
189 2458516.37021 1055 1.40881 -0.89349032396
190 2458453.27058 1074 3.44277 6.18533839884
191 2458474.3236 1075 2.343 -1.73225949381
192 2458453.41745 1096 3.62721 11.5538962047
193 2458516.56779 1044 0.535418 0.0951933392101
194 2458474.40012 1101 2.12614 1.22969567959
195 2458474.53667 1092 2.38233 1.74276933845
196 2458516.63194 1099 1.05118 1.10973577901
197 2458453.20566 1079 2.9166 5.65933728729
198 2458516.38875 1080 1.95717 0.889306141024
199 2458474.26034 1088 2.75493 -0.5080749513
200 2458474.45397 1104 2.56243 -1.24133194603
201 2458516.6961 1054 0.774036 0.0188827962442
202 2458474.51401 1072 1.78723 -1.74582920905
203 2458453.39891 1064 3.55849 6.94336546892
204 2458453.25821 1070 3.39764 4.12700628998
205 2458516.45185 1052 1.70585 0.0762770644248
206 2458453.21596 1106 2.33376 8.27730152204
207 2458516.5884 1050 1.10231 1.35373042743
208 2458453.40921 1100 3.40189 9.9627550163
209 2458474.33184 1078 2.9095 0.225184585268
210 2458474.52225 1072 2.18529 -2.08753445767
211 2458516.65254 1070 1.27041 1.76408217387
212 2458474.60495 1071 3.26084 1.17269370721
213 2458453.26646 1065 3.43855 5.64192718667
214 2458474.26858 1085 2.2535 1.05816869794
215 2458516.64018 1085 1.54346 0.395256597135
216 2458453.48369 1091 3.22265 10.5635354213
217 2458453.20772 1084 3.02128 6.63368990916
218 2458516.43536 1070 2.05813 -0.569625760359
219 2458516.51395 1064 1.58739 -0.311023523205
220 2458453.32445 1071 3.23453 4.92633195692
221 2458516.70846 1051 1.169 -0.564654356559
222 2458453.52725 1067 2.5459 5.76751411951
223 2458516.36609 1049 1.84058 -0.862836229181
224 2458474.59464 1090 2.16441 -0.213173231415
225 2458474.53255 1100 2.09133 0.874431592703
226 2458516.57397 1081 1.40916 0.776143382496
227 2458474.31948 1084 1.60681 -2.08103521883
228 2458453.27264 1089 2.92002 7.55610132071
229 2458516.49952 1078 1.30984 0.819799989621
