-0.0876772498188 1436093837.04 1502457003.76 1425674221.86 1707533987.77 2458474.52843 1 10 1
-0.44862722455 1433160176.11 1501694917.66 1424891417.82 1714188647.3 2458453.33681 0 2 0
-0.100038091365 1434033601.01 1500717973.0 1424925070.12 1710306427.67 2458474.33596 1 7 0
-0.444506740988 1436363018.47 1504610267.62 1425975359.5 1713593634.22 2458453.40097 0 3 1
-0.0969761435732 1434430628.3 1501454970.02 1423839456.07 1708292550.18 2458474.38364 1 8 1
-0.456123359071 1437808252.28 1506554916.51 1427776316.52 1718105098.3 2458453.22009 0 0 1
-0.451954548467 1438550655.68 1507035883.87 1428207440.4 1716361863.5 2458453.285 0 1 1
-0.387994580626 1434698803.98 1500536971.35 1424060328.96 1704444085.14 2458516.56573 2 15 1
-0.0957852490426 1432800684.29 1499619266.64 1423721866.71 1708427617.64 2458474.40218 1 8 0
-0.0870156525553 1434051164.14 1501351064.04 1424841489.57 1710647575.16 2458474.53874 1 10 0
-0.440385508866 1432790483.93 1501554975.97 1423551074.69 1714505966.69 2458453.46514 0 4 0
-0.382684018977 1437045602.84 1502897634.36 1426486901.54 1705098389.1 2458516.64842 2 16 1
-0.400022112348 1432163304.46 1498190194.15 1422897374.77 1705823114.08 2458516.37845 2 12 0
-0.378166627291 1437560314.64 1503370465.18 1427002274.04 1705670394.22 2458516.71877 2 17 1
-0.379489810634 1435779395.47 1501361448.09 1425222219.36 1705547227.18 2458516.69816 2 17 1
-0.0927240382665 1434394017.89 1501184444.38 1423734212.11 1709946855.88 2458474.44985 1 9 1
-0.444771383506 1436026855.61 1504870452.49 1425575245.62 1716908438.0 2458453.39685 0 3 1
-0.391055723337 1432865485.11 1498967957.24 1423568040.2 1706246331.75 2458516.51807 2 14 0
-0.448891866051 1432934153.46 1501608108.01 1423536164.36 1716271569.12 2458453.33269 0 2 0
-0.457181905638 1433320406.37 1502069028.61 1423171770.31 1714108208.25 2458453.2036 0 0 1
-0.439459272733 1437858252.49 1506271673.9 1427449901.67 1715503045.3 2458453.47957 0 4 1
-0.383477929425 1435479236.98 1501323653.43 1425000362.26 1705006177.7 2458516.63606 2 16 1
-0.443712826233 1436829906.18 1505229002.65 1426491904.18 1713217521.59 2458453.41333 0 3 1
-0.387729939663 1435448662.18 1501647639.81 1424975170.6 1707133460.93 2458516.56985 2 15 1
-0.0872802897501 1433434000.8 1500747266.15 1424157602.3 1711533200.12 2458474.53461 1 10 0
-0.386936029155 1436179538.39 1502332459.39 1425710951.34 1706750085.86 2458516.58222 2 15 1
-0.0960498882709 1432679698.39 1499660154.53 1423302514.06 1711574407.33 2458474.39806 1 8 0
-0.0838221094552 1433183464.62 1500053183.94 1423830622.98 1711464676.02 2458474.58846 1 11 0
-0.400286749902 1430569243.57 1496311661.08 1421509809.52 1703340127.47 2458516.37433 2 12 0
-0.103703690581 1437086825.51 1504118225.91 1426787413.74 1710333941.65 2458474.27888 1 6 1
-0.392114270801 1431692234.52 1497373287.11 1422282919.17 1703824206.72 2458516.50158 2 14 0
-0.382551702682 1433854489.28 1500040990.59 1424632441.94 1707094327.02 2458516.65048 2 16 0
-0.377901997035 1437644180.32 1503737136.93 1427296721.83 1707106004.64 2458516.72289 2 17 1
-0.457314226328 1427653312.18 1496421561.37 1418617409.41 1710924135.87 2458453.20154 0 0 0
-0.0826312294287 1437379488.09 1504257926.8 1427087668.0 1710223055.0 2458474.60701 1 11 1
-0.100567372184 1433628954.76 1500376785.73 1424300155.25 1709177044.19 2458474.32772 1 7 0
-0.378563576146 1433732389.58 1499539368.35 1424333501.95 1706024876.01 2458516.71258 2 17 0
-0.0878095708983 1432425864.78 1499314464.43 1423055075.99 1710047017.06 2458474.52637 1 10 0
-0.0840867553824 1432698273.91 1499151800.1 1423261889.92 1707804210.33 2458474.58434 1 11 0
-0.45341006183 1433442598.36 1501172335.52 1424137870.64 1711725629.63 2458453.26233 0 1 0
-0.395573105304 1434048033.98 1499712095.67 1424862215.8 1705360254.87 2458516.44773 2 13 0
-0.396102379095 1433420700.82 1499129067.33 1424269230.86 1704797572.0 2458516.43948 2 13 0
-0.440914796832 1429908531.42 1497197794.06 1420188742.2 1711165087.53 2458453.4569 0 4 0
-0.452616137686 1434849700.33 1503070743.86 1425696037.69 1713904133.34 2458453.2747 0 1 0
-0.392378912362 1429312406.41 1494641678.49 1419683595.69 1704848782.85 2458516.49746 2 14 0
-0.101361309338 1430242285.49 1495667034.47 1420398076.2 1706043095.88 2458474.31536 1 7 0
-0.436264276983 1437278389.22 1505466288.66 1426799357.63 1713346680.27 2458453.52932 0 5 1
-0.382287071289 1434121822.26 1500509089.5 1424825908.6 1709602172.7 2458516.6546 2 16 0
-0.0830281846527 1433936398.93 1501095734.42 1424607629.71 1710486548.81 2458474.60082 1 11 0
-0.391584992524 1432607292.29 1498545264.4 1423325983.3 1704076381.07 2458516.50983 2 14 0
-0.449156509437 1432414035.47 1500642204.6 1423087532.86 1712207938.81 2458453.32857 0 2 0
-0.0883388608088 1431589793.29 1498511722.4 1422128080.68 1708841470.53 2458474.51813 1 10 0
-0.0921947465318 1435504862.45 1502604728.07 1425411286.25 1711171843.44 2458474.45809 1 9 1
-0.379225169671 1436654148.76 1502421011.86 1426130731.73 1706799647.91 2458516.70228 2 17 1
-0.104629921899 1430996360.48 1497814968.43 1421649866.44 1706667348.54 2458474.26446 1 6 0
-0.396631660901 1430064637.19 1495086620.08 1420534371.57 1702348951.81 2458516.43124 2 13 0
-0.383874891258 1429272754.75 1493705158.52 1419462879.27 1701036773.87 2458516.62988 2 16 0
-0.456255675934 1434141655.99 1502585676.75 1425048308.82 1715051435.36 2458453.21802 0 0 0
-0.395705422795 1437546452.55 1503613117.65 1427100484.63 1706664145.72 2458516.44567 2 13 1
-0.390791092184 1433120778.67 1499201816.02 1423858561.35 1705124628.14 2458516.52219 2 14 0
-0.0999057725884 1437637848.94 1504462402.94 1427313282.22 1708826519.13 2458474.33802 1 7 1
-0.444374420476 1433027646.04 1501949613.85 1423704860.16 1716967659.41 2458453.40303 0 3 0
-0.38281633584 1432961743.53 1498653052.24 1423679443.57 1704610290.68 2458516.64636 2 16 0
-0.09166546335 1436067778.69 1502826554.04 1425706389.69 1708159870.5 2458474.46633 1 9 1
-0.399889794528 1436155238.8 1501916913.62 1425753353.09 1704540386.74 2458516.38051 2 12 1
-0.378298943018 1433991680.68 1499895607.05 1424598552.95 1707153713.06 2458516.7167 2 17 0
-0.452086865449 1435263235.22 1503930322.57 1426228727.14 1716054195.87 2458453.28294 0 1 0
-0.39171731127 1435873596.96 1501968994.22 1425532775.08 1706851413.23 2458516.50776 2 14 1
-0.103968326161 1436766087.0 1503847599.46 1426369317.78 1712495282.59 2458474.27476 1 6 1
-0.388126901496 1429078958.66 1494174408.24 1419485871.38 1702238184.09 2458516.56367 2 15 0
-0.0956529302657 1436222545.37 1503297831.58 1425902138.72 1710136063.68 2458474.40424 1 8 1
-0.0868833345261 1437474870.1 1504849064.32 1427164331.62 1712451764.59 2458474.5408 1 10 1
-0.0965791741442 1432095516.88 1499064274.21 1422749563.93 1709173555.52 2458474.38982 1 8 0
-0.383610249727 1431594845.05 1497370237.92 1422291663.22 1704139075.66 2458516.634 2 16 0
-0.104762242739 1433464760.36 1500171521.54 1423119647.61 1705477536.92 2458474.2624 1 6 1
-0.379357489973 1432862211.74 1498478284.27 1423615605.92 1704193602.69 2458516.70022 2 17 0
-0.444903705393 1432252117.01 1500642490.18 1422885008.03 1714908695.54 2458453.39479 0 3 0
-0.099641136201 1437854081.46 1504820075.67 1427436259.29 1711171168.77 2458474.34214 1 7 1
-0.390923407521 1436508804.69 1502940322.02 1426143006.02 1708812108.43 2458516.52013 2 14 1
-0.44902418755 1436185825.56 1504779534.41 1425770362.79 1714981237.7 2458453.33063 0 2 1
-0.0839544322095 1436449705.79 1503381056.46 1426047084.87 1710621246.61 2458474.5864 1 11 1
-0.400419069546 1433166356.82 1498468452.82 1422872182.08 1700964462.93 2458516.37227 2 12 1
-0.435999634465 1437685568.53 1505984902.55 1427300443.83 1716001361.97 2458453.53344 0 5 1
-0.434941085208 1438133889.05 1506797416.47 1427780278.72 1716905777.81 2458453.54992 0 5 1
-0.100699693862 1437017234.9 1503971268.88 1426629008.76 1710262192.99 2458474.32566 1 7 1
-0.394911525924 1438096331.0 1503822333.04 1427682327.96 1707025941.05 2458516.45803 2 13 1
-0.387068346048 1432561952.19 1499029909.93 1423159817.05 1708851080.92 2458516.58015 2 15 0
-0.0961822087524 1435934726.08 1502964340.17 1425494033.93 1709445100.41 2458474.396 1 8 1
-0.0911361888408 1436198645.06 1503723620.81 1425785253.6 1712478427.79 2458474.47457 1 9 1
-0.378034311984 1434145389.15 1500319459.14 1424764862.07 1707988494.99 2458516.72083 2 17 0
-0.399757477307 1432941816.87 1498764380.65 1423694434.67 1704629142.25 2458516.38257 2 12 0
-0.457446547498 1428664883.39 1496969531.65 1418317171.83 1707725052.51 2458453.19948 0 0 1
-0.0928563619777 1429142232.01 1495604963.82 1419296918.49 1706788202.48 2458474.44779 1 9 0
-0.103836008281 1433493939.17 1500599328.41 1424154201.88 1709933673.98 2458474.27682 1 6 0
-0.452219182821 1438617111.72 1507757559.28 1428278270.6 1719724150.74 2458453.28088 0 1 1
-0.391981950499 1435526702.85 1501728304.99 1425056256.68 1706603035.53 2458516.50364 2 14 1
-0.440517830364 1435990071.72 1504185340.76 1425491025.2 1715079740.57 2458453.46308 0 4 1
-0.0842190789142 1435558968.67 1502443048.89 1425006654.69 1709517707.6 2458474.58228 1 11 1
-0.395440788381 1437678930.38 1503864447.29 1427395928.36 1708199217.86 2458516.44979 2 13 1
-0.104232962937 1436283139.15 1503727970.01 1425966571.63 1712180135.5 2458474.27064 1 6 1
-0.386671397074 1436248062.13 1502441525.65 1425715044.24 1707236686.01 2458516.58634 2 15 1
-0.396234699009 1436851370.51 1502956726.22 1426441004.66 1706795960.87 2458516.43742 2 13 1
-0.0971084673143 1429313156.73 1495084653.77 1419405937.17 1707458245.04 2458474.38158 1 8 0
-0.443845144053 1433234613.99 1501445632.16 1423965988.13 1714016875.81 2458453.41127 0 3 0
-0.378695893637 1437264752.33 1502851594.49 1426723915.96 1705339755.52 2458516.71052 2 17 1
-0.0917977832632 1432496048.59 1499598812.9 1423286494.04 1709694906.95 2458474.46427 1 9 0
-0.0879418926059 1435702857.91 1502523122.67 1425275717.71 1708460267.36 2458474.52431 1 10 1
-0.436131955515 1434029140.84 1502480325.98 1424822515.26 1714158135.94 2458453.53138 0 5 0
-0.38215475634 1437668841.16 1503781506.0 1427236380.08 1709333790.9 2458516.65667 2 16 1
-0.0831605039977 1437240833.61 1504187369.35 1426989555.39 1710537907.6 2458474.59876 1 11 1
-0.38759761978 1431998634.65 1497925347.85 1422763514.21 1703861002.65 2458516.57191 2 15 0
-0.0963145298618 1432510694.02 1499595517.01 1423248552.3 1708887958.14 2458474.39394 1 8 0
-0.435734993981 1437828781.59 1506785409.77 1427525924.75 1716965629.93 2458453.53756 0 5 1
-0.440782474437 1435050747.89 1503137639.89 1424423169.11 1712147397.15 2458453.45896 0 4 1
-0.452483818849 1438342075.1 1506927039.92 1428062191.83 1716511437.21 2458453.27676 0 1 1
-0.101228985597 1435581084.74 1502140872.37 1424975184.52 1709575735.7 2458474.31742 1 7 1
-0.39517615627 1438075121.71 1503655673.82 1427690547.93 1705996242.87 2458516.45391 2 13 1
-0.456652628497 1436595537.92 1505115450.66 1426557308.85 1715091226.53 2458453.21184 0 0 1
-0.396499340001 1435772328.07 1501148201.37 1425051934.58 1706696401.75 2458516.4333 2 13 1
-0.383345609572 1432129231.81 1498312999.89 1423036214.63 1705301954.12 2458516.63812 2 16 0
-0.445036027549 1435190056.62 1503724601.95 1424573734.02 1714802751.76 2458453.39273 0 3 1
-0.0882065376059 1435314601.17 1502187441.08 1424865589.3 1709720014.39 2458474.52019 1 10 1
-0.379092849818 1433286403.69 1499524424.28 1424065418.5 1707327219.01 2458516.70434 2 17 0
-0.0920624248541 1432356374.21 1499420491.82 1422997985.54 1709679635.24 2458474.46015 1 9 0
-0.104100644369 1433027774.8 1500281443.87 1423784167.45 1709549026.35 2458474.2727 1 6 0
-0.378431259313 1437404935.64 1503606908.02 1426893721.48 1709347896.98 2458516.71464 2 17 1
-0.0914008252281 1436068208.52 1502716484.52 1425779945.93 1707662116.22 2458474.47045 1 9 1
-0.382948653361 1436062293.81 1501873656.76 1425720366.38 1705370001.08 2458516.6443 2 16 1
-0.0875449293074 1432600458.31 1499729602.48 1423244980.2 1710369532.35 2458474.53049 1 10 0
-0.10017041071 1437393602.95 1504807214.27 1427170635.87 1712199137.39 2458474.3339 1 7 1
-0.448494904607 1436936226.35 1506006337.61 1426695590.3 1718278080.13 2458453.33887 0 2 1
-0.0968438200713 1431702458.33 1498533827.97 1422387652.33 1708242783.31 2458474.3857 1 8 0
-0.386406766787 1436196451.12 1501948773.57 1425897978.08 1705337204.31 2458516.59046 2 15 1
-0.39597005972 1437366090.83 1503568270.83 1426937935.78 1708324775.3 2458516.44154 2 13 1
-0.453013097485 1437968397.83 1506297321.97 1427608896.28 1716320451.95 2458453.26852 0 1 1
-0.395043840903 1434467668.58 1500355222.12 1425106386.85 1707452389.77 2458516.45597 2 13 0
-0.100964338892 1436546435.68 1503806895.89 1426104150.16 1711252889.05 2458474.32154 1 7 1
-0.443580508892 1433447394.73 1501701471.27 1424131801.0 1713704386.31 2458453.41539 0 3 0
-0.387200663539 1435972562.75 1502053834.03 1425585022.36 1706807267.62 2458516.57809 2 15 1
-0.0835574655018 1433629240.66 1500700640.66 1424268620.24 1711739538.26 2458474.59258 1 11 0
-0.435867313954 1434269406.49 1502770764.05 1425096480.18 1713985963.32 2458453.5355 0 5 0
-0.0925917147347 1431232066.8 1497512470.03 1421878461.24 1705977121.57 2458474.45191 1 9 0
-0.391188039632 1436191513.45 1501992845.98 1425724752.6 1705178258.91 2458516.51601 2 14 1
-0.448759545062 1436633705.84 1504865937.24 1426330660.89 1713693974.69 2458453.33475 0 2 1
-0.0997734542003 1434349015.9 1501513121.53 1425062169.88 1712717986.64 2458474.34008 1 7 0
-0.439326955362 1434705192.91 1502927169.58 1425369381.04 1714060770.11 2458453.48163 0 4 0
-0.399492844628 1433609656.94 1499670953.76 1424392661.79 1705605143.41 2458516.38669 2 12 0
-0.105026886184 1429803523.28 1496176664.55 1419197283.38 1703530398.45 2458474.25828 1 6 1
-0.444109781128 1433300207.07 1501772609.98 1423926725.15 1714684746.09 2458453.40715 0 3 0
-0.100435051075 1437520815.21 1504499822.16 1427070069.43 1712375089.63 2458474.32978 1 7 1
-0.0919301037447 1435850172.81 1503353949.01 1425470758.06 1711208606.41 2458474.46221 1 9 1
-0.453542384316 1436236636.37 1504285946.51 1425541102.51 1714581105.59 2458453.26027 0 1 1
-0.0843514026553 1430379021.95 1496365236.67 1420526030.51 1709195575.63 2458474.58022 1 11 0
-0.456520310527 1433604027.89 1502115380.06 1424440171.78 1715080377.55 2458453.2139 0 0 0
-0.0953882938784 1436143874.14 1503017984.95 1425880752.57 1709183748.92 2458474.40836 1 8 1
-0.440650152251 1432365162.28 1501101332.52 1422919417.98 1716010062.28 2458453.46102 0 4 0
-0.452351500611 1435204036.39 1503869907.5 1425939956.66 1715391283.84 2458453.27882 0 1 0
-0.399625160653 1436826017.14 1503103269.86 1426389575.39 1709119229.5 2458516.38463 2 12 1
-0.457578869116 1418356590.31 1486053161.23 1409048453.35 1699741834.94 2458453.19742 0 0 0
-0.0912685068401 1432692173.92 1500339701.71 1423531592.04 1711300886.93 2458474.47251 1 9 0
-0.0828958658459 1437377714.96 1504678758.98 1427033963.9 1712492419.82 2458474.60289 1 11 1
-0.391452674016 1436044432.47 1502023468.51 1425711997.46 1705484843.66 2458516.51189 2 14 1
-0.449288831593 1435277315.72 1503513481.37 1424669557.34 1713380308.79 2458453.32651 0 2 1
-0.445168349944 1429837622.59 1497500737.52 1419990505.99 1713223321.36 2458453.39067 0 3 0
-0.0923270688075 1431995601.38 1498724143.88 1422566598.73 1707272563.52 2458474.45603 1 9 0
-0.378960530502 1436893049.01 1503064002.5 1426562913.46 1707274487.45 2458516.7064 2 17 1
-0.0884711842807 1434353288.85 1501009618.34 1423886315.06 1709341132.63 2458474.51607 1 10 1
-0.453277739973 1437398120.56 1505921879.51 1427141555.79 1713837646.31 2458453.2644 0 1 1
-0.104497601687 1435059708.33 1501869759.86 1424771503.09 1709040379.51 2458474.26652 1 6 1
-0.38308097148 1432572860.39 1498665905.42 1423288614.09 1707400105.88 2458516.64224 2 16 0
-0.456784946915 1432504929.24 1501322722.21 1423442753.78 1714569576.41 2458453.20978 0 0 0
-0.0964468515395 1435798058.67 1503024163.23 1425352251.73 1711692461.21 2458474.39188 1 8 1
-0.387332981688 1432293857.63 1498315358.09 1422888652.94 1707051563.16 2458516.57603 2 15 0
-0.435338037441 1434457381.7 1502751699.88 1425191626.89 1714771308.33 2458453.54374 0 5 0
-0.105159208729 1421615513.79 1487400978.74 1412078909.95 1698830355.29 2458474.25622 1 6 0
-0.436528921086 1436301721.55 1504593875.72 1425592023.9 1716669000.57 2458453.52519 0 5 1
-0.40068371018 1429273751.07 1495063139.8 1418794763.26 1700491006.9 2458516.36815 2 12 1
-0.0832928238811 1433707589.03 1500500881.77 1424310590.09 1710484395.97 2458474.5967 1 11 0
-0.400154430826 1435316695.52 1500922996.98 1424865094.16 1704170861.02 2458516.37639 2 12 1
-0.091533144005 1432625420.26 1499357562.72 1423375792.68 1708563277.58 2458474.46839 1 9 0
-0.391849630616 1432187002.67 1497949481.27 1422946978.47 1704987399.15 2458516.5057 2 14 0
-0.38680371283 1432706492.17 1498719659.4 1423450330.66 1705640265.4 2458516.58428 2 15 0
-0.0955206118777 1432814315.37 1500014819.42 1423675052.69 1709277730.51 2458474.4063 1 8 0
-0.0967114968685 1435315936.47 1502015576.82 1424897696.72 1707594522.3 2458474.38776 1 8 1
-0.436661243452 1431049656.76 1499174346.71 1421178880.0 1715789963.23 2458453.52313 0 5 0
-0.395837740973 1433649164.96 1499757718.48 1424471549.06 1708642829.5 2458516.4436 2 13 0
-0.444242100533 1436423066.96 1505369687.74 1426077834.34 1716822894.22 2458453.40509 0 3 1
-0.390658777235 1436469189.68 1502296958.45 1426024903.51 1707329207.82 2458516.52425 2 14 1
-0.0836897871795 1437004299.76 1504262603.27 1426651832.96 1713115804.49 2458474.59052 1 11 1
-0.400551389669 1427733513.44 1493859701.35 1418608116.04 1703346606.63 2458516.37021 2 12 0
-0.452880776974 1434505909.37 1502746844.48 1425286970.0 1714436611.73 2458453.27058 0 1 0
-0.100832016138 1433208109.09 1499878243.3 1423853834.92 1708316564.85 2458474.3236 1 7 0
-0.44344819185 1436784438.95 1504820806.5 1426386806.99 1714942116.88 2458453.41745 0 3 1
-0.387862259935 1431532186.76 1497131009.52 1422201390.67 1703508376.96 2458516.56779 2 15 0
-0.0959175683876 1436201073.03 1503541476.85 1425822620.02 1711744524.95 2458474.40012 1 8 1
-0.0871479709434 1437123113.19 1504036659.19 1426961407.72 1710683510.35 2458474.53667 1 10 1
-0.383742570388 1434583576.67 1500162297.68 1423928073.41 1703484734.35 2458516.63194 2 16 1
-0.457049585515 1430982002.33 1499133938.35 1421797567.65 1711849643.37 2458453.20566 0 0 0
-0.399360529051 1437442100.15 1503609475.51 1427061407.04 1709118695.51 2458516.38875 2 12 1
-0.104894564148 1428344771.01 1495066537.34 1419067062.74 1704596805.78 2458474.26034 1 6 0
-0.0924593915618 1435192518.88 1501847302.22 1424827272.76 1709482812.31 2458474.45397 1 9 1
-0.379622131474 1430392372.43 1495842100.43 1420726560.37 1704823742.88 2458516.6961 2 17 0
-0.0886035080517 1429247193.12 1495174750.24 1419408620.97 1707544855.3 2458474.51401 1 10 0
-0.444639062037 1432719152.98 1500968396.04 1423327300.6 1713197234.11 2458453.39891 0 3 0
-0.453674706651 1430872696.55 1498259906.82 1421338332.61 1711715406.16 2458453.25821 0 1 0
-0.395308472027 1434214784.05 1499695537.75 1424981385.48 1704324478.33 2458516.45185 2 13 0
-0.456387993066 1437451948.59 1506852041.12 1427230778.82 1719423647.0 2458453.21596 0 0 1
-0.386539081736 1432723998.23 1498236710.09 1423468921.78 1703307726.89 2458516.5884 2 15 0
-0.443977462352 1436751666.81 1505392219.32 1426419114.4 1717121694.8 2458453.40921 0 3 1
-0.100302730594 1434102637.87 1501026344.96 1424576708.45 1712531011.84 2458474.33184 1 7 0
-0.0880742148218 1432144033.93 1499231543.99 1422862271.66 1709530119.5 2458474.52225 1 10 0
-0.382419386926 1437640574.96 1503817957.92 1427242967.49 1708339389.06 2458516.65254 2 16 1
-0.0827635474579 1434147931.45 1500492562.47 1424868200.63 1708903925.17 2458474.60495 1 11 0
-0.453145418475 1434017076.25 1502291856.98 1424821277.14 1713469881.76 2458453.26646 0 1 0
-0.104365282043 1431996819.47 1498880230.68 1422811451.78 1708249894.05 2458474.26858 1 6 0
-0.383213290227 1435833831.69 1501836086.16 1425370707.14 1705910025.31 2458516.64018 2 16 1
-0.439194638319 1438133939.67 1506789702.04 1427754173.25 1717307665.79 2458453.48369 0 4 1
-0.456917265931 1435549325.2 1504184306.02 1425390027.93 1715010846.58 2458453.20772 0 0 1
-0.396367019311 1432786459.78 1498171710.23 1423469974.87 1704222508.52 2458516.43536 2 13 0
-0.391320356525 1432639852.3 1498302287.57 1423339406.86 1706063306.02 2458516.51395 2 14 0
-0.449421153958 1429960733.58 1496826245.57 1420233579.2 1710302669.43 2458453.32445 0 2 0
-0.378828211785 1433584809.56 1499565388.83 1424255964.31 1706807025.82 2458516.70846 2 17 0
-0.4363965989 1433464643.89 1502094270.78 1424037326.75 1715741922.83 2458453.52725 0 5 0
-0.40081603099 1419602247.45 1484520569.67 1410225507.22 1693211751.83 2458516.36609 2 12 0
-0.0834251443924 1437259340.96 1504505764.6 1427038371.68 1713543755.73 2458474.59464 1 11 1
-0.0874126093942 1436471797.69 1503882037.78 1426048694.93 1712324557.77 2458474.53255 1 10 1
-0.387465300435 1435705058.28 1501802595.91 1425394683.25 1705754942.06 2458516.57397 2 15 1
-0.101096662065 1432559464.93 1498963623.68 1423189833.9 1706470707.8 2458474.31948 1 7 0
-0.452748457031 1438290010.92 1507134571.55 1427901713.79 1718351382.0 2458453.27264 0 1 1
-0.392246591492 1434608719.01 1500207750.01 1424099662.31 1703640796.17 2458516.49952 2 14 1
