# wavelength (angstrom)	 throughput
7450 0.0000000e+00
7451 0.0000000e+00
7452 0.0000000e+00
7453 5.4390734e-04
7454 5.6489452e-04
7455 5.8543030e-04
7456 6.0551462e-04
7457 6.2514748e-04
7458 6.4432895e-04
7459 6.6305895e-04
7460 6.8133749e-04
7461 6.9916464e-04
7462 7.1654032e-04
7463 7.3346461e-04
7464 7.4764149e-04
7465 7.6118339e-04
7466 7.7409018e-04
7467 7.8636187e-04
7468 7.9799839e-04
7469 8.0899982e-04
7470 8.1936631e-04
7471 8.2909747e-04
7472 8.3819358e-04
7473 8.4665464e-04
7474 8.5448060e-04
7475 8.6167135e-04
7476 8.6822716e-04
7477 8.7414781e-04
7478 8.7943336e-04
7479 8.8408368e-04
7480 8.8809896e-04
7481 8.9147931e-04
7482 8.9422433e-04
7483 8.9633442e-04
7484 8.9780928e-04
7485 8.9864910e-04
7486 8.9885382e-04
7487 8.9842337e-04
7488 9.0972608e-04
7489 9.2138303e-04
7490 9.3339442e-04
7491 9.4576034e-04
7492 9.5848041e-04
7493 9.7155489e-04
7494 9.8498364e-04
7495 9.9876686e-04
7496 1.0129043e-03
7497 1.0273964e-03
7498 1.0422425e-03
7499 1.0574432e-03
7500 1.0729980e-03
7501 1.0889075e-03
7502 1.1051710e-03
7503 1.1217891e-03
7504 1.1387614e-03
7505 1.1560881e-03
7506 1.1737691e-03
7507 1.1918047e-03
7508 1.2101943e-03
7509 1.2289385e-03
7510 1.2480370e-03
7511 1.2674899e-03
7512 1.2848182e-03
7513 1.3023026e-03
7514 1.3199432e-03
7515 1.3377396e-03
7516 1.3556922e-03
7517 1.3738009e-03
7518 1.3920655e-03
7519 1.4104863e-03
7520 1.4290632e-03
7521 1.4477959e-03
7522 1.4666849e-03
7523 1.4857297e-03
7524 1.5049307e-03
7525 1.5242877e-03
7526 1.5438007e-03
7527 1.5634698e-03
7528 1.5832949e-03
7529 1.6032762e-03
7530 1.6234135e-03
7531 1.6437068e-03
7532 1.6641561e-03
7533 1.6847617e-03
7534 1.7055231e-03
7535 1.7264404e-03
7536 1.7568121e-03
7537 1.7880835e-03
7538 1.8202546e-03
7539 1.8533256e-03
7540 1.8872964e-03
7541 1.9221676e-03
7542 1.9579381e-03
7543 1.9946087e-03
7544 2.0321792e-03
7545 2.0706495e-03
7546 2.1100196e-03
7547 2.1502902e-03
7548 2.1914598e-03
7549 2.2335299e-03
7550 2.2764995e-03
7551 2.3203692e-03
7552 2.3651388e-03
7553 2.4108083e-03
7554 2.4573773e-03
7555 2.5048465e-03
7556 2.5532159e-03
7557 2.6024845e-03
7558 2.6526533e-03
7559 2.7037219e-03
7560 2.7572084e-03
7561 2.8117157e-03
7562 2.8672449e-03
7563 2.9237950e-03
7564 2.9813666e-03
7565 3.0399596e-03
7566 3.0995733e-03
7567 3.1602089e-03
7568 3.2218655e-03
7569 3.2845438e-03
7570 3.3482432e-03
7571 3.4129638e-03
7572 3.4787057e-03
7573 3.5454691e-03
7574 3.6132538e-03
7575 3.6820590e-03
7576 3.7518863e-03
7577 3.8227350e-03
7578 3.8946043e-03
7579 3.9674956e-03
7580 4.0414082e-03
7581 4.1163419e-03
7582 4.1922964e-03
7583 4.2692726e-03
7584 4.3420582e-03
7585 4.4154474e-03
7586 4.4894409e-03
7587 4.5640389e-03
7588 4.6392409e-03
7589 4.7150473e-03
7590 4.7914577e-03
7591 4.8684734e-03
7592 4.9460931e-03
7593 5.0243172e-03
7594 5.1031448e-03
7595 5.1825773e-03
7596 5.2626138e-03
7597 5.3432551e-03
7598 5.4245004e-03
7599 5.5063497e-03
7600 5.5888034e-03
7601 5.6718620e-03
7602 5.7555242e-03
7603 5.8397911e-03
7604 5.9246616e-03
7605 6.0101370e-03
7606 6.0962173e-03
7607 6.1829011e-03
7608 6.2689413e-03
7609 6.3554859e-03
7610 6.4425347e-03
7611 6.5300884e-03
7612 6.6181449e-03
7613 6.7067076e-03
7614 6.7957742e-03
7615 6.8853456e-03
7616 6.9754208e-03
7617 7.0660016e-03
7618 7.1570859e-03
7619 7.2486741e-03
7620 7.3407674e-03
7621 7.4333656e-03
7622 7.5264671e-03
7623 7.6200743e-03
7624 7.7141863e-03
7625 7.8088008e-03
7626 7.9039214e-03
7627 7.9995450e-03
7628 8.0956742e-03
7629 8.1923073e-03
7630 8.2894443e-03
7631 8.3870869e-03
7632 8.4923254e-03
7633 8.5986368e-03
7634 8.7060202e-03
7635 8.8144746e-03
7636 8.9239990e-03
7637 9.0345982e-03
7638 9.1462675e-03
7639 9.2590097e-03
7640 9.3728239e-03
7641 9.4877081e-03
7642 9.6036652e-03
7643 9.7206943e-03
7644 9.8387953e-03
7645 9.9579683e-03
7646 1.0078212e-02
7647 1.0199529e-02
7648 1.0321918e-02
7649 1.0445378e-02
7650 1.0569910e-02
7651 1.0695513e-02
7652 1.0822190e-02
7653 1.0949936e-02
7654 1.1078755e-02
7655 1.1208646e-02
7656 1.1367994e-02
7657 1.1530686e-02
7658 1.1696721e-02
7659 1.1866098e-02
7660 1.2038818e-02
7661 1.2214880e-02
7662 1.2394287e-02
7663 1.2577035e-02
7664 1.2763124e-02
7665 1.2952558e-02
7666 1.3145332e-02
7667 1.3341452e-02
7668 1.3540914e-02
7669 1.3743719e-02
7670 1.3949865e-02
7671 1.4159355e-02
7672 1.4372188e-02
7673 1.4588363e-02
7674 1.4807881e-02
7675 1.5030742e-02
7676 1.5256944e-02
7677 1.5486489e-02
7678 1.5719380e-02
7679 1.5955610e-02
7680 1.6197104e-02
7681 1.6442096e-02
7682 1.6690586e-02
7683 1.6942572e-02
7684 1.7198052e-02
7685 1.7457027e-02
7686 1.7719505e-02
7687 1.7985472e-02
7688 1.8254938e-02
7689 1.8527903e-02
7690 1.8804360e-02
7691 1.9084319e-02
7692 1.9367769e-02
7693 1.9654719e-02
7694 1.9945163e-02
7695 2.0239107e-02
7696 2.0536542e-02
7697 2.0837478e-02
7698 2.1141909e-02
7699 2.1449834e-02
7700 2.1761261e-02
7701 2.2076180e-02
7702 2.2394596e-02
7703 2.2716509e-02
7704 2.3006717e-02
7705 2.3297602e-02
7706 2.3589170e-02
7707 2.3881413e-02
7708 2.4174340e-02
7709 2.4467949e-02
7710 2.4762234e-02
7711 2.5057202e-02
7712 2.5352847e-02
7713 2.5649177e-02
7714 2.5946183e-02
7715 2.6243871e-02
7716 2.6542237e-02
7717 2.6841285e-02
7718 2.7141014e-02
7719 2.7441422e-02
7720 2.7742511e-02
7721 2.8044282e-02
7722 2.8346730e-02
7723 2.8649857e-02
7724 2.8953664e-02
7725 2.9258154e-02
7726 2.9563325e-02
7727 2.9869175e-02
7728 3.0151362e-02
7729 3.0432276e-02
7730 3.0711927e-02
7731 3.0990319e-02
7732 3.1267431e-02
7733 3.1543285e-02
7734 3.1817868e-02
7735 3.2091178e-02
7736 3.2363228e-02
7737 3.2634009e-02
7738 3.2903522e-02
7739 3.3171769e-02
7740 3.3438750e-02
7741 3.3704463e-02
7742 3.3968903e-02
7743 3.4232080e-02
7744 3.4493990e-02
7745 3.4754634e-02
7746 3.5014011e-02
7747 3.5272114e-02
7748 3.5528958e-02
7749 3.5784531e-02
7750 3.6038838e-02
7751 3.6291875e-02
7752 3.6554135e-02
7753 3.6815964e-02
7754 3.7077367e-02
7755 3.7338346e-02
7756 3.7598889e-02
7757 3.7859008e-02
7758 3.8118698e-02
7759 3.8377959e-02
7760 3.8636792e-02
7761 3.8895201e-02
7762 3.9153177e-02
7763 3.9410725e-02
7764 3.9667845e-02
7765 3.9924540e-02
7766 4.0180806e-02
7767 4.0436644e-02
7768 4.0692050e-02
7769 4.0947028e-02
7770 4.1201584e-02
7771 4.1455708e-02
7772 4.1709401e-02
7773 4.1962672e-02
7774 4.2215507e-02
7775 4.2467918e-02
7776 4.2769827e-02
7777 4.3075308e-02
7778 4.3384358e-02
7779 4.3696970e-02
7780 4.4013143e-02
7781 4.4332888e-02
7782 4.4656198e-02
7783 4.4983074e-02
7784 4.5313511e-02
7785 4.5647524e-02
7786 4.5985106e-02
7787 4.6326239e-02
7788 4.6670947e-02
7789 4.7019217e-02
7790 4.7371063e-02
7791 4.7726464e-02
7792 4.8085440e-02
7793 4.8447974e-02
7794 4.8814077e-02
7795 4.9183752e-02
7796 4.9556989e-02
7797 4.9933787e-02
7798 5.0314162e-02
7799 5.0698094e-02
7800 5.1118486e-02
7801 5.1545069e-02
7802 5.1977854e-02
7803 5.2416831e-02
7804 5.2862007e-02
7805 5.3313382e-02
7806 5.3770948e-02
7807 5.4234713e-02
7808 5.4704685e-02
7809 5.5180844e-02
7810 5.5663209e-02
7811 5.6151759e-02
7812 5.6646515e-02
7813 5.7147466e-02
7814 5.7654608e-02
7815 5.8167953e-02
7816 5.8687501e-02
7817 5.9213236e-02
7818 5.9745166e-02
7819 6.0283300e-02
7820 6.0827635e-02
7821 6.1378162e-02
7822 6.1934885e-02
7823 6.2497806e-02
7824 6.3054480e-02
7825 6.3616365e-02
7826 6.4183429e-02
7827 6.4755708e-02
7828 6.5333195e-02
7829 6.5915875e-02
7830 6.6503756e-02
7831 6.7096852e-02
7832 6.7695141e-02
7833 6.8298630e-02
7834 6.8907313e-02
7835 6.9521211e-02
7836 7.0140302e-02
7837 7.0764601e-02
7838 7.1394101e-02
7839 7.2028801e-02
7840 7.2668701e-02
7841 7.3313795e-02
7842 7.3964112e-02
7843 7.4619614e-02
7844 7.5280316e-02
7845 7.5946227e-02
7846 7.6617330e-02
7847 7.7293657e-02
7848 7.7937663e-02
7849 7.8583889e-02
7850 7.9232313e-02
7851 7.9882935e-02
7852 8.0535762e-02
7853 8.1190780e-02
7854 8.1848003e-02
7855 8.2507446e-02
7856 8.3169073e-02
7857 8.3832912e-02
7858 8.4498949e-02
7859 8.5167192e-02
7860 8.5837640e-02
7861 8.6510278e-02
7862 8.7185122e-02
7863 8.7862164e-02
7864 8.8541426e-02
7865 8.9222871e-02
7866 8.9906514e-02
7867 9.0592369e-02
7868 9.1280431e-02
7869 9.1970697e-02
7870 9.2663154e-02
7871 9.3357816e-02
7872 9.4006069e-02
7873 9.4652630e-02
7874 9.5297508e-02
7875 9.5940702e-02
7876 9.6582219e-02
7877 9.7222030e-02
7878 9.7860172e-02
7879 9.8496616e-02
7880 9.9131376e-02
7881 9.9764436e-02
7882 1.0039583e-01
7883 1.0102553e-01
7884 1.0165354e-01
7885 1.0227985e-01
7886 1.0290450e-01
7887 1.0352744e-01
7888 1.0414871e-01
7889 1.0476828e-01
7890 1.0538617e-01
7891 1.0600238e-01
7892 1.0661689e-01
7893 1.0722972e-01
7894 1.0784086e-01
7895 1.0845031e-01
7896 1.0904405e-01
7897 1.0963497e-01
7898 1.1022309e-01
7899 1.1080841e-01
7900 1.1139091e-01
7901 1.1197060e-01
7902 1.1254746e-01
7903 1.1312154e-01
7904 1.1369282e-01
7905 1.1426126e-01
7906 1.1482690e-01
7907 1.1538974e-01
7908 1.1594977e-01
7909 1.1650698e-01
7910 1.1706139e-01
7911 1.1761299e-01
7912 1.1816177e-01
7913 1.1870775e-01
7914 1.1925092e-01
7915 1.1979128e-01
7916 1.2032883e-01
7917 1.2086356e-01
7918 1.2139548e-01
7919 1.2192462e-01
7920 1.2246533e-01
7921 1.2300440e-01
7922 1.2354178e-01
7923 1.2407751e-01
7924 1.2461162e-01
7925 1.2514405e-01
7926 1.2567483e-01
7927 1.2620392e-01
7928 1.2673140e-01
7929 1.2725718e-01
7930 1.2778132e-01
7931 1.2830383e-01
7932 1.2882465e-01
7933 1.2934382e-01
7934 1.2986134e-01
7935 1.3037720e-01
7936 1.3089137e-01
7937 1.3140392e-01
7938 1.3191481e-01
7939 1.3242404e-01
7940 1.3293162e-01
7941 1.3343753e-01
7942 1.3394178e-01
7943 1.3444439e-01
7944 1.3497026e-01
7945 1.3549647e-01
7946 1.3602301e-01
7947 1.3654988e-01
7948 1.3707708e-01
7949 1.3760462e-01
7950 1.3813253e-01
7951 1.3866073e-01
7952 1.3918929e-01
7953 1.3971820e-01
7954 1.4024743e-01
7955 1.4077702e-01
7956 1.4130691e-01
7957 1.4183715e-01
7958 1.4236774e-01
7959 1.4289865e-01
7960 1.4342989e-01
7961 1.4396149e-01
7962 1.4449343e-01
7963 1.4502569e-01
7964 1.4555830e-01
7965 1.4609122e-01
7966 1.4662451e-01
7967 1.4715810e-01
7968 1.4766206e-01
7969 1.4816393e-01
7970 1.4866373e-01
7971 1.4916146e-01
7972 1.4965717e-01
7973 1.5015076e-01
7974 1.5064232e-01
7975 1.5113182e-01
7976 1.5161926e-01
7977 1.5210463e-01
7978 1.5258791e-01
7979 1.5306915e-01
7980 1.5354833e-01
7981 1.5402544e-01
7982 1.5450048e-01
7983 1.5497346e-01
7984 1.5544438e-01
7985 1.5591323e-01
7986 1.5638003e-01
7987 1.5684475e-01
7988 1.5730742e-01
7989 1.5776800e-01
7990 1.5822653e-01
7991 1.5868300e-01
7992 1.5914278e-01
7993 1.5960088e-01
7994 1.6005737e-01
7995 1.6051219e-01
7996 1.6096543e-01
7997 1.6141701e-01
7998 1.6186695e-01
7999 1.6231523e-01
8000 1.6276193e-01
8001 1.6320695e-01
8002 1.6365035e-01
8003 1.6409211e-01
8004 1.6453223e-01
8005 1.6497073e-01
8006 1.6540757e-01
8007 1.6584280e-01
8008 1.6627638e-01
8009 1.6670832e-01
8010 1.6713864e-01
8011 1.6756731e-01
8012 1.6799434e-01
8013 1.6841975e-01
8014 1.6884351e-01
8015 1.6926566e-01
8016 1.6967338e-01
8017 1.7007846e-01
8018 1.7048086e-01
8019 1.7088062e-01
8020 1.7127773e-01
8021 1.7167217e-01
8022 1.7206398e-01
8023 1.7245309e-01
8024 1.7283955e-01
8025 1.7322338e-01
8026 1.7360453e-01
8027 1.7398304e-01
8028 1.7435889e-01
8029 1.7473207e-01
8030 1.7510262e-01
8031 1.7547047e-01
8032 1.7583570e-01
8033 1.7619826e-01
8034 1.7655817e-01
8035 1.7691539e-01
8036 1.7727000e-01
8037 1.7762192e-01
8038 1.7797120e-01
8039 1.7831782e-01
8040 1.7864835e-01
8041 1.7897519e-01
8042 1.7929827e-01
8043 1.7961764e-01
8044 1.7993326e-01
8045 1.8024518e-01
8046 1.8055335e-01
8047 1.8085778e-01
8048 1.8115850e-01
8049 1.8145549e-01
8050 1.8174873e-01
8051 1.8203826e-01
8052 1.8232408e-01
8053 1.8260615e-01
8054 1.8288447e-01
8055 1.8315908e-01
8056 1.8342994e-01
8057 1.8369710e-01
8058 1.8396051e-01
8059 1.8422019e-01
8060 1.8447615e-01
8061 1.8472840e-01
8062 1.8497691e-01
8063 1.8522166e-01
8064 1.8549545e-01
8065 1.8576814e-01
8066 1.8603969e-01
8067 1.8631017e-01
8068 1.8657954e-01
8069 1.8684779e-01
8070 1.8711492e-01
8071 1.8738094e-01
8072 1.8764587e-01
8073 1.8790966e-01
8074 1.8817239e-01
8075 1.8843397e-01
8076 1.8869448e-01
8077 1.8895385e-01
8078 1.8921210e-01
8079 1.8946926e-01
8080 1.8972529e-01
8081 1.8998024e-01
8082 1.9023407e-01
8083 1.9048679e-01
8084 1.9073841e-01
8085 1.9098891e-01
8086 1.9123828e-01
8087 1.9148657e-01
8088 1.9175829e-01
8089 1.9203088e-01
8090 1.9230430e-01
8091 1.9257858e-01
8092 1.9285372e-01
8093 1.9312972e-01
8094 1.9340655e-01
8095 1.9368427e-01
8096 1.9396281e-01
8097 1.9424225e-01
8098 1.9452250e-01
8099 1.9480363e-01
8100 1.9508560e-01
8101 1.9536842e-01
8102 1.9565211e-01
8103 1.9593665e-01
8104 1.9622204e-01
8105 1.9650829e-01
8106 1.9679539e-01
8107 1.9708337e-01
8108 1.9737217e-01
8109 1.9766185e-01
8110 1.9795236e-01
8111 1.9824374e-01
8112 1.9853730e-01
8113 1.9883183e-01
8114 1.9912733e-01
8115 1.9942379e-01
8116 1.9972117e-01
8117 2.0001957e-01
8118 2.0031890e-01
8119 2.0061922e-01
8120 2.0092048e-01
8121 2.0122269e-01
8122 2.0152588e-01
8123 2.0183001e-01
8124 2.0213512e-01
8125 2.0244120e-01
8126 2.0274822e-01
8127 2.0305622e-01
8128 2.0336516e-01
8129 2.0367509e-01
8130 2.0398596e-01
8131 2.0429781e-01
8132 2.0461062e-01
8133 2.0492437e-01
8134 2.0523910e-01
8135 2.0555478e-01
8136 2.0585966e-01
8137 2.0616458e-01
8138 2.0646952e-01
8139 2.0677446e-01
8140 2.0707943e-01
8141 2.0738444e-01
8142 2.0768946e-01
8143 2.0799449e-01
8144 2.0829955e-01
8145 2.0860465e-01
8146 2.0890975e-01
8147 2.0921485e-01
8148 2.0952001e-01
8149 2.0982520e-01
8150 2.1013036e-01
8151 2.1043557e-01
8152 2.1074080e-01
8153 2.1104607e-01
8154 2.1135134e-01
8155 2.1165662e-01
8156 2.1196194e-01
8157 2.1226728e-01
8158 2.1257263e-01
8159 2.1287800e-01
8160 2.1318567e-01
8161 2.1349351e-01
8162 2.1380158e-01
8163 2.1410982e-01
8164 2.1441828e-01
8165 2.1472692e-01
8166 2.1503580e-01
8167 2.1534483e-01
8168 2.1565408e-01
8169 2.1596353e-01
8170 2.1627322e-01
8171 2.1658306e-01
8172 2.1689311e-01
8173 2.1720338e-01
8174 2.1751386e-01
8175 2.1782452e-01
8176 2.1813540e-01
8177 2.1844646e-01
8178 2.1875773e-01
8179 2.1906918e-01
8180 2.1938084e-01
8181 2.1969274e-01
8182 2.2000478e-01
8183 2.2031707e-01
8184 2.2065550e-01
8185 2.2099620e-01
8186 2.2133920e-01
8187 2.2168444e-01
8188 2.2203198e-01
8189 2.2238183e-01
8190 2.2273390e-01
8191 2.2308826e-01
8192 2.2344491e-01
8193 2.2380385e-01
8194 2.2416504e-01
8195 2.2452851e-01
8196 2.2489430e-01
8197 2.2526234e-01
8198 2.2563264e-01
8199 2.2600526e-01
8200 2.2638009e-01
8201 2.2675724e-01
8202 2.2713669e-01
8203 2.2751838e-01
8204 2.2790237e-01
8205 2.2828864e-01
8206 2.2867715e-01
8207 2.2906797e-01
8208 2.2947659e-01
8209 2.2988871e-01
8210 2.3030436e-01
8211 2.3072353e-01
8212 2.3114625e-01
8213 2.3157243e-01
8214 2.3200214e-01
8215 2.3243541e-01
8216 2.3287219e-01
8217 2.3331247e-01
8218 2.3375624e-01
8219 2.3420359e-01
8220 2.3465444e-01
8221 2.3510878e-01
8222 2.3556669e-01
8223 2.3602808e-01
8224 2.3649299e-01
8225 2.3696145e-01
8226 2.3743340e-01
8227 2.3790887e-01
8228 2.3838788e-01
8229 2.3887040e-01
8230 2.3935640e-01
8231 2.3984598e-01
8232 2.4033546e-01
8233 2.4082820e-01
8234 2.4132413e-01
8235 2.4182336e-01
8236 2.4232577e-01
8237 2.4283144e-01
8238 2.4334028e-01
8239 2.4385245e-01
8240 2.4436781e-01
8241 2.4488638e-01
8242 2.4540821e-01
8243 2.4593328e-01
8244 2.4646154e-01
8245 2.4699305e-01
8246 2.4752782e-01
8247 2.4806581e-01
8248 2.4860701e-01
8249 2.4915147e-01
8250 2.4969915e-01
8251 2.5025007e-01
8252 2.5080422e-01
8253 2.5136158e-01
8254 2.5192219e-01
8255 2.5248605e-01
8256 2.5301674e-01
8257 2.5354773e-01
8258 2.5407901e-01
8259 2.5461069e-01
8260 2.5514263e-01
8261 2.5567493e-01
8262 2.5620756e-01
8263 2.5674051e-01
8264 2.5727373e-01
8265 2.5780728e-01
8266 2.5834119e-01
8267 2.5887540e-01
8268 2.5940993e-01
8269 2.5994480e-01
8270 2.6047996e-01
8271 2.6101544e-01
8272 2.6155126e-01
8273 2.6208743e-01
8274 2.6262388e-01
8275 2.6316068e-01
8276 2.6369774e-01
8277 2.6423514e-01
8278 2.6477292e-01
8279 2.6531097e-01
8280 2.6582423e-01
8281 2.6633579e-01
8282 2.6684561e-01
8283 2.6735380e-01
8284 2.6786023e-01
8285 2.6836503e-01
8286 2.6886815e-01
8287 2.6936951e-01
8288 2.6986927e-01
8289 2.7036726e-01
8290 2.7086359e-01
8291 2.7135822e-01
8292 2.7185118e-01
8293 2.7234241e-01
8294 2.7283201e-01
8295 2.7331987e-01
8296 2.7380607e-01
8297 2.7429056e-01
8298 2.7477336e-01
8299 2.7525449e-01
8300 2.7573392e-01
8301 2.7621162e-01
8302 2.7668768e-01
8303 2.7716199e-01
8304 2.7764064e-01
8305 2.7811807e-01
8306 2.7859434e-01
8307 2.7906936e-01
8308 2.7954319e-01
8309 2.8001574e-01
8310 2.8048712e-01
8311 2.8095731e-01
8312 2.8142628e-01
8313 2.8189403e-01
8314 2.8236061e-01
8315 2.8282595e-01
8316 2.8329003e-01
8317 2.8375295e-01
8318 2.8421465e-01
8319 2.8467515e-01
8320 2.8513440e-01
8321 2.8559250e-01
8322 2.8604934e-01
8323 2.8650498e-01
8324 2.8695941e-01
8325 2.8741264e-01
8326 2.8786466e-01
8327 2.8831545e-01
8328 2.8871307e-01
8329 2.8910530e-01
8330 2.8949210e-01
8331 2.8987360e-01
8332 2.9024971e-01
8333 2.9062045e-01
8334 2.9098582e-01
8335 2.9134586e-01
8336 2.9170051e-01
8337 2.9204977e-01
8338 2.9239365e-01
8339 2.9273218e-01
8340 2.9306534e-01
8341 2.9339308e-01
8342 2.9371551e-01
8343 2.9403254e-01
8344 2.9434422e-01
8345 2.9465052e-01
8346 2.9495144e-01
8347 2.9524702e-01
8348 2.9553717e-01
8349 2.9582202e-01
8350 2.9610145e-01
8351 2.9637554e-01
8352 2.9670864e-01
8353 2.9704157e-01
8354 2.9737428e-01
8355 2.9770672e-01
8356 2.9803899e-01
8357 2.9837105e-01
8358 2.9870287e-01
8359 2.9903448e-01
8360 2.9936588e-01
8361 2.9969707e-01
8362 3.0002803e-01
8363 3.0035874e-01
8364 3.0068925e-01
8365 3.0101958e-01
8366 3.0134970e-01
8367 3.0167955e-01
8368 3.0200920e-01
8369 3.0233866e-01
8370 3.0266792e-01
8371 3.0299687e-01
8372 3.0332568e-01
8373 3.0365425e-01
8374 3.0398265e-01
8375 3.0431080e-01
8376 3.0464157e-01
8377 3.0497241e-01
8378 3.0530328e-01
8379 3.0563414e-01
8380 3.0596498e-01
8381 3.0629590e-01
8382 3.0662680e-01
8383 3.0695775e-01
8384 3.0728871e-01
8385 3.0761960e-01
8386 3.0795065e-01
8387 3.0828157e-01
8388 3.0861259e-01
8389 3.0894357e-01
8390 3.0927464e-01
8391 3.0960563e-01
8392 3.0993670e-01
8393 3.1026778e-01
8394 3.1059891e-01
8395 3.1092995e-01
8396 3.1126112e-01
8397 3.1159219e-01
8398 3.1192333e-01
8399 3.1225455e-01
8400 3.1261063e-01
8401 3.1296879e-01
8402 3.1332889e-01
8403 3.1369102e-01
8404 3.1405517e-01
8405 3.1442133e-01
8406 3.1478947e-01
8407 3.1515968e-01
8408 3.1553188e-01
8409 3.1590605e-01
8410 3.1628227e-01
8411 3.1666046e-01
8412 3.1704071e-01
8413 3.1742293e-01
8414 3.1780717e-01
8415 3.1819344e-01
8416 3.1858173e-01
8417 3.1897199e-01
8418 3.1936428e-01
8419 3.1975853e-01
8420 3.2015488e-01
8421 3.2055315e-01
8422 3.2095349e-01
8423 3.2135585e-01
8424 3.2176769e-01
8425 3.2218218e-01
8426 3.2259932e-01
8427 3.2301900e-01
8428 3.2344130e-01
8429 3.2386622e-01
8430 3.2429376e-01
8431 3.2472393e-01
8432 3.2515672e-01
8433 3.2559207e-01
8434 3.2603008e-01
8435 3.2647067e-01
8436 3.2691386e-01
8437 3.2735974e-01
8438 3.2780814e-01
8439 3.2825920e-01
8440 3.2871285e-01
8441 3.2916909e-01
8442 3.2962802e-01
8443 3.3008951e-01
8444 3.3055359e-01
8445 3.3102036e-01
8446 3.3148968e-01
8447 3.3196160e-01
8448 3.3239612e-01
8449 3.3282998e-01
8450 3.3326331e-01
8451 3.3369604e-01
8452 3.3412814e-01
8453 3.3455968e-01
8454 3.3499062e-01
8455 3.3542097e-01
8456 3.3585075e-01
8457 3.3627987e-01
8458 3.3670846e-01
8459 3.3713642e-01
8460 3.3756381e-01
8461 3.3799061e-01
8462 3.3841679e-01
8463 3.3884239e-01
8464 3.3926737e-01
8465 3.3969182e-01
8466 3.4011564e-01
8467 3.4053886e-01
8468 3.4096152e-01
8469 3.4138355e-01
8470 3.4180498e-01
8471 3.4222588e-01
8472 3.4262955e-01
8473 3.4303144e-01
8474 3.4343129e-01
8475 3.4382924e-01
8476 3.4422532e-01
8477 3.4461945e-01
8478 3.4501168e-01
8479 3.4540197e-01
8480 3.4579039e-01
8481 3.4617683e-01
8482 3.4656140e-01
8483 3.4694409e-01
8484 3.4732479e-01
8485 3.4770358e-01
8486 3.4808052e-01
8487 3.4845546e-01
8488 3.4882852e-01
8489 3.4919968e-01
8490 3.4956890e-01
8491 3.4993625e-01
8492 3.5030162e-01
8493 3.5066512e-01
8494 3.5102665e-01
8495 3.5138634e-01
8496 3.5174057e-01
8497 3.5209253e-01
8498 3.5244235e-01
8499 3.5278994e-01
8500 3.5313535e-01
8501 3.5347861e-01
8502 3.5381958e-01
8503 3.5415840e-01
8504 3.5449508e-01
8505 3.5482946e-01
8506 3.5516170e-01
8507 3.5549173e-01
8508 3.5581952e-01
8509 3.5614517e-01
8510 3.5646862e-01
8511 3.5678983e-01
8512 3.5710889e-01
8513 3.5742569e-01
8514 3.5774031e-01
8515 3.5805276e-01
8516 3.5836300e-01
8517 3.5867107e-01
8518 3.5897693e-01
8519 3.5928056e-01
8520 3.5957876e-01
8521 3.5987464e-01
8522 3.6016795e-01
8523 3.6045888e-01
8524 3.6074734e-01
8525 3.6103335e-01
8526 3.6131686e-01
8527 3.6159796e-01
8528 3.6187661e-01
8529 3.6215281e-01
8530 3.6242655e-01
8531 3.6269781e-01
8532 3.6296666e-01
8533 3.6323303e-01
8534 3.6349696e-01
8535 3.6375844e-01
8536 3.6401746e-01
8537 3.6427400e-01
8538 3.6452815e-01
8539 3.6477977e-01
8540 3.6502898e-01
8541 3.6527574e-01
8542 3.6552003e-01
8543 3.6576188e-01
8544 3.6599171e-01
8545 3.6621833e-01
8546 3.6644176e-01
8547 3.6666194e-01
8548 3.6687884e-01
8549 3.6709261e-01
8550 3.6730313e-01
8551 3.6751041e-01
8552 3.6771449e-01
8553 3.6791536e-01
8554 3.6811301e-01
8555 3.6830744e-01
8556 3.6849865e-01
8557 3.6868665e-01
8558 3.6887145e-01
8559 3.6905304e-01
8560 3.6923131e-01
8561 3.6940643e-01
8562 3.6957839e-01
8563 3.6974710e-01
8564 3.6991253e-01
8565 3.7007478e-01
8566 3.7023383e-01
8567 3.7038964e-01
8568 3.7054333e-01
8569 3.7069395e-01
8570 3.7084135e-01
8571 3.7098569e-01
8572 3.7112686e-01
8573 3.7126490e-01
8574 3.7139985e-01
8575 3.7153164e-01
8576 3.7166032e-01
8577 3.7178588e-01
8578 3.7190828e-01
8579 3.7202755e-01
8580 3.7214369e-01
8581 3.7225670e-01
8582 3.7236664e-01
8583 3.7247342e-01
8584 3.7257701e-01
8585 3.7267756e-01
8586 3.7277490e-01
8587 3.7286916e-01
8588 3.7296033e-01
8589 3.7304831e-01
8590 3.7313312e-01
8591 3.7321487e-01
8592 3.7331560e-01
8593 3.7341502e-01
8594 3.7351307e-01
8595 3.7360972e-01
8596 3.7370509e-01
8597 3.7379909e-01
8598 3.7389168e-01
8599 3.7398294e-01
8600 3.7407285e-01
8601 3.7416136e-01
8602 3.7424856e-01
8603 3.7433445e-01
8604 3.7441891e-01
8605 3.7450200e-01
8606 3.7458384e-01
8607 3.7466422e-01
8608 3.7474325e-01
8609 3.7482098e-01
8610 3.7489727e-01
8611 3.7497228e-01
8612 3.7504590e-01
8613 3.7511814e-01
8614 3.7518910e-01
8615 3.7525862e-01
8616 3.7536636e-01
8617 3.7547588e-01
8618 3.7558722e-01
8619 3.7570035e-01
8620 3.7581527e-01
8621 3.7593204e-01
8622 3.7605059e-01
8623 3.7617093e-01
8624 3.7629315e-01
8625 3.7641710e-01
8626 3.7654290e-01
8627 3.7667048e-01
8628 3.7679991e-01
8629 3.7693107e-01
8630 3.7706405e-01
8631 3.7719887e-01
8632 3.7733549e-01
8633 3.7747389e-01
8634 3.7761411e-01
8635 3.7775615e-01
8636 3.7789994e-01
8637 3.7804562e-01
8638 3.7819305e-01
8639 3.7834230e-01
8640 3.7852791e-01
8641 3.7871811e-01
8642 3.7891287e-01
8643 3.7911221e-01
8644 3.7931612e-01
8645 3.7952462e-01
8646 3.7973765e-01
8647 3.7995529e-01
8648 3.8017750e-01
8649 3.8040426e-01
8650 3.8063562e-01
8651 3.8087153e-01
8652 3.8111201e-01
8653 3.8135707e-01
8654 3.8160667e-01
8655 3.8186088e-01
8656 3.8211963e-01
8657 3.8238299e-01
8658 3.8265088e-01
8659 3.8292342e-01
8660 3.8320041e-01
8661 3.8348204e-01
8662 3.8376826e-01
8663 3.8405904e-01
8664 3.8440531e-01
8665 3.8476026e-01
8666 3.8512382e-01
8667 3.8549605e-01
8668 3.8587692e-01
8669 3.8626644e-01
8670 3.8666463e-01
8671 3.8707140e-01
8672 3.8748688e-01
8673 3.8791096e-01
8674 3.8834378e-01
8675 3.8878515e-01
8676 3.8923520e-01
8677 3.8969392e-01
8678 3.9016128e-01
8679 3.9063722e-01
8680 3.9112189e-01
8681 3.9161518e-01
8682 3.9211711e-01
8683 3.9262766e-01
8684 3.9314693e-01
8685 3.9367482e-01
8686 3.9421129e-01
8687 3.9475647e-01
8688 3.9528492e-01
8689 3.9582002e-01
8690 3.9636177e-01
8691 3.9691007e-01
8692 3.9746505e-01
8693 3.9802659e-01
8694 3.9859480e-01
8695 3.9916959e-01
8696 3.9975104e-01
8697 4.0033910e-01
8698 4.0093374e-01
8699 4.0153503e-01
8700 4.0214294e-01
8701 4.0275747e-01
8702 4.0337867e-01
8703 4.0400642e-01
8704 4.0464082e-01
8705 4.0528181e-01
8706 4.0592945e-01
8707 4.0658367e-01
8708 4.0724456e-01
8709 4.0791205e-01
8710 4.0858614e-01
8711 4.0926689e-01
8712 4.0988770e-01
8713 4.1050991e-01
8714 4.1113338e-01
8715 4.1175812e-01
8716 4.1238418e-01
8717 4.1301158e-01
8718 4.1364029e-01
8719 4.1427028e-01
8720 4.1490155e-01
8721 4.1553411e-01
8722 4.1616800e-01
8723 4.1680318e-01
8724 4.1743967e-01
8725 4.1807747e-01
8726 4.1871655e-01
8727 4.1935697e-01
8728 4.1999862e-01
8729 4.2064160e-01
8730 4.2128593e-01
8731 4.2193151e-01
8732 4.2257842e-01
8733 4.2322662e-01
8734 4.2387611e-01
8735 4.2452693e-01
8736 4.2509535e-01
8737 4.2565840e-01
8738 4.2621613e-01
8739 4.2676839e-01
8740 4.2731529e-01
8741 4.2785677e-01
8742 4.2839289e-01
8743 4.2892364e-01
8744 4.2944896e-01
8745 4.2996892e-01
8746 4.3048349e-01
8747 4.3099266e-01
8748 4.3149644e-01
8749 4.3199477e-01
8750 4.3248779e-01
8751 4.3297541e-01
8752 4.3345761e-01
8753 4.3393445e-01
8754 4.3440586e-01
8755 4.3487191e-01
8756 4.3533257e-01
8757 4.3578780e-01
8758 4.3623772e-01
8759 4.3668219e-01
8760 4.3711758e-01
8761 4.3754718e-01
8762 4.3797109e-01
8763 4.3838933e-01
8764 4.3880191e-01
8765 4.3920881e-01
8766 4.3960997e-01
8767 4.4000548e-01
8768 4.4039527e-01
8769 4.4077942e-01
8770 4.4115779e-01
8771 4.4153056e-01
8772 4.4189760e-01
8773 4.4225883e-01
8774 4.4261459e-01
8775 4.4296455e-01
8776 4.4330877e-01
8777 4.4364738e-01
8778 4.4398028e-01
8779 4.4430742e-01
8780 4.4462898e-01
8781 4.4494480e-01
8782 4.4525489e-01
8783 4.4555935e-01
8784 4.4590864e-01
8785 4.4625628e-01
8786 4.4660220e-01
8787 4.4694653e-01
8788 4.4728923e-01
8789 4.4763029e-01
8790 4.4796968e-01
8791 4.4830739e-01
8792 4.4864351e-01
8793 4.4897789e-01
8794 4.4931069e-01
8795 4.4964188e-01
8796 4.4997129e-01
8797 4.5029914e-01
8798 4.5062536e-01
8799 4.5094994e-01
8800 4.5127282e-01
8801 4.5159402e-01
8802 4.5191368e-01
8803 4.5223156e-01
8804 4.5254797e-01
8805 4.5286256e-01
8806 4.5317557e-01
8807 4.5348692e-01
8808 4.5384154e-01
8809 4.5419800e-01
8810 4.5455644e-01
8811 4.5491681e-01
8812 4.5527911e-01
8813 4.5564339e-01
8814 4.5600966e-01
8815 4.5637774e-01
8816 4.5674783e-01
8817 4.5711991e-01
8818 4.5749381e-01
8819 4.5786977e-01
8820 4.5824760e-01
8821 4.5862737e-01
8822 4.5900908e-01
8823 4.5939276e-01
8824 4.5977840e-01
8825 4.6016592e-01
8826 4.6055540e-01
8827 4.6094680e-01
8828 4.6134019e-01
8829 4.6173549e-01
8830 4.6213269e-01
8831 4.6253189e-01
8832 4.6293873e-01
8833 4.6334788e-01
8834 4.6375942e-01
8835 4.6417347e-01
8836 4.6458989e-01
8837 4.6500868e-01
8838 4.6542987e-01
8839 4.6585345e-01
8840 4.6627939e-01
8841 4.6670783e-01
8842 4.6713853e-01
8843 4.6757168e-01
8844 4.6800727e-01
8845 4.6844518e-01
8846 4.6888554e-01
8847 4.6932831e-01
8848 4.6977344e-01
8849 4.7022098e-01
8850 4.7067088e-01
8851 4.7112319e-01
8852 4.7157788e-01
8853 4.7203502e-01
8854 4.7249448e-01
8855 4.7295639e-01
8856 4.7338077e-01
8857 4.7380432e-01
8858 4.7422707e-01
8859 4.7464895e-01
8860 4.7507012e-01
8861 4.7549048e-01
8862 4.7591010e-01
8863 4.7632879e-01
8864 4.7674680e-01
8865 4.7716388e-01
8866 4.7758028e-01
8867 4.7799581e-01
8868 4.7841054e-01
8869 4.7882453e-01
8870 4.7923768e-01
8871 4.7965002e-01
8872 4.8006156e-01
8873 4.8047230e-01
8874 4.8088229e-01
8875 4.8129132e-01
8876 4.8169976e-01
8877 4.8210731e-01
8878 4.8251399e-01
8879 4.8291999e-01
8880 4.8328829e-01
8881 4.8365295e-01
8882 4.8401374e-01
8883 4.8437086e-01
8884 4.8472416e-01
8885 4.8507378e-01
8886 4.8541960e-01
8887 4.8576173e-01
8888 4.8610014e-01
8889 4.8643476e-01
8890 4.8676562e-01
8891 4.8709273e-01
8892 4.8741615e-01
8893 4.8773575e-01
8894 4.8805165e-01
8895 4.8836383e-01
8896 4.8867217e-01
8897 4.8897684e-01
8898 4.8927781e-01
8899 4.8957491e-01
8900 4.8986831e-01
8901 4.9015805e-01
8902 4.9044397e-01
8903 4.9072614e-01
8904 4.9103594e-01
8905 4.9134454e-01
8906 4.9165189e-01
8907 4.9195799e-01
8908 4.9226284e-01
8909 4.9256650e-01
8910 4.9286899e-01
8911 4.9317005e-01
8912 4.9346998e-01
8913 4.9376866e-01
8914 4.9406615e-01
8915 4.9436238e-01
8916 4.9465737e-01
8917 4.9495113e-01
8918 4.9524364e-01
8919 4.9553499e-01
8920 4.9582499e-01
8921 4.9611378e-01
8922 4.9640140e-01
8923 4.9668777e-01
8924 4.9697280e-01
8925 4.9725673e-01
8926 4.9753937e-01
8927 4.9782076e-01
8928 4.9815542e-01
8929 4.9849313e-01
8930 4.9883410e-01
8931 4.9917808e-01
8932 4.9952528e-01
8933 4.9987555e-01
8934 5.0022888e-01
8935 5.0058544e-01
8936 5.0094509e-01
8937 5.0130779e-01
8938 5.0167364e-01
8939 5.0204277e-01
8940 5.0241488e-01
8941 5.0279009e-01
8942 5.0316852e-01
8943 5.0354999e-01
8944 5.0393462e-01
8945 5.0432235e-01
8946 5.0471324e-01
8947 5.0510722e-01
8948 5.0550437e-01
8949 5.0590456e-01
8950 5.0630796e-01
8951 5.0671440e-01
8952 5.0712579e-01
8953 5.0754046e-01
8954 5.0795835e-01
8955 5.0837952e-01
8956 5.0880402e-01
8957 5.0923169e-01
8958 5.0966269e-01
8959 5.1009697e-01
8960 5.1053441e-01
8961 5.1097518e-01
8962 5.1141924e-01
8963 5.1186651e-01
8964 5.1231712e-01
8965 5.1277095e-01
8966 5.1322806e-01
8967 5.1368839e-01
8968 5.1415199e-01
8969 5.1461887e-01
8970 5.1508909e-01
8971 5.1556247e-01
8972 5.1603919e-01
8973 5.1651913e-01
8974 5.1700234e-01
8975 5.1748884e-01
8976 5.1791042e-01
8977 5.1832986e-01
8978 5.1874727e-01
8979 5.1916230e-01
8980 5.1957518e-01
8981 5.1998591e-01
8982 5.2039450e-01
8983 5.2080083e-01
8984 5.2120495e-01
8985 5.2160704e-01
8986 5.2200681e-01
8987 5.2240449e-01
8988 5.2279985e-01
8989 5.2319318e-01
8990 5.2358425e-01
8991 5.2397311e-01
8992 5.2435982e-01
8993 5.2474439e-01
8994 5.2512670e-01
8995 5.2550691e-01
8996 5.2588487e-01
8997 5.2626067e-01
8998 5.2663428e-01
8999 5.2700567e-01
9000 5.2730674e-01
9001 5.2760017e-01
9002 5.2788585e-01
9003 5.2816403e-01
9004 5.2843440e-01
9005 5.2869725e-01
9006 5.2895242e-01
9007 5.2920002e-01
9008 5.2943993e-01
9009 5.2967221e-01
9010 5.2989686e-01
9011 5.3011382e-01
9012 5.3032315e-01
9013 5.3052485e-01
9014 5.3071892e-01
9015 5.3090537e-01
9016 5.3108418e-01
9017 5.3125530e-01
9018 5.3141886e-01
9019 5.3157473e-01
9020 5.3172290e-01
9021 5.3186351e-01
9022 5.3199643e-01
9023 5.3212178e-01
9024 5.3228283e-01
9025 5.3243965e-01
9026 5.3259236e-01
9027 5.3274089e-01
9028 5.3288525e-01
9029 5.3302538e-01
9030 5.3316140e-01
9031 5.3329325e-01
9032 5.3342092e-01
9033 5.3354442e-01
9034 5.3366375e-01
9035 5.3377885e-01
9036 5.3388983e-01
9037 5.3399670e-01
9038 5.3409928e-01
9039 5.3419781e-01
9040 5.3429210e-01
9041 5.3438222e-01
9042 5.3446817e-01
9043 5.3455001e-01
9044 5.3462762e-01
9045 5.3470105e-01
9046 5.3477025e-01
9047 5.3483540e-01
9048 5.3499103e-01
9049 5.3515011e-01
9050 5.3531247e-01
9051 5.3547829e-01
9052 5.3564751e-01
9053 5.3582013e-01
9054 5.3599620e-01
9055 5.3617561e-01
9056 5.3635848e-01
9057 5.3654468e-01
9058 5.3673440e-01
9059 5.3692740e-01
9060 5.3712386e-01
9061 5.3732377e-01
9062 5.3752697e-01
9063 5.3773367e-01
9064 5.3794366e-01
9065 5.3815717e-01
9066 5.3837401e-01
9067 5.3859437e-01
9068 5.3881800e-01
9069 5.3904510e-01
9070 5.3927559e-01
9071 5.3950948e-01
9072 5.3979295e-01
9073 5.4008359e-01
9074 5.4038131e-01
9075 5.4068619e-01
9076 5.4099804e-01
9077 5.4131705e-01
9078 5.4164308e-01
9079 5.4197639e-01
9080 5.4231679e-01
9081 5.4266417e-01
9082 5.4301870e-01
9083 5.4338038e-01
9084 5.4374903e-01
9085 5.4412484e-01
9086 5.4450780e-01
9087 5.4489785e-01
9088 5.4529500e-01
9089 5.4569918e-01
9090 5.4611057e-01
9091 5.4652900e-01
9092 5.4695457e-01
9093 5.4738712e-01
9094 5.4782689e-01
9095 5.4827374e-01
9096 5.4870021e-01
9097 5.4913163e-01
9098 5.4956788e-01
9099 5.5000907e-01
9100 5.5045515e-01
9101 5.5090624e-01
9102 5.5136204e-01
9103 5.5182296e-01
9104 5.5228865e-01
9105 5.5275923e-01
9106 5.5323482e-01
9107 5.5371529e-01
9108 5.5420053e-01
9109 5.5469078e-01
9110 5.5518597e-01
9111 5.5568600e-01
9112 5.5619091e-01
9113 5.5670077e-01
9114 5.5721551e-01
9115 5.5773526e-01
9116 5.5825979e-01
9117 5.5878919e-01
9118 5.5932367e-01
9119 5.5986291e-01
9120 5.6034559e-01
9121 5.6082833e-01
9122 5.6131095e-01
9123 5.6179368e-01
9124 5.6227636e-01
9125 5.6275898e-01
9126 5.6324160e-01
9127 5.6372416e-01
9128 5.6420684e-01
9129 5.6468940e-01
9130 5.6517202e-01
9131 5.6565458e-01
9132 5.6613714e-01
9133 5.6661963e-01
9134 5.6710219e-01
9135 5.6758457e-01
9136 5.6806713e-01
9137 5.6854957e-01
9138 5.6903207e-01
9139 5.6951445e-01
9140 5.6999695e-01
9141 5.7047939e-01
9142 5.7096183e-01
9143 5.7144421e-01
9144 5.7191765e-01
9145 5.7239026e-01
9146 5.7286209e-01
9147 5.7333320e-01
9148 5.7380366e-01
9149 5.7427341e-01
9150 5.7474238e-01
9151 5.7521057e-01
9152 5.7567811e-01
9153 5.7614487e-01
9154 5.7661086e-01
9155 5.7707614e-01
9156 5.7754070e-01
9157 5.7800454e-01
9158 5.7846767e-01
9159 5.7892996e-01
9160 5.7939154e-01
9161 5.7985252e-01
9162 5.8031261e-01
9163 5.8077198e-01
9164 5.8123070e-01
9165 5.8168870e-01
9166 5.8214587e-01
9167 5.8260232e-01
9168 5.8306468e-01
9169 5.8352673e-01
9170 5.8398867e-01
9171 5.8445030e-01
9172 5.8491182e-01
9173 5.8537310e-01
9174 5.8583409e-01
9175 5.8629495e-01
9176 5.8675557e-01
9177 5.8721608e-01
9178 5.8767623e-01
9179 5.8813626e-01
9180 5.8859605e-01
9181 5.8905566e-01
9182 5.8951503e-01
9183 5.8997422e-01
9184 5.9043318e-01
9185 5.9089190e-01
9186 5.9135044e-01
9187 5.9180880e-01
9188 5.9226686e-01
9189 5.9272474e-01
9190 5.9318250e-01
9191 5.9363997e-01
9192 5.9409332e-01
9193 5.9454608e-01
9194 5.9499830e-01
9195 5.9545010e-01
9196 5.9590119e-01
9197 5.9635198e-01
9198 5.9680212e-01
9199 5.9725171e-01
9200 5.9770089e-01
9201 5.9814936e-01
9202 5.9859747e-01
9203 5.9904492e-01
9204 5.9949195e-01
9205 5.9993833e-01
9206 6.0038429e-01
9207 6.0082966e-01
9208 6.0127455e-01
9209 6.0171890e-01
9210 6.0216272e-01
9211 6.0260594e-01
9212 6.0304880e-01
9213 6.0349101e-01
9214 6.0393268e-01
9215 6.0437387e-01
9216 6.0477942e-01
9217 6.0518163e-01
9218 6.0558045e-01
9219 6.0597593e-01
9220 6.0636801e-01
9221 6.0675687e-01
9222 6.0714239e-01
9223 6.0752451e-01
9224 6.0790330e-01
9225 6.0827881e-01
9226 6.0865092e-01
9227 6.0901970e-01
9228 6.0938513e-01
9229 6.0974717e-01
9230 6.1010599e-01
9231 6.1046147e-01
9232 6.1081350e-01
9233 6.1116225e-01
9234 6.1150765e-01
9235 6.1184978e-01
9236 6.1218858e-01
9237 6.1252397e-01
9238 6.1285597e-01
9239 6.1318469e-01
9240 6.1351597e-01
9241 6.1384457e-01
9242 6.1417013e-01
9243 6.1449295e-01
9244 6.1481273e-01
9245 6.1512977e-01
9246 6.1544400e-01
9247 6.1575532e-01
9248 6.1606371e-01
9249 6.1636931e-01
9250 6.1667204e-01
9251 6.1697185e-01
9252 6.1726892e-01
9253 6.1756307e-01
9254 6.1785430e-01
9255 6.1814272e-01
9256 6.1842829e-01
9257 6.1871094e-01
9258 6.1899078e-01
9259 6.1926776e-01
9260 6.1954188e-01
9261 6.1981308e-01
9262 6.2008148e-01
9263 6.2034702e-01
9264 6.2064320e-01
9265 6.2093920e-01
9266 6.2123501e-01
9267 6.2153065e-01
9268 6.2182617e-01
9269 6.2212139e-01
9270 6.2241662e-01
9271 6.2271148e-01
9272 6.2300628e-01
9273 6.2330085e-01
9274 6.2359524e-01
9275 6.2388951e-01
9276 6.2418360e-01
9277 6.2447745e-01
9278 6.2477112e-01
9279 6.2506461e-01
9280 6.2535799e-01
9281 6.2565118e-01
9282 6.2594408e-01
9283 6.2623692e-01
9284 6.2652957e-01
9285 6.2682199e-01
9286 6.2711424e-01
9287 6.2740630e-01
9288 6.2769413e-01
9289 6.2798125e-01
9290 6.2826800e-01
9291 6.2855417e-01
9292 6.2883997e-01
9293 6.2912500e-01
9294 6.2940967e-01
9295 6.2969381e-01
9296 6.2997741e-01
9297 6.3026053e-01
9298 6.3054317e-01
9299 6.3082528e-01
9300 6.3110679e-01
9301 6.3138789e-01
9302 6.3166839e-01
9303 6.3194847e-01
9304 6.3222796e-01
9305 6.3250697e-01
9306 6.3278544e-01
9307 6.3306344e-01
9308 6.3334095e-01
9309 6.3361794e-01
9310 6.3389432e-01
9311 6.3417023e-01
9312 6.3444161e-01
9313 6.3471210e-01
9314 6.3498181e-01
9315 6.3525069e-01
9316 6.3551867e-01
9317 6.3578582e-01
9318 6.3605219e-01
9319 6.3631761e-01
9320 6.3658237e-01
9321 6.3684613e-01
9322 6.3710910e-01
9323 6.3737124e-01
9324 6.3763261e-01
9325 6.3789308e-01
9326 6.3815260e-01
9327 6.3841146e-01
9328 6.3866937e-01
9329 6.3892645e-01
9330 6.3918281e-01
9331 6.3943821e-01
9332 6.3969284e-01
9333 6.3994658e-01
9334 6.4019954e-01
9335 6.4045161e-01
9336 6.4068711e-01
9337 6.4092034e-01
9338 6.4115161e-01
9339 6.4138073e-01
9340 6.4160770e-01
9341 6.4183265e-01
9342 6.4205551e-01
9343 6.4227611e-01
9344 6.4249474e-01
9345 6.4271128e-01
9346 6.4292562e-01
9347 6.4313793e-01
9348 6.4334810e-01
9349 6.4355624e-01
9350 6.4376229e-01
9351 6.4396608e-01
9352 6.4416790e-01
9353 6.4436752e-01
9354 6.4456511e-01
9355 6.4476061e-01
9356 6.4495397e-01
9357 6.4514524e-01
9358 6.4533430e-01
9359 6.4552146e-01
9360 6.4574617e-01
9361 6.4597207e-01
9362 6.4619911e-01
9363 6.4642715e-01
9364 6.4665633e-01
9365 6.4688659e-01
9366 6.4711791e-01
9367 6.4735025e-01
9368 6.4758378e-01
9369 6.4781839e-01
9370 6.4805400e-01
9371 6.4829069e-01
9372 6.4852858e-01
9373 6.4876741e-01
9374 6.4900744e-01
9375 6.4924848e-01
9376 6.4949071e-01
9377 6.4973390e-01
9378 6.4997828e-01
9379 6.5022373e-01
9380 6.5047020e-01
9381 6.5071785e-01
9382 6.5096647e-01
9383 6.5121627e-01
9384 6.5150189e-01
9385 6.5179139e-01
9386 6.5208483e-01
9387 6.5238208e-01
9388 6.5268326e-01
9389 6.5298820e-01
9390 6.5329701e-01
9391 6.5360987e-01
9392 6.5392649e-01
9393 6.5424693e-01
9394 6.5457129e-01
9395 6.5489960e-01
9396 6.5523165e-01
9397 6.5556771e-01
9398 6.5590745e-01
9399 6.5625119e-01
9400 6.5659875e-01
9401 6.5695024e-01
9402 6.5730554e-01
9403 6.5766478e-01
9404 6.5802783e-01
9405 6.5839475e-01
9406 6.5876555e-01
9407 6.5914023e-01
9408 6.5950745e-01
9409 6.5987748e-01
9410 6.6025060e-01
9411 6.6062665e-01
9412 6.6100562e-01
9413 6.6138762e-01
9414 6.6177249e-01
9415 6.6216040e-01
9416 6.6255128e-01
9417 6.6294509e-01
9418 6.6334188e-01
9419 6.6374159e-01
9420 6.6414422e-01
9421 6.6454983e-01
9422 6.6495848e-01
9423 6.6536999e-01
9424 6.6578454e-01
9425 6.6620207e-01
9426 6.6662246e-01
9427 6.6704583e-01
9428 6.6747224e-01
9429 6.6790158e-01
9430 6.6833383e-01
9431 6.6876906e-01
9432 6.6915429e-01
9433 6.6953826e-01
9434 6.6992092e-01
9435 6.7030239e-01
9436 6.7068249e-01
9437 6.7106134e-01
9438 6.7143899e-01
9439 6.7181528e-01
9440 6.7219025e-01
9441 6.7256403e-01
9442 6.7293650e-01
9443 6.7330778e-01
9444 6.7367768e-01
9445 6.7404628e-01
9446 6.7441374e-01
9447 6.7477971e-01
9448 6.7514455e-01
9449 6.7550814e-01
9450 6.7587042e-01
9451 6.7623132e-01
9452 6.7659116e-01
9453 6.7694956e-01
9454 6.7730671e-01
9455 6.7766267e-01
9456 6.7801142e-01
9457 6.7835855e-01
9458 6.7870384e-01
9459 6.7904747e-01
9460 6.7938936e-01
9461 6.7972946e-01
9462 6.8006784e-01
9463 6.8040448e-01
9464 6.8073940e-01
9465 6.8107253e-01
9466 6.8140399e-01
9467 6.8173367e-01
9468 6.8206161e-01
9469 6.8238777e-01
9470 6.8271232e-01
9471 6.8303496e-01
9472 6.8335599e-01
9473 6.8367529e-01
9474 6.8399280e-01
9475 6.8430847e-01
9476 6.8462259e-01
9477 6.8493485e-01
9478 6.8524539e-01
9479 6.8555421e-01
9480 6.8586886e-01
9481 6.8618250e-01
9482 6.8649489e-01
9483 6.8680608e-01
9484 6.8711621e-01
9485 6.8742526e-01
9486 6.8773311e-01
9487 6.8803990e-01
9488 6.8834549e-01
9489 6.8865001e-01
9490 6.8895334e-01
9491 6.8925554e-01
9492 6.8955660e-01
9493 6.8985659e-01
9494 6.9015539e-01
9495 6.9045311e-01
9496 6.9074965e-01
9497 6.9104511e-01
9498 6.9133943e-01
9499 6.9163251e-01
9500 6.9192457e-01
9501 6.9221544e-01
9502 6.9250518e-01
9503 6.9279391e-01
9504 6.9309282e-01
9505 6.9339132e-01
9506 6.9368976e-01
9507 6.9398797e-01
9508 6.9428587e-01
9509 6.9458359e-01
9510 6.9488120e-01
9511 6.9517845e-01
9512 6.9547552e-01
9513 6.9577235e-01
9514 6.9606894e-01
9515 6.9636536e-01
9516 6.9666159e-01
9517 6.9695747e-01
9518 6.9725323e-01
9519 6.9754875e-01
9520 6.9784397e-01
9521 6.9813907e-01
9522 6.9843388e-01
9523 6.9872850e-01
9524 6.9902289e-01
9525 6.9931698e-01
9526 6.9961095e-01
9527 6.9990462e-01
9528 7.0020342e-01
9529 7.0050228e-01
9530 7.0080131e-01
9531 7.0110059e-01
9532 7.0140004e-01
9533 7.0169967e-01
9534 7.0199955e-01
9535 7.0229959e-01
9536 7.0259982e-01
9537 7.0290023e-01
9538 7.0320082e-01
9539 7.0350164e-01
9540 7.0380259e-01
9541 7.0410383e-01
9542 7.0440519e-01
9543 7.0470673e-01
9544 7.0500851e-01
9545 7.0531046e-01
9546 7.0561260e-01
9547 7.0591497e-01
9548 7.0621747e-01
9549 7.0652020e-01
9550 7.0682317e-01
9551 7.0712626e-01
9552 7.0741671e-01
9553 7.0770645e-01
9554 7.0799536e-01
9555 7.0828336e-01
9556 7.0857060e-01
9557 7.0885706e-01
9558 7.0914257e-01
9559 7.0942736e-01
9560 7.0971125e-01
9561 7.0999426e-01
9562 7.1027654e-01
9563 7.1055794e-01
9564 7.1083862e-01
9565 7.1111834e-01
9566 7.1139723e-01
9567 7.1167535e-01
9568 7.1195263e-01
9569 7.1222907e-01
9570 7.1250463e-01
9571 7.1277946e-01
9572 7.1305341e-01
9573 7.1332657e-01
9574 7.1359885e-01
9575 7.1387035e-01
9576 7.1417546e-01
9577 7.1448237e-01
9578 7.1479124e-01
9579 7.1510214e-01
9580 7.1541494e-01
9581 7.1572953e-01
9582 7.1604615e-01
9583 7.1636462e-01
9584 7.1668518e-01
9585 7.1700746e-01
9586 7.1733183e-01
9587 7.1765804e-01
9588 7.1798617e-01
9589 7.1831626e-01
9590 7.1864831e-01
9591 7.1898222e-01
9592 7.1931809e-01
9593 7.1965587e-01
9594 7.1999556e-01
9595 7.2033721e-01
9596 7.2068071e-01
9597 7.2102618e-01
9598 7.2137362e-01
9599 7.2172296e-01
9600 7.2205639e-01
9601 7.2239053e-01
9602 7.2272503e-01
9603 7.2306007e-01
9604 7.2339565e-01
9605 7.2373170e-01
9606 7.2406828e-01
9607 7.2440529e-01
9608 7.2474283e-01
9609 7.2508097e-01
9610 7.2541958e-01
9611 7.2575867e-01
9612 7.2609824e-01
9613 7.2643834e-01
9614 7.2677892e-01
9615 7.2712004e-01
9616 7.2746176e-01
9617 7.2780389e-01
9618 7.2814637e-01
9619 7.2848958e-01
9620 7.2883332e-01
9621 7.2917736e-01
9622 7.2952211e-01
9623 7.2986722e-01
9624 7.3016286e-01
9625 7.3045504e-01
9626 7.3074365e-01
9627 7.3102880e-01
9628 7.3131037e-01
9629 7.3158848e-01
9630 7.3186320e-01
9631 7.3213434e-01
9632 7.3240203e-01
9633 7.3266613e-01
9634 7.3292679e-01
9635 7.3318398e-01
9636 7.3343766e-01
9637 7.3368782e-01
9638 7.3393446e-01
9639 7.3417759e-01
9640 7.3441732e-01
9641 7.3465347e-01
9642 7.3488611e-01
9643 7.3511529e-01
9644 7.3534101e-01
9645 7.3556316e-01
9646 7.3578191e-01
9647 7.3599714e-01
9648 7.3622197e-01
9649 7.3644441e-01
9650 7.3666435e-01
9651 7.3688197e-01
9652 7.3709702e-01
9653 7.3730963e-01
9654 7.3751986e-01
9655 7.3772764e-01
9656 7.3793298e-01
9657 7.3813587e-01
9658 7.3833627e-01
9659 7.3853427e-01
9660 7.3872983e-01
9661 7.3892295e-01
9662 7.3911363e-01
9663 7.3930186e-01
9664 7.3948771e-01
9665 7.3967093e-01
9666 7.3985183e-01
9667 7.4003029e-01
9668 7.4020636e-01
9669 7.4037993e-01
9670 7.4055105e-01
9671 7.4071968e-01
9672 7.4093717e-01
9673 7.4115640e-01
9674 7.4137723e-01
9675 7.4159968e-01
9676 7.4182385e-01
9677 7.4204969e-01
9678 7.4227715e-01
9679 7.4250627e-01
9680 7.4273700e-01
9681 7.4296945e-01
9682 7.4320352e-01
9683 7.4343932e-01
9684 7.4367672e-01
9685 7.4391586e-01
9686 7.4415654e-01
9687 7.4439889e-01
9688 7.4464297e-01
9689 7.4488866e-01
9690 7.4513602e-01
9691 7.4538505e-01
9692 7.4563581e-01
9693 7.4588805e-01
9694 7.4614209e-01
9695 7.4639773e-01
9696 7.4665356e-01
9697 7.4691099e-01
9698 7.4716997e-01
9699 7.4743032e-01
9700 7.4769235e-01
9701 7.4795592e-01
9702 7.4822110e-01
9703 7.4848759e-01
9704 7.4875575e-01
9705 7.4902546e-01
9706 7.4929678e-01
9707 7.4956954e-01
9708 7.4984384e-01
9709 7.5011975e-01
9710 7.5039715e-01
9711 7.5067610e-01
9712 7.5095659e-01
9713 7.5123864e-01
9714 7.5152218e-01
9715 7.5180727e-01
9716 7.5209391e-01
9717 7.5238210e-01
9718 7.5267196e-01
9719 7.5296313e-01
9720 7.5326371e-01
9721 7.5356650e-01
9722 7.5387132e-01
9723 7.5417840e-01
9724 7.5448757e-01
9725 7.5479907e-01
9726 7.5511259e-01
9727 7.5542831e-01
9728 7.5574619e-01
9729 7.5606620e-01
9730 7.5638843e-01
9731 7.5671273e-01
9732 7.5703931e-01
9733 7.5736797e-01
9734 7.5769883e-01
9735 7.5803185e-01
9736 7.5836694e-01
9737 7.5870430e-01
9738 7.5904375e-01
9739 7.5938547e-01
9740 7.5972927e-01
9741 7.6007527e-01
9742 7.6042342e-01
9743 7.6077378e-01
9744 7.6109111e-01
9745 7.6140785e-01
9746 7.6172394e-01
9747 7.6203948e-01
9748 7.6235425e-01
9749 7.6266849e-01
9750 7.6298201e-01
9751 7.6329499e-01
9752 7.6360720e-01
9753 7.6391882e-01
9754 7.6422977e-01
9755 7.6454008e-01
9756 7.6484978e-01
9757 7.6515883e-01
9758 7.6546729e-01
9759 7.6577508e-01
9760 7.6608211e-01
9761 7.6638865e-01
9762 7.6669443e-01
9763 7.6699966e-01
9764 7.6730424e-01
9765 7.6760805e-01
9766 7.6791137e-01
9767 7.6821393e-01
9768 7.6849312e-01
9769 7.6876986e-01
9770 7.6904416e-01
9771 7.6931596e-01
9772 7.6958525e-01
9773 7.6985216e-01
9774 7.7011657e-01
9775 7.7037847e-01
9776 7.7063799e-01
9777 7.7089494e-01
9778 7.7114946e-01
9779 7.7140152e-01
9780 7.7165115e-01
9781 7.7189821e-01
9782 7.7214295e-01
9783 7.7238512e-01
9784 7.7262485e-01
9785 7.7286214e-01
9786 7.7309692e-01
9787 7.7332926e-01
9788 7.7355915e-01
9789 7.7378666e-01
9790 7.7401149e-01
9791 7.7423400e-01
9792 7.7444100e-01
9793 7.7464467e-01
9794 7.7484477e-01
9795 7.7504128e-01
9796 7.7523434e-01
9797 7.7542394e-01
9798 7.7561003e-01
9799 7.7579260e-01
9800 7.7597159e-01
9801 7.7614725e-01
9802 7.7631932e-01
9803 7.7648795e-01
9804 7.7665305e-01
9805 7.7681446e-01
9806 7.7697271e-01
9807 7.7712721e-01
9808 7.7727830e-01
9809 7.7742577e-01
9810 7.7756989e-01
9811 7.7771050e-01
9812 7.7784753e-01
9813 7.7798110e-01
9814 7.7811110e-01
9815 7.7823776e-01
9816 7.7838808e-01
9817 7.7853715e-01
9818 7.7868485e-01
9819 7.7883130e-01
9820 7.7897632e-01
9821 7.7912015e-01
9822 7.7926254e-01
9823 7.7940369e-01
9824 7.7954346e-01
9825 7.7968204e-01
9826 7.7981919e-01
9827 7.7995509e-01
9828 7.8008956e-01
9829 7.8022277e-01
9830 7.8035474e-01
9831 7.8048533e-01
9832 7.8061455e-01
9833 7.8074247e-01
9834 7.8086913e-01
9835 7.8099453e-01
9836 7.8111845e-01
9837 7.8124112e-01
9838 7.8136247e-01
9839 7.8148258e-01
9840 7.8161681e-01
9841 7.8175104e-01
9842 7.8188521e-01
9843 7.8201932e-01
9844 7.8215325e-01
9845 7.8228724e-01
9846 7.8242105e-01
9847 7.8255492e-01
9848 7.8268868e-01
9849 7.8282225e-01
9850 7.8295588e-01
9851 7.8308934e-01
9852 7.8322279e-01
9853 7.8335619e-01
9854 7.8348947e-01
9855 7.8362268e-01
9856 7.8375578e-01
9857 7.8388888e-01
9858 7.8402185e-01
9859 7.8415477e-01
9860 7.8428763e-01
9861 7.8442037e-01
9862 7.8455317e-01
9863 7.8468579e-01
9864 7.8482372e-01
9865 7.8496194e-01
9866 7.8510052e-01
9867 7.8523958e-01
9868 7.8537881e-01
9869 7.8551847e-01
9870 7.8565848e-01
9871 7.8579885e-01
9872 7.8593963e-01
9873 7.8608060e-01
9874 7.8622210e-01
9875 7.8636390e-01
9876 7.8650600e-01
9877 7.8664851e-01
9878 7.8679138e-01
9879 7.8693449e-01
9880 7.8707808e-01
9881 7.8722197e-01
9882 7.8736621e-01
9883 7.8751081e-01
9884 7.8765571e-01
9885 7.8780109e-01
9886 7.8794676e-01
9887 7.8809285e-01
9888 7.8823411e-01
9889 7.8837514e-01
9890 7.8851628e-01
9891 7.8865731e-01
9892 7.8879839e-01
9893 7.8893924e-01
9894 7.8908014e-01
9895 7.8922093e-01
9896 7.8936172e-01
9897 7.8950238e-01
9898 7.8964299e-01
9899 7.8978354e-01
9900 7.8992409e-01
9901 7.9006445e-01
9902 7.9020494e-01
9903 7.9034519e-01
9904 7.9048550e-01
9905 7.9062569e-01
9906 7.9076588e-01
9907 7.9090595e-01
9908 7.9104596e-01
9909 7.9118598e-01
9910 7.9132587e-01
9911 7.9146570e-01
9912 7.9161870e-01
9913 7.9177266e-01
9914 7.9192758e-01
9915 7.9208356e-01
9916 7.9224044e-01
9917 7.9239845e-01
9918 7.9255730e-01
9919 7.9271722e-01
9920 7.9287815e-01
9921 7.9304004e-01
9922 7.9320294e-01
9923 7.9336679e-01
9924 7.9353172e-01
9925 7.9369754e-01
9926 7.9386449e-01
9927 7.9403234e-01
9928 7.9420114e-01
9929 7.9437101e-01
9930 7.9454190e-01
9931 7.9471368e-01
9932 7.9488653e-01
9933 7.9506034e-01
9934 7.9523510e-01
9935 7.9541099e-01
9936 7.9563266e-01
9937 7.9585886e-01
9938 7.9608977e-01
9939 7.9632521e-01
9940 7.9656518e-01
9941 7.9680979e-01
9942 7.9705906e-01
9943 7.9731274e-01
9944 7.9757112e-01
9945 7.9783410e-01
9946 7.9810160e-01
9947 7.9837364e-01
9948 7.9865038e-01
9949 7.9893166e-01
9950 7.9921752e-01
9951 7.9950792e-01
9952 7.9980290e-01
9953 8.0010259e-01
9954 8.0040675e-01
9955 8.0071557e-01
9956 8.0102891e-01
9957 8.0134684e-01
9958 8.0166948e-01
9959 8.0199647e-01
9960 8.0235422e-01
9961 8.0271864e-01
9962 8.0308980e-01
9963 8.0346745e-01
9964 8.0385196e-01
9965 8.0424309e-01
9966 8.0464089e-01
9967 8.0504531e-01
9968 8.0545640e-01
9969 8.0587417e-01
9970 8.0629861e-01
9971 8.0672973e-01
9972 8.0716753e-01
9973 8.0761194e-01
9974 8.0806315e-01
9975 8.0852085e-01
9976 8.0898541e-01
9977 8.0945659e-01
9978 8.0993432e-01
9979 8.1041878e-01
9980 8.1090993e-01
9981 8.1140769e-01
9982 8.1191224e-01
9983 8.1242341e-01
9984 8.1288254e-01
9985 8.1334364e-01
9986 8.1380683e-01
9987 8.1427199e-01
9988 8.1473917e-01
9989 8.1520820e-01
9990 8.1567931e-01
9991 8.1615233e-01
9992 8.1662738e-01
9993 8.1710440e-01
9994 8.1758338e-01
9995 8.1806439e-01
9996 8.1854731e-01
9997 8.1903219e-01
9998 8.1951922e-01
9999 8.2000798e-01
10000 8.2049888e-01
10001 8.2099181e-01
10002 8.2148659e-01
10003 8.2198340e-01
10004 8.2248211e-01
10005 8.2298291e-01
10006 8.2348567e-01
10007 8.2399046e-01
10008 8.2441682e-01
10009 8.2483900e-01
10010 8.2525653e-01
10011 8.2566965e-01
10012 8.2607836e-01
10013 8.2648253e-01
10014 8.2688236e-01
10015 8.2727772e-01
10016 8.2766873e-01
10017 8.2805520e-01
10018 8.2843727e-01
10019 8.2881492e-01
10020 8.2918799e-01
10021 8.2955664e-01
10022 8.2992107e-01
10023 8.3028084e-01
10024 8.3063626e-01
10025 8.3098727e-01
10026 8.3133376e-01
10027 8.3167589e-01
10028 8.3201349e-01
10029 8.3234674e-01
10030 8.3267558e-01
10031 8.3299983e-01
10032 8.3328301e-01
10033 8.3355886e-01
10034 8.3382732e-01
10035 8.3408827e-01
10036 8.3434206e-01
10037 8.3458835e-01
10038 8.3482730e-01
10039 8.3505881e-01
10040 8.3528298e-01
10041 8.3549988e-01
10042 8.3570927e-01
10043 8.3591139e-01
10044 8.3610600e-01
10045 8.3629334e-01
10046 8.3647329e-01
10047 8.3664584e-01
10048 8.3681095e-01
10049 8.3696884e-01
10050 8.3711928e-01
10051 8.3726233e-01
10052 8.3739799e-01
10053 8.3752632e-01
10054 8.3764720e-01
10055 8.3776075e-01
10056 8.3786744e-01
10057 8.3796686e-01
10058 8.3805895e-01
10059 8.3814365e-01
10060 8.3822107e-01
10061 8.3829117e-01
10062 8.3835387e-01
10063 8.3840925e-01
10064 8.3845735e-01
10065 8.3849818e-01
10066 8.3853149e-01
10067 8.3855754e-01
10068 8.3857632e-01
10069 8.3858776e-01
10070 8.3859187e-01
10071 8.3858860e-01
10072 8.3857799e-01
10073 8.3856016e-01
10074 8.3853489e-01
10075 8.3850235e-01
10076 8.3846235e-01
10077 8.3841515e-01
10078 8.3836055e-01
10079 8.3829868e-01
10080 8.3832228e-01
10081 8.3834589e-01
10082 8.3836955e-01
10083 8.3839351e-01
10084 8.3841735e-01
10085 8.3844137e-01
10086 8.3846545e-01
10087 8.3848959e-01
10088 8.3851385e-01
10089 8.3853823e-01
10090 8.3856273e-01
10091 8.3858728e-01
10092 8.3861184e-01
10093 8.3863658e-01
10094 8.3866143e-01
10095 8.3868635e-01
10096 8.3871138e-01
10097 8.3873647e-01
10098 8.3876157e-01
10099 8.3878690e-01
10100 8.3881223e-01
10101 8.3883774e-01
10102 8.3886325e-01
10103 8.3888888e-01
10104 8.3897883e-01
10105 8.3907413e-01
10106 8.3917451e-01
10107 8.3928013e-01
10108 8.3939105e-01
10109 8.3950734e-01
10110 8.3962858e-01
10111 8.3975524e-01
10112 8.3988702e-01
10113 8.4002405e-01
10114 8.4016639e-01
10115 8.4031403e-01
10116 8.4046668e-01
10117 8.4062469e-01
10118 8.4078789e-01
10119 8.4095633e-01
10120 8.4113008e-01
10121 8.4130895e-01
10122 8.4149313e-01
10123 8.4168243e-01
10124 8.4187704e-01
10125 8.4207690e-01
10126 8.4228200e-01
10127 8.4249234e-01
10128 8.4269857e-01
10129 8.4290922e-01
10130 8.4312451e-01
10131 8.4334421e-01
10132 8.4356838e-01
10133 8.4379703e-01
10134 8.4403026e-01
10135 8.4426796e-01
10136 8.4451008e-01
10137 8.4475672e-01
10138 8.4500790e-01
10139 8.4526354e-01
10140 8.4552360e-01
10141 8.4578818e-01
10142 8.4605724e-01
10143 8.4633082e-01
10144 8.4660888e-01
10145 8.4689152e-01
10146 8.4717852e-01
10147 8.4747005e-01
10148 8.4776604e-01
10149 8.4806657e-01
10150 8.4837157e-01
10151 8.4868103e-01
10152 8.4894091e-01
10153 8.4920096e-01
10154 8.4946138e-01
10155 8.4972173e-01
10156 8.4998232e-01
10157 8.5024309e-01
10158 8.5050404e-01
10159 8.5076511e-01
10160 8.5102636e-01
10161 8.5128784e-01
10162 8.5154933e-01
10163 8.5181117e-01
10164 8.5207301e-01
10165 8.5233498e-01
10166 8.5259736e-01
10167 8.5285974e-01
10168 8.5312223e-01
10169 8.5338503e-01
10170 8.5364795e-01
10171 8.5391104e-01
10172 8.5417420e-01
10173 8.5443765e-01
10174 8.5470122e-01
10175 8.5496497e-01
10176 8.5520113e-01
10177 8.5543537e-01
10178 8.5566747e-01
10179 8.5589755e-01
10180 8.5612571e-01
10181 8.5635155e-01
10182 8.5657561e-01
10183 8.5679752e-01
10184 8.5701740e-01
10185 8.5723519e-01
10186 8.5745096e-01
10187 8.5766464e-01
10188 8.5787636e-01
10189 8.5808593e-01
10190 8.5829353e-01
10191 8.5849905e-01
10192 8.5870248e-01
10193 8.5890400e-01
10194 8.5910344e-01
10195 8.5930067e-01
10196 8.5949600e-01
10197 8.5968918e-01
10198 8.5988045e-01
10199 8.6006963e-01
10200 8.6029744e-01
10201 8.6052662e-01
10202 8.6075693e-01
10203 8.6098844e-01
10204 8.6122125e-01
10205 8.6145520e-01
10206 8.6169028e-01
10207 8.6192673e-01
10208 8.6216432e-01
10209 8.6240315e-01
10210 8.6264312e-01
10211 8.6288440e-01
10212 8.6312699e-01
10213 8.6337054e-01
10214 8.6361551e-01
10215 8.6386162e-01
10216 8.6410886e-01
10217 8.6435753e-01
10218 8.6460721e-01
10219 8.6485821e-01
10220 8.6511040e-01
10221 8.6536378e-01
10222 8.6561841e-01
10223 8.6587429e-01
10224 8.6618483e-01
10225 8.6650085e-01
10226 8.6682230e-01
10227 8.6714941e-01
10228 8.6748183e-01
10229 8.6781991e-01
10230 8.6816341e-01
10231 8.6851239e-01
10232 8.6886692e-01
10233 8.6922687e-01
10234 8.6959237e-01
10235 8.6996335e-01
10236 8.7033987e-01
10237 8.7072188e-01
10238 8.7110931e-01
10239 8.7150228e-01
10240 8.7190074e-01
10241 8.7230474e-01
10242 8.7271416e-01
10243 8.7312919e-01
10244 8.7354952e-01
10245 8.7397552e-01
10246 8.7440687e-01
10247 8.7484384e-01
10248 8.7523258e-01
10249 8.7562245e-01
10250 8.7601370e-01
10251 8.7640619e-01
10252 8.7679976e-01
10253 8.7719464e-01
10254 8.7759054e-01
10255 8.7798774e-01
10256 8.7838626e-01
10257 8.7878579e-01
10258 8.7918657e-01
10259 8.7958866e-01
10260 8.7999183e-01
10261 8.8039625e-01
10262 8.8080198e-01
10263 8.8120878e-01
10264 8.8161683e-01
10265 8.8202608e-01
10266 8.8243663e-01
10267 8.8284826e-01
10268 8.8326108e-01
10269 8.8367516e-01
10270 8.8409042e-01
10271 8.8450688e-01
10272 8.8490480e-01
10273 8.8530219e-01
10274 8.8569933e-01
10275 8.8609606e-01
10276 8.8649231e-01
10277 8.8688833e-01
10278 8.8728386e-01
10279 8.8767904e-01
10280 8.8807380e-01
10281 8.8846833e-01
10282 8.8886225e-01
10283 8.8925600e-01
10284 8.8964921e-01
10285 8.9004213e-01
10286 8.9043474e-01
10287 8.9082670e-01
10288 8.9121860e-01
10289 8.9160985e-01
10290 8.9200085e-01
10291 8.9239150e-01
10292 8.9278173e-01
10293 8.9317149e-01
10294 8.9356101e-01
10295 8.9395005e-01
10296 8.9432710e-01
10297 8.9470273e-01
10298 8.9507711e-01
10299 8.9545017e-01
10300 8.9582187e-01
10301 8.9619225e-01
10302 8.9656138e-01
10303 8.9692920e-01
10304 8.9729559e-01
10305 8.9766079e-01
10306 8.9802456e-01
10307 8.9838701e-01
10308 8.9874828e-01
10309 8.9910817e-01
10310 8.9946669e-01
10311 8.9982390e-01
10312 9.0017986e-01
10313 9.0053445e-01
10314 9.0088779e-01
10315 9.0123969e-01
10316 9.0159047e-01
10317 9.0193963e-01
10318 9.0228778e-01
10319 9.0263438e-01
10320 9.0291196e-01
10321 9.0318286e-01
10322 9.0344703e-01
10323 9.0370429e-01
10324 9.0395498e-01
10325 9.0419888e-01
10326 9.0443605e-01
10327 9.0466642e-01
10328 9.0489012e-01
10329 9.0510714e-01
10330 9.0531719e-01
10331 9.0552068e-01
10332 9.0571737e-01
10333 9.0590745e-01
10334 9.0609062e-01
10335 9.0626717e-01
10336 9.0643686e-01
10337 9.0659988e-01
10338 9.0675610e-01
10339 9.0690577e-01
10340 9.0704852e-01
10341 9.0718454e-01
10342 9.0731394e-01
10343 9.0743643e-01
10344 9.0760666e-01
10345 9.0777445e-01
10346 9.0793985e-01
10347 9.0810299e-01
10348 9.0826362e-01
10349 9.0842181e-01
10350 9.0857768e-01
10351 9.0873128e-01
10352 9.0888238e-01
10353 9.0903103e-01
10354 9.0917742e-01
10355 9.0932125e-01
10356 9.0946287e-01
10357 9.0960193e-01
10358 9.0973878e-01
10359 9.0987313e-01
10360 9.1000509e-01
10361 9.1013473e-01
10362 9.1026193e-01
10363 9.1038674e-01
10364 9.1050911e-01
10365 9.1062927e-01
10366 9.1074681e-01
10367 9.1086209e-01
10368 9.1096401e-01
10369 9.1106266e-01
10370 9.1115832e-01
10371 9.1125041e-01
10372 9.1133940e-01
10373 9.1142505e-01
10374 9.1150743e-01
10375 9.1158664e-01
10376 9.1166252e-01
10377 9.1173500e-01
10378 9.1180438e-01
10379 9.1187054e-01
10380 9.1193336e-01
10381 9.1199291e-01
10382 9.1204923e-01
10383 9.1210228e-01
10384 9.1215223e-01
10385 9.1219860e-01
10386 9.1224194e-01
10387 9.1228193e-01
10388 9.1231865e-01
10389 9.1235220e-01
10390 9.1238254e-01
10391 9.1240942e-01
10392 9.1248304e-01
10393 9.1255736e-01
10394 9.1263258e-01
10395 9.1270846e-01
10396 9.1278499e-01
10397 9.1286224e-01
10398 9.1294032e-01
10399 9.1301912e-01
10400 9.1309869e-01
10401 9.1317904e-01
10402 9.1325992e-01
10403 9.1334164e-01
10404 9.1342407e-01
10405 9.1350728e-01
10406 9.1359127e-01
10407 9.1367590e-01
10408 9.1376138e-01
10409 9.1384733e-01
10410 9.1393435e-01
10411 9.1402185e-01
10412 9.1411012e-01
10413 9.1419935e-01
10414 9.1428906e-01
10415 9.1437960e-01
10416 9.1451538e-01
10417 9.1465545e-01
10418 9.1479999e-01
10419 9.1494882e-01
10420 9.1510177e-01
10421 9.1525906e-01
10422 9.1542071e-01
10423 9.1558665e-01
10424 9.1575682e-01
10425 9.1593140e-01
10426 9.1611028e-01
10427 9.1629344e-01
10428 9.1648090e-01
10429 9.1667259e-01
10430 9.1686869e-01
10431 9.1706890e-01
10432 9.1727358e-01
10433 9.1748250e-01
10434 9.1769576e-01
10435 9.1791332e-01
10436 9.1813511e-01
10437 9.1836125e-01
10438 9.1859162e-01
10439 9.1882640e-01
10440 9.1900003e-01
10441 9.1917270e-01
10442 9.1934454e-01
10443 9.1951537e-01
10444 9.1968536e-01
10445 9.1985428e-01
10446 9.2002237e-01
10447 9.2018944e-01
10448 9.2035568e-01
10449 9.2052090e-01
10450 9.2068529e-01
10451 9.2084873e-01
10452 9.2101109e-01
10453 9.2117268e-01
10454 9.2133331e-01
10455 9.2149299e-01
10456 9.2165178e-01
10457 9.2180949e-01
10458 9.2196637e-01
10459 9.2212236e-01
10460 9.2227739e-01
10461 9.2243147e-01
10462 9.2258459e-01
10463 9.2273682e-01
10464 9.2285264e-01
10465 9.2296475e-01
10466 9.2307293e-01
10467 9.2317730e-01
10468 9.2327803e-01
10469 9.2337489e-01
10470 9.2346817e-01
10471 9.2355758e-01
10472 9.2364311e-01
10473 9.2372495e-01
10474 9.2380303e-01
10475 9.2387724e-01
10476 9.2394775e-01
10477 9.2401463e-01
10478 9.2407757e-01
10479 9.2413682e-01
10480 9.2419219e-01
10481 9.2424381e-01
10482 9.2429179e-01
10483 9.2433590e-01
10484 9.2437631e-01
10485 9.2441273e-01
10486 9.2444563e-01
10487 9.2447460e-01
10488 9.2450380e-01
10489 9.2452967e-01
10490 9.2455184e-01
10491 9.2457080e-01
10492 9.2458612e-01
10493 9.2459798e-01
10494 9.2460650e-01
10495 9.2461145e-01
10496 9.2461306e-01
10497 9.2461115e-01
10498 9.2460579e-01
10499 9.2459697e-01
10500 9.2458457e-01
10501 9.2456901e-01
10502 9.2454982e-01
10503 9.2452717e-01
10504 9.2450112e-01
10505 9.2447150e-01
10506 9.2443848e-01
10507 9.2440194e-01
10508 9.2436218e-01
10509 9.2431879e-01
10510 9.2427182e-01
10511 9.2422158e-01
10512 9.2419279e-01
10513 9.2416251e-01
10514 9.2413062e-01
10515 9.2409760e-01
10516 9.2406291e-01
10517 9.2402691e-01
10518 9.2398930e-01
10519 9.2395025e-01
10520 9.2390978e-01
10521 9.2386782e-01
10522 9.2382443e-01
10523 9.2377955e-01
10524 9.2373312e-01
10525 9.2368537e-01
10526 9.2363614e-01
10527 9.2358536e-01
10528 9.2353326e-01
10529 9.2347956e-01
10530 9.2342442e-01
10531 9.2336798e-01
10532 9.2330980e-01
10533 9.2325044e-01
10534 9.2318946e-01
10535 9.2312706e-01
10536 9.2311639e-01
10537 9.2310828e-01
10538 9.2310297e-01
10539 9.2310065e-01
10540 9.2310089e-01
10541 9.2310399e-01
10542 9.2311001e-01
10543 9.2311877e-01
10544 9.2313015e-01
10545 9.2314452e-01
10546 9.2316151e-01
10547 9.2318147e-01
10548 9.2320389e-01
10549 9.2322946e-01
10550 9.2325759e-01
10551 9.2328864e-01
10552 9.2332226e-01
10553 9.2335892e-01
10554 9.2339826e-01
10555 9.2344034e-01
10556 9.2348528e-01
10557 9.2353296e-01
10558 9.2358339e-01
10559 9.2363667e-01
10560 9.2366832e-01
10561 9.2370117e-01
10562 9.2373461e-01
10563 9.2376894e-01
10564 9.2380404e-01
10565 9.2384011e-01
10566 9.2387706e-01
10567 9.2391473e-01
10568 9.2395329e-01
10569 9.2399263e-01
10570 9.2403293e-01
10571 9.2407405e-01
10572 9.2411596e-01
10573 9.2415875e-01
10574 9.2420238e-01
10575 9.2424679e-01
10576 9.2429221e-01
10577 9.2433828e-01
10578 9.2438531e-01
10579 9.2443329e-01
10580 9.2448187e-01
10581 9.2453152e-01
10582 9.2458177e-01
10583 9.2463309e-01
10584 9.2473215e-01
10585 9.2483574e-01
10586 9.2494404e-01
10587 9.2505693e-01
10588 9.2517447e-01
10589 9.2529666e-01
10590 9.2542326e-01
10591 9.2555463e-01
10592 9.2569053e-01
10593 9.2583102e-01
10594 9.2597610e-01
10595 9.2612582e-01
10596 9.2628020e-01
10597 9.2643905e-01
10598 9.2660260e-01
10599 9.2677081e-01
10600 9.2694342e-01
10601 9.2712086e-01
10602 9.2730278e-01
10603 9.2748934e-01
10604 9.2768055e-01
10605 9.2787623e-01
10606 9.2807668e-01
10607 9.2828161e-01
10608 9.2852336e-01
10609 9.2877233e-01
10610 9.2902851e-01
10611 9.2929173e-01
10612 9.2956233e-01
10613 9.2983985e-01
10614 9.3012482e-01
10615 9.3041670e-01
10616 9.3071592e-01
10617 9.3102223e-01
10618 9.3133581e-01
10619 9.3165660e-01
10620 9.3198460e-01
10621 9.3231958e-01
10622 9.3266177e-01
10623 9.3301129e-01
10624 9.3336785e-01
10625 9.3373173e-01
10626 9.3410259e-01
10627 9.3448091e-01
10628 9.3486619e-01
10629 9.3525869e-01
10630 9.3565845e-01
10631 9.3606532e-01
10632 9.3644428e-01
10633 9.3682766e-01
10634 9.3721527e-01
10635 9.3760735e-01
10636 9.3800390e-01
10637 9.3840462e-01
10638 9.3880975e-01
10639 9.3921942e-01
10640 9.3963325e-01
10641 9.4005173e-01
10642 9.4047433e-01
10643 9.4090128e-01
10644 9.4133282e-01
10645 9.4176865e-01
10646 9.4220871e-01
10647 9.4265330e-01
10648 9.4310218e-01
10649 9.4355553e-01
10650 9.4401306e-01
10651 9.4447517e-01
10652 9.4494164e-01
10653 9.4541234e-01
10654 9.4588757e-01
10655 9.4636697e-01
10656 9.4676852e-01
10657 9.4716817e-01
10658 9.4756544e-01
10659 9.4796044e-01
10660 9.4835335e-01
10661 9.4874394e-01
10662 9.4913232e-01
10663 9.4951856e-01
10664 9.4990253e-01
10665 9.5028424e-01
10666 9.5066386e-01
10667 9.5104128e-01
10668 9.5141667e-01
10669 9.5178956e-01
10670 9.5216036e-01
10671 9.5252895e-01
10672 9.5289528e-01
10673 9.5325941e-01
10674 9.5362139e-01
10675 9.5398116e-01
10676 9.5433879e-01
10677 9.5469403e-01
10678 9.5504713e-01
10679 9.5539814e-01
10680 9.5568877e-01
10681 9.5597273e-01
10682 9.5624977e-01
10683 9.5651996e-01
10684 9.5678335e-01
10685 9.5703983e-01
10686 9.5728946e-01
10687 9.5753235e-01
10688 9.5776826e-01
10689 9.5799744e-01
10690 9.5821971e-01
10691 9.5843506e-01
10692 9.5864367e-01
10693 9.5884544e-01
10694 9.5904046e-01
10695 9.5922840e-01
10696 9.5940959e-01
10697 9.5958400e-01
10698 9.5975149e-01
10699 9.5991224e-01
10700 9.6006602e-01
10701 9.6021307e-01
10702 9.6035326e-01
10703 9.6048647e-01
10704 9.6062404e-01
10705 9.6075577e-01
10706 9.6088165e-01
10707 9.6100134e-01
10708 9.6111524e-01
10709 9.6122307e-01
10710 9.6132499e-01
10711 9.6142095e-01
10712 9.6151096e-01
10713 9.6159512e-01
10714 9.6167326e-01
10715 9.6174556e-01
10716 9.6181166e-01
10717 9.6187204e-01
10718 9.6192640e-01
10719 9.6197480e-01
10720 9.6201718e-01
10721 9.6205372e-01
10722 9.6208435e-01
10723 9.6210897e-01
10724 9.6212745e-01
10725 9.6214032e-01
10726 9.6214706e-01
10727 9.6214783e-01
10728 9.6222019e-01
10729 9.6229273e-01
10730 9.6236575e-01
10731 9.6243888e-01
10732 9.6251208e-01
10733 9.6258581e-01
10734 9.6265972e-01
10735 9.6273375e-01
10736 9.6280801e-01
10737 9.6288276e-01
10738 9.6295762e-01
10739 9.6303278e-01
10740 9.6310806e-01
10741 9.6318376e-01
10742 9.6325970e-01
10743 9.6333575e-01
10744 9.6341223e-01
10745 9.6348882e-01
10746 9.6356565e-01
10747 9.6364284e-01
10748 9.6372026e-01
10749 9.6379793e-01
10750 9.6387583e-01
10751 9.6395391e-01
10752 9.6404469e-01
10753 9.6413684e-01
10754 9.6423030e-01
10755 9.6432483e-01
10756 9.6442074e-01
10757 9.6451783e-01
10758 9.6461618e-01
10759 9.6471572e-01
10760 9.6481657e-01
10761 9.6491861e-01
10762 9.6502209e-01
10763 9.6512663e-01
10764 9.6523243e-01
10765 9.6533960e-01
10766 9.6544790e-01
10767 9.6555746e-01
10768 9.6566844e-01
10769 9.6578050e-01
10770 9.6589375e-01
10771 9.6600837e-01
10772 9.6612430e-01
10773 9.6624130e-01
10774 9.6635956e-01
10775 9.6647918e-01
10776 9.6656764e-01
10777 9.6665466e-01
10778 9.6674043e-01
10779 9.6682495e-01
10780 9.6690804e-01
10781 9.6698976e-01
10782 9.6707010e-01
10783 9.6714914e-01
10784 9.6722680e-01
10785 9.6730322e-01
10786 9.6737820e-01
10787 9.6745193e-01
10788 9.6752429e-01
10789 9.6759522e-01
10790 9.6766496e-01
10791 9.6773326e-01
10792 9.6780026e-01
10793 9.6786588e-01
10794 9.6793014e-01
10795 9.6799308e-01
10796 9.6805477e-01
10797 9.6811497e-01
10798 9.6817398e-01
10799 9.6823150e-01
10800 9.6830457e-01
10801 9.6837777e-01
10802 9.6845078e-01
10803 9.6852392e-01
10804 9.6859711e-01
10805 9.6867019e-01
10806 9.6874338e-01
10807 9.6881652e-01
10808 9.6888959e-01
10809 9.6896279e-01
10810 9.6903598e-01
10811 9.6910912e-01
10812 9.6918219e-01
10813 9.6925551e-01
10814 9.6932864e-01
10815 9.6940190e-01
10816 9.6947503e-01
10817 9.6954834e-01
10818 9.6962154e-01
10819 9.6969473e-01
10820 9.6976805e-01
10821 9.6984124e-01
10822 9.6991444e-01
10823 9.6998775e-01
10824 9.7009426e-01
10825 9.7020340e-01
10826 9.7031534e-01
10827 9.7042978e-01
10828 9.7054714e-01
10829 9.7066683e-01
10830 9.7078949e-01
10831 9.7091460e-01
10832 9.7104251e-01
10833 9.7117293e-01
10834 9.7130626e-01
10835 9.7144204e-01
10836 9.7158056e-01
10837 9.7172183e-01
10838 9.7186571e-01
10839 9.7201222e-01
10840 9.7216141e-01
10841 9.7231334e-01
10842 9.7246784e-01
10843 9.7262508e-01
10844 9.7278488e-01
10845 9.7294748e-01
10846 9.7311264e-01
10847 9.7328055e-01
10848 9.7346985e-01
10849 9.7366333e-01
10850 9.7386062e-01
10851 9.7406244e-01
10852 9.7426838e-01
10853 9.7447842e-01
10854 9.7469264e-01
10855 9.7491097e-01
10856 9.7513348e-01
10857 9.7536016e-01
10858 9.7559100e-01
10859 9.7582597e-01
10860 9.7606522e-01
10861 9.7630858e-01
10862 9.7655606e-01
10863 9.7680765e-01
10864 9.7706348e-01
10865 9.7732347e-01
10866 9.7758776e-01
10867 9.7785598e-01
10868 9.7812843e-01
10869 9.7840506e-01
10870 9.7868580e-01
10871 9.7897094e-01
10872 9.7921413e-01
10873 9.7945780e-01
10874 9.7970194e-01
10875 9.7994667e-01
10876 9.8019183e-01
10877 9.8043758e-01
10878 9.8068380e-01
10879 9.8093051e-01
10880 9.8117763e-01
10881 9.8142517e-01
10882 9.8167342e-01
10883 9.8192203e-01
10884 9.8217112e-01
10885 9.8242074e-01
10886 9.8267090e-01
10887 9.8292142e-01
10888 9.8317260e-01
10889 9.8342413e-01
10890 9.8367620e-01
10891 9.8392874e-01
10892 9.8418176e-01
10893 9.8443544e-01
10894 9.8468941e-01
10895 9.8494393e-01
10896 9.8514831e-01
10897 9.8534900e-01
10898 9.8554617e-01
10899 9.8573995e-01
10900 9.8592997e-01
10901 9.8611665e-01
10902 9.8629957e-01
10903 9.8647904e-01
10904 9.8665470e-01
10905 9.8682696e-01
10906 9.8699570e-01
10907 9.8716092e-01
10908 9.8732251e-01
10909 9.8748052e-01
10910 9.8763490e-01
10911 9.8778588e-01
10912 9.8793322e-01
10913 9.8807704e-01
10914 9.8821723e-01
10915 9.8835385e-01
10916 9.8848701e-01
10917 9.8861647e-01
10918 9.8874253e-01
10919 9.8886484e-01
10920 9.8897856e-01
10921 9.8908818e-01
10922 9.8919398e-01
10923 9.8929566e-01
10924 9.8939335e-01
10925 9.8948735e-01
10926 9.8957705e-01
10927 9.8966295e-01
10928 9.8974472e-01
10929 9.8982263e-01
10930 9.8989666e-01
10931 9.8996663e-01
10932 9.9003255e-01
10933 9.9009436e-01
10934 9.9015248e-01
10935 9.9020648e-01
10936 9.9025673e-01
10937 9.9030274e-01
10938 9.9034482e-01
10939 9.9038303e-01
10940 9.9041718e-01
10941 9.9044728e-01
10942 9.9047345e-01
10943 9.9049580e-01
10944 9.9053055e-01
10945 9.9056286e-01
10946 9.9059224e-01
10947 9.9061924e-01
10948 9.9064344e-01
10949 9.9066502e-01
10950 9.9068391e-01
10951 9.9070024e-01
10952 9.9071383e-01
10953 9.9072486e-01
10954 9.9073315e-01
10955 9.9073875e-01
10956 9.9074179e-01
10957 9.9074227e-01
10958 9.9073988e-01
10959 9.9073499e-01
10960 9.9072754e-01
10961 9.9071723e-01
10962 9.9070430e-01
10963 9.9068892e-01
10964 9.9067062e-01
10965 9.9064976e-01
10966 9.9062628e-01
10967 9.9060023e-01
10968 9.9058777e-01
10969 9.9057406e-01
10970 9.9055892e-01
10971 9.9054259e-01
10972 9.9052483e-01
10973 9.9050575e-01
10974 9.9048519e-01
10975 9.9046350e-01
10976 9.9044043e-01
10977 9.9041593e-01
10978 9.9039006e-01
10979 9.9036300e-01
10980 9.9033451e-01
10981 9.9030465e-01
10982 9.9027336e-01
10983 9.9024099e-01
10984 9.9020714e-01
10985 9.9017191e-01
10986 9.9013525e-01
10987 9.9009746e-01
10988 9.9005830e-01
10989 9.9001771e-01
10990 9.8997575e-01
10991 9.8993260e-01
10992 9.8992938e-01
10993 9.8992813e-01
10994 9.8992854e-01
10995 9.8993123e-01
10996 9.8993582e-01
10997 9.8994231e-01
10998 9.8995084e-01
10999 9.8996127e-01
11000 9.8997372e-01
11001 9.8998815e-01
11002 9.9000454e-01
11003 9.9002284e-01
11004 9.9004304e-01
11005 9.9006528e-01
11006 9.9008960e-01
11007 9.9011576e-01
11008 9.9014378e-01
11009 9.9017388e-01
11010 9.9020588e-01
11011 9.9023992e-01
11012 9.9027598e-01
11013 9.9031389e-01
11014 9.9035376e-01
11015 9.9039567e-01
11016 9.9044907e-01
11017 9.9050492e-01
11018 9.9056369e-01
11019 9.9062514e-01
11020 9.9068910e-01
11021 9.9075609e-01
11022 9.9082565e-01
11023 9.9089795e-01
11024 9.9097300e-01
11025 9.9105066e-01
11026 9.9113107e-01
11027 9.9121422e-01
11028 9.9130011e-01
11029 9.9138874e-01
11030 9.9148011e-01
11031 9.9157423e-01
11032 9.9167079e-01
11033 9.9177027e-01
11034 9.9187255e-01
11035 9.9197739e-01
11036 9.9208510e-01
11037 9.9219537e-01
11038 9.9230844e-01
11039 9.9242419e-01
11040 9.9252617e-01
11041 9.9262959e-01
11042 9.9273437e-01
11043 9.9284059e-01
11044 9.9294817e-01
11045 9.9305695e-01
11046 9.9316758e-01
11047 9.9327916e-01
11048 9.9339235e-01
11049 9.9350697e-01
11050 9.9362290e-01
11051 9.9374020e-01
11052 9.9385887e-01
11053 9.9397916e-01
11054 9.9410075e-01
11055 9.9422365e-01
11056 9.9434787e-01
11057 9.9447358e-01
11058 9.9460071e-01
11059 9.9472922e-01
11060 9.9485916e-01
11061 9.9499047e-01
11062 9.9512309e-01
11063 9.9525732e-01
11064 9.9535513e-01
11065 9.9545133e-01
11066 9.9554569e-01
11067 9.9563861e-01
11068 9.9572986e-01
11069 9.9581951e-01
11070 9.9590755e-01
11071 9.9599397e-01
11072 9.9607867e-01
11073 9.9616182e-01
11074 9.9624324e-01
11075 9.9632323e-01
11076 9.9640149e-01
11077 9.9647814e-01
11078 9.9655318e-01
11079 9.9662662e-01
11080 9.9669838e-01
11081 9.9676853e-01
11082 9.9683696e-01
11083 9.9690396e-01
11084 9.9696916e-01
11085 9.9703282e-01
11086 9.9709493e-01
11087 9.9715531e-01
11088 9.9719584e-01
11089 9.9723321e-01
11090 9.9726760e-01
11091 9.9729872e-01
11092 9.9732685e-01
11093 9.9735188e-01
11094 9.9737394e-01
11095 9.9739283e-01
11096 9.9740857e-01
11097 9.9742138e-01
11098 9.9743092e-01
11099 9.9743736e-01
11100 9.9744087e-01
11101 9.9744129e-01
11102 9.9743837e-01
11103 9.9743259e-01
11104 9.9742377e-01
11105 9.9741173e-01
11106 9.9739665e-01
11107 9.9737835e-01
11108 9.9735719e-01
11109 9.9733281e-01
11110 9.9730527e-01
11111 9.9727488e-01
11112 9.9725658e-01
11113 9.9723655e-01
11114 9.9721462e-01
11115 9.9719095e-01
11116 9.9716520e-01
11117 9.9713767e-01
11118 9.9710840e-01
11119 9.9707723e-01
11120 9.9704415e-01
11121 9.9700922e-01
11122 9.9697250e-01
11123 9.9693376e-01
11124 9.9689329e-01
11125 9.9685109e-01
11126 9.9680686e-01
11127 9.9676079e-01
11128 9.9671292e-01
11129 9.9666315e-01
11130 9.9661154e-01
11131 9.9655807e-01
11132 9.9650282e-01
11133 9.9644554e-01
11134 9.9638653e-01
11135 9.9632567e-01
11136 9.9628365e-01
11137 9.9624127e-01
11138 9.9619889e-01
11139 9.9615616e-01
11140 9.9611324e-01
11141 9.9607015e-01
11142 9.9602675e-01
11143 9.9598324e-01
11144 9.9593961e-01
11145 9.9589562e-01
11146 9.9585158e-01
11147 9.9580723e-01
11148 9.9576283e-01
11149 9.9571806e-01
11150 9.9567318e-01
11151 9.9562806e-01
11152 9.9558264e-01
11153 9.9553716e-01
11154 9.9549150e-01
11155 9.9544561e-01
11156 9.9539936e-01
11157 9.9535298e-01
11158 9.9530643e-01
11159 9.9525970e-01
11160 9.9522984e-01
11161 9.9520093e-01
11162 9.9517334e-01
11163 9.9514699e-01
11164 9.9512160e-01
11165 9.9509734e-01
11166 9.9507451e-01
11167 9.9505258e-01
11168 9.9503189e-01
11169 9.9501240e-01
11170 9.9499393e-01
11171 9.9497688e-01
11172 9.9496078e-01
11173 9.9494582e-01
11174 9.9493212e-01
11175 9.9491954e-01
11176 9.9490815e-01
11177 9.9489784e-01
11178 9.9488872e-01
11179 9.9488074e-01
11180 9.9487400e-01
11181 9.9486846e-01
11182 9.9486393e-01
11183 9.9486059e-01
11184 9.9487150e-01
11185 9.9488479e-01
11186 9.9490017e-01
11187 9.9491781e-01
11188 9.9493766e-01
11189 9.9495965e-01
11190 9.9498373e-01
11191 9.9501032e-01
11192 9.9503899e-01
11193 9.9506980e-01
11194 9.9510294e-01
11195 9.9513835e-01
11196 9.9517572e-01
11197 9.9521548e-01
11198 9.9525744e-01
11199 9.9530149e-01
11200 9.9534780e-01
11201 9.9539638e-01
11202 9.9544716e-01
11203 9.9550009e-01
11204 9.9555522e-01
11205 9.9561268e-01
11206 9.9567229e-01
11207 9.9573404e-01
11208 9.9578625e-01
11209 9.9583977e-01
11210 9.9589467e-01
11211 9.9595088e-01
11212 9.9600816e-01
11213 9.9606681e-01
11214 9.9612653e-01
11215 9.9618781e-01
11216 9.9625033e-01
11217 9.9631405e-01
11218 9.9637920e-01
11219 9.9644542e-01
11220 9.9651289e-01
11221 9.9658173e-01
11222 9.9665171e-01
11223 9.9672306e-01
11224 9.9679577e-01
11225 9.9686968e-01
11226 9.9694479e-01
11227 9.9702126e-01
11228 9.9709904e-01
11229 9.9717796e-01
11230 9.9725825e-01
11231 9.9733973e-01
11232 9.9739790e-01
11233 9.9745530e-01
11234 9.9751222e-01
11235 9.9756831e-01
11236 9.9762344e-01
11237 9.9767816e-01
11238 9.9773216e-01
11239 9.9778539e-01
11240 9.9783796e-01
11241 9.9788976e-01
11242 9.9794084e-01
11243 9.9799144e-01
11244 9.9804115e-01
11245 9.9809027e-01
11246 9.9813855e-01
11247 9.9818623e-01
11248 9.9823314e-01
11249 9.9827933e-01
11250 9.9832493e-01
11251 9.9836981e-01
11252 9.9841392e-01
11253 9.9845731e-01
11254 9.9850011e-01
11255 9.9854213e-01
11256 9.9856210e-01
11257 9.9857956e-01
11258 9.9859470e-01
11259 9.9860734e-01
11260 9.9861777e-01
11261 9.9862552e-01
11262 9.9863094e-01
11263 9.9863404e-01
11264 9.9863470e-01
11265 9.9863273e-01
11266 9.9862868e-01
11267 9.9862212e-01
11268 9.9861300e-01
11269 9.9860156e-01
11270 9.9858761e-01
11271 9.9857146e-01
11272 9.9855274e-01
11273 9.9853158e-01
11274 9.9850810e-01
11275 9.9848217e-01
11276 9.9845392e-01
11277 9.9842304e-01
11278 9.9838996e-01
11279 9.9835432e-01
11280 9.9835557e-01
11281 9.9835753e-01
11282 9.9836016e-01
11283 9.9836338e-01
11284 9.9836749e-01
11285 9.9837238e-01
11286 9.9837780e-01
11287 9.9838412e-01
11288 9.9839121e-01
11289 9.9839884e-01
11290 9.9840730e-01
11291 9.9841642e-01
11292 9.9842626e-01
11293 9.9843687e-01
11294 9.9844807e-01
11295 9.9846011e-01
11296 9.9847299e-01
11297 9.9848652e-01
11298 9.9850065e-01
11299 9.9851555e-01
11300 9.9853116e-01
11301 9.9854755e-01
11302 9.9856460e-01
11303 9.9858242e-01
11304 9.9861777e-01
11305 9.9865514e-01
11306 9.9869460e-01
11307 9.9873614e-01
11308 9.9877971e-01
11309 9.9882531e-01
11310 9.9887300e-01
11311 9.9892282e-01
11312 9.9897462e-01
11313 9.9902874e-01
11314 9.9908447e-01
11315 9.9914265e-01
11316 9.9920267e-01
11317 9.9926484e-01
11318 9.9932903e-01
11319 9.9939537e-01
11320 9.9946368e-01
11321 9.9953419e-01
11322 9.9960667e-01
11323 9.9968123e-01
11324 9.9975789e-01
11325 9.9983656e-01
11326 9.9991727e-01
11327 1.0000000e+00
11328 9.9978143e-01
11329 9.9954033e-01
11330 9.9927723e-01
11331 9.9899179e-01
11332 9.9868423e-01
11333 9.9835420e-01
11334 9.9800223e-01
11335 9.9762779e-01
11336 9.9723113e-01
11337 9.9681246e-01
11338 9.9637151e-01
11339 9.9590826e-01
11340 9.9542284e-01
11341 9.9491519e-01
11342 9.9438524e-01
11343 9.9383307e-01
11344 9.9325871e-01
11345 9.9266219e-01
11346 9.9204332e-01
11347 9.9140239e-01
11348 9.9073905e-01
11349 9.9005353e-01
11350 9.8934603e-01
11351 9.8861593e-01
11352 9.8743784e-01
11353 9.8620337e-01
11354 9.8491257e-01
11355 9.8356545e-01
11356 9.8216212e-01
11357 9.8070228e-01
11358 9.7918642e-01
11359 9.7761405e-01
11360 9.7598535e-01
11361 9.7430062e-01
11362 9.7255921e-01
11363 9.7076172e-01
11364 9.6890795e-01
11365 9.6699780e-01
11366 9.6503133e-01
11367 9.6300858e-01
11368 9.6092939e-01
11369 9.5879412e-01
11370 9.5660239e-01
11371 9.5435447e-01
11372 9.5205015e-01
11373 9.4968951e-01
11374 9.4727272e-01
11375 9.4479948e-01
11376 9.4208765e-01
11377 9.3930495e-01
11378 9.3645114e-01
11379 9.3352664e-01
11380 9.3053132e-01
11381 9.2746496e-01
11382 9.2432779e-01
11383 9.2111963e-01
11384 9.1784072e-01
11385 9.1449076e-01
11386 9.1106993e-01
11387 9.0757829e-01
11388 9.0401572e-01
11389 9.0038222e-01
11390 8.9667803e-01
11391 8.9290267e-01
11392 8.8905650e-01
11393 8.8513947e-01
11394 8.8115156e-01
11395 8.7709266e-01
11396 8.7296307e-01
11397 8.6876237e-01
11398 8.6449093e-01
11399 8.6014849e-01
11400 8.5583079e-01
11401 8.5144979e-01
11402 8.4700543e-01
11403 8.4249800e-01
11404 8.3792728e-01
11405 8.3329332e-01
11406 8.2859606e-01
11407 8.2383555e-01
11408 8.1901181e-01
11409 8.1412476e-01
11410 8.0917454e-01
11411 8.0416101e-01
11412 7.9908431e-01
11413 7.9394436e-01
11414 7.8874105e-01
11415 7.8347456e-01
11416 7.7814484e-01
11417 7.7275187e-01
11418 7.6729566e-01
11419 7.6177615e-01
11420 7.5619340e-01
11421 7.5054735e-01
11422 7.4483818e-01
11423 7.3906565e-01
11424 7.3366874e-01
11425 7.2824377e-01
11426 7.2279066e-01
11427 7.1730942e-01
11428 7.1180004e-01
11429 7.0626241e-01
11430 7.0069671e-01
11431 6.9510281e-01
11432 6.8948090e-01
11433 6.8383080e-01
11434 6.7815250e-01
11435 6.7244613e-01
11436 6.6671169e-01
11437 6.6094893e-01
11438 6.5515816e-01
11439 6.4933920e-01
11440 6.4349210e-01
11441 6.3761693e-01
11442 6.3171345e-01
11443 6.2578201e-01
11444 6.1982238e-01
11445 6.1383456e-01
11446 6.0781872e-01
11447 6.0177457e-01
11448 5.9620857e-01
11449 5.9065503e-01
11450 5.8511382e-01
11451 5.7958490e-01
11452 5.7406837e-01
11453 5.6856418e-01
11454 5.6307238e-01
11455 5.5759299e-01
11456 5.5212587e-01
11457 5.4667109e-01
11458 5.4122883e-01
11459 5.3579879e-01
11460 5.3038114e-01
11461 5.2497584e-01
11462 5.1958299e-01
11463 5.1420242e-01
11464 5.0883418e-01
11465 5.0347829e-01
11466 4.9813482e-01
11467 4.9280366e-01
11468 4.8748493e-01
11469 4.8217854e-01
11470 4.7688451e-01
11471 4.7160280e-01
11472 4.6677345e-01
11473 4.6199158e-01
11474 4.5725739e-01
11475 4.5257071e-01
11476 4.4793150e-01
11477 4.4333997e-01
11478 4.3879595e-01
11479 4.3429947e-01
11480 4.2985058e-01
11481 4.2544919e-01
11482 4.2109543e-01
11483 4.1678917e-01
11484 4.1253042e-01
11485 4.0831935e-01
11486 4.0415576e-01
11487 4.0003976e-01
11488 3.9597130e-01
11489 3.9195037e-01
11490 3.8797706e-01
11491 3.8405123e-01
11492 3.8017303e-01
11493 3.7634239e-01
11494 3.7255922e-01
11495 3.6882368e-01
11496 3.6522624e-01
11497 3.6168367e-01
11498 3.5819584e-01
11499 3.5476285e-01
11500 3.5138470e-01
11501 3.4806129e-01
11502 3.4479272e-01
11503 3.4157893e-01
11504 3.3841997e-01
11505 3.3531582e-01
11506 3.3226645e-01
11507 3.2927191e-01
11508 3.2633215e-01
11509 3.2344717e-01
11510 3.2061702e-01
11511 3.1784171e-01
11512 3.1512120e-01
11513 3.1245545e-01
11514 3.0984452e-01
11515 3.0728841e-01
11516 3.0478707e-01
11517 3.0234060e-01
11518 2.9994890e-01
11519 2.9761198e-01
11520 2.9503447e-01
11521 2.9248801e-01
11522 2.8997275e-01
11523 2.8748876e-01
11524 2.8503579e-01
11525 2.8261408e-01
11526 2.8022355e-01
11527 2.7786413e-01
11528 2.7553588e-01
11529 2.7323884e-01
11530 2.7097291e-01
11531 2.6873821e-01
11532 2.6653466e-01
11533 2.6436222e-01
11534 2.6222101e-01
11535 2.6011094e-01
11536 2.5803205e-01
11537 2.5598431e-01
11538 2.5396776e-01
11539 2.5198236e-01
11540 2.5002813e-01
11541 2.4810509e-01
11542 2.4621321e-01
11543 2.4435247e-01
11544 2.4217759e-01
11545 2.4000622e-01
11546 2.3783842e-01
11547 2.3567413e-01
11548 2.3351343e-01
11549 2.3135623e-01
11550 2.2920257e-01
11551 2.2705245e-01
11552 2.2490592e-01
11553 2.2276288e-01
11554 2.2062339e-01
11555 2.1848744e-01
11556 2.1635503e-01
11557 2.1422617e-01
11558 2.1210085e-01
11559 2.0997904e-01
11560 2.0786081e-01
11561 2.0574610e-01
11562 2.0363493e-01
11563 2.0152731e-01
11564 1.9942324e-01
11565 1.9732268e-01
11566 1.9522567e-01
11567 1.9313222e-01
11568 1.9098486e-01
11569 1.8883644e-01
11570 1.8668699e-01
11571 1.8453646e-01
11572 1.8238489e-01
11573 1.8023226e-01
11574 1.7807858e-01
11575 1.7592384e-01
11576 1.7376804e-01
11577 1.7161120e-01
11578 1.6945329e-01
11579 1.6729434e-01
11580 1.6513433e-01
11581 1.6297328e-01
11582 1.6081117e-01
11583 1.5864800e-01
11584 1.5648377e-01
11585 1.5431847e-01
11586 1.5215215e-01
11587 1.4998476e-01
11588 1.4781632e-01
11589 1.4564683e-01
11590 1.4347626e-01
11591 1.4130466e-01
11592 1.3927628e-01
11593 1.3725834e-01
11594 1.3525094e-01
11595 1.3325399e-01
11596 1.3126755e-01
11597 1.2929159e-01
11598 1.2732612e-01
11599 1.2537113e-01
11600 1.2342663e-01
11601 1.2149262e-01
11602 1.1956909e-01
11603 1.1765604e-01
11604 1.1575349e-01
11605 1.1386144e-01
11606 1.1197985e-01
11607 1.1010876e-01
11608 1.0824817e-01
11609 1.0639804e-01
11610 1.0455842e-01
11611 1.0272926e-01
11612 1.0091061e-01
11613 9.9102437e-02
11614 9.7304754e-02
11615 9.5517568e-02
11616 9.3897693e-02
11617 9.2300855e-02
11618 9.0727046e-02
11619 8.9176282e-02
11620 8.7648533e-02
11621 8.6143829e-02
11622 8.4662154e-02
11623 8.3203524e-02
11624 8.1767924e-02
11625 8.0355346e-02
11626 7.8965813e-02
11627 7.7599309e-02
11628 7.6255858e-02
11629 7.4935414e-02
11630 7.3638007e-02
11631 7.2363645e-02
11632 7.1112320e-02
11633 6.9884017e-02
11634 6.8678752e-02
11635 6.7496523e-02
11636 6.6337325e-02
11637 6.5201156e-02
11638 6.4088024e-02
11639 6.2997937e-02
11640 6.1905462e-02
11641 6.0833976e-02
11642 5.9783496e-02
11643 5.8754019e-02
11644 5.7745542e-02
11645 5.6758065e-02
11646 5.5791594e-02
11647 5.4846108e-02
11648 5.3921632e-02
11649 5.3018156e-02
11650 5.2135676e-02
11651 5.1274210e-02
11652 5.0433736e-02
11653 4.9614258e-02
11654 4.8815787e-02
11655 4.8038311e-02
11656 4.7281843e-02
11657 4.6546370e-02
11658 4.5831900e-02
11659 4.5138426e-02
11660 4.4465955e-02
11661 4.3814480e-02
11662 4.3184012e-02
11663 4.2574544e-02
11664 4.1885450e-02
11665 4.1209310e-02
11666 4.0546119e-02
11667 3.9895881e-02
11668 3.9258596e-02
11669 3.8634256e-02
11670 3.8022872e-02
11671 3.7424434e-02
11672 3.6838949e-02
11673 3.6266416e-02
11674 3.5706829e-02
11675 3.5160195e-02
11676 3.4626514e-02
11677 3.4105778e-02
11678 3.3597998e-02
11679 3.3103168e-02
11680 3.2621291e-02
11681 3.2152358e-02
11682 3.1696379e-02
11683 3.1253349e-02
11684 3.0823272e-02
11685 3.0406147e-02
11686 3.0001972e-02
11687 2.9610746e-02
11688 2.9109407e-02
11689 2.8611174e-02
11690 2.8116047e-02
11691 2.7624026e-02
11692 2.7135113e-02
11693 2.6649302e-02
11694 2.6166597e-02
11695 2.5687000e-02
11696 2.5210503e-02
11697 2.4737122e-02
11698 2.4266837e-02
11699 2.3799660e-02
11700 2.3335593e-02
11701 2.2874627e-02
11702 2.2416769e-02
11703 2.1962013e-02
11704 2.1510366e-02
11705 2.1061823e-02
11706 2.0616388e-02
11707 2.0174056e-02
11708 1.9734832e-02
11709 1.9298710e-02
11710 1.8865699e-02
11711 1.8435789e-02
11712 1.8055143e-02
11713 1.7681303e-02
11714 1.7314252e-02
11715 1.6954003e-02
11716 1.6600551e-02
11717 1.6253900e-02
11718 1.5914047e-02
11719 1.5580990e-02
11720 1.5254734e-02
11721 1.4935276e-02
11722 1.4622615e-02
11723 1.4316753e-02
11724 1.4017689e-02
11725 1.3725426e-02
11726 1.3439958e-02
11727 1.3161289e-02
11728 1.2889417e-02
11729 1.2624346e-02
11730 1.2366071e-02
11731 1.2114597e-02
11732 1.1869919e-02
11733 1.1632040e-02
11734 1.1400960e-02
11735 1.1176679e-02
11736 1.0931658e-02
11737 1.0691230e-02
11738 1.0455400e-02
11739 1.0224165e-02
11740 9.9975243e-03
11741 9.7754793e-03
11742 9.5580295e-03
11743 9.3451748e-03
11744 9.1369161e-03
11745 8.9332517e-03
11746 8.7341834e-03
11747 8.5397102e-03
11748 8.3498321e-03
11749 8.1645511e-03
11750 7.9838624e-03
11751 7.8077707e-03
11752 7.6362733e-03
11753 7.4693724e-03
11754 7.3070666e-03
11755 7.1493560e-03
11756 6.9962405e-03
11757 6.8477201e-03
11758 6.7037954e-03
11759 6.5644658e-03
11760 6.4403987e-03
11761 6.3217804e-03
11762 6.2086112e-03
11763 6.1008907e-03
11764 5.9986180e-03
11765 5.9017953e-03
11766 5.8104196e-03
11767 5.7244934e-03
11768 5.6440164e-03
11769 5.5689882e-03
11770 5.4994076e-03
11771 5.4352763e-03
11772 5.3765937e-03
11773 5.3233602e-03
11774 5.2755750e-03
11775 5.2332380e-03
11776 5.1963502e-03
11777 5.1649110e-03
11778 5.1389206e-03
11779 5.1183784e-03
11780 5.1032854e-03
11781 5.0936411e-03
11782 5.0894450e-03
11783 5.0906981e-03
11784 5.0599179e-03
11785 5.0315871e-03
11786 5.0057070e-03
11787 4.9822759e-03
11788 4.9612951e-03
11789 4.9427650e-03
11790 4.9266848e-03
11791 4.9130553e-03
11792 4.9018748e-03
11793 4.8931451e-03
11794 4.8868656e-03
11795 4.8830360e-03
11796 4.8816558e-03
11797 4.8827268e-03
11798 4.8862468e-03
11799 4.8922179e-03
11800 4.9006385e-03
11801 4.9115098e-03
11802 4.9248305e-03
11803 4.9406015e-03
11804 4.9588233e-03
11805 4.9794945e-03
11806 5.0026155e-03
11807 5.0281864e-03
11808 5.0326893e-03
11809 5.0377594e-03
11810 5.0433991e-03
11811 5.0496068e-03
11812 5.0563836e-03
11813 5.0637289e-03
11814 5.0716428e-03
11815 5.0801244e-03
11816 5.0891750e-03
11817 5.0987941e-03
11818 5.1089814e-03
11819 5.1197391e-03
11820 5.1310631e-03
11821 5.1429565e-03
11822 5.1554185e-03
11823 5.1684491e-03
11824 5.1820478e-03
11825 5.1962156e-03
11826 5.2109514e-03
11827 5.2262563e-03
11828 5.2421303e-03
11829 5.2585714e-03
11830 5.2755820e-03
11831 5.2931611e-03
11832 5.2890517e-03
11833 5.2837306e-03
11834 5.2771973e-03
11835 5.2694525e-03
11836 5.2604955e-03
11837 5.2503268e-03
11838 5.2389456e-03
11839 5.2263523e-03
11840 5.2125477e-03
11841 5.1975306e-03
11842 5.1813019e-03
11843 5.1638605e-03
11844 5.1452075e-03
11845 5.1253429e-03
11846 5.1042656e-03
11847 5.0819772e-03
11848 5.0584772e-03
11849 5.0337636e-03
11850 5.0078388e-03
11851 4.9807024e-03
11852 4.9523539e-03
11853 4.9227923e-03
11854 4.8920205e-03
11855 4.8600351e-03
11856 4.8277657e-03
11857 4.7943578e-03
11858 4.7598127e-03
11859 4.7241296e-03
11860 4.6873083e-03
11861 4.6493495e-03
11862 4.6102530e-03
11863 4.5700176e-03
11864 4.5286454e-03
11865 4.4861347e-03
11866 4.4424874e-03
11867 4.3977010e-03
11868 4.3517775e-03
11869 4.3047159e-03
11870 4.2565167e-03
11871 4.2071790e-03
11872 4.1567045e-03
11873 4.1050916e-03
11874 4.0523410e-03
11875 3.9984523e-03
11876 3.9434256e-03
11877 3.8872613e-03
11878 3.8299588e-03
11879 3.7715193e-03
11880 3.7265515e-03
11881 3.6816145e-03
11882 3.6367083e-03
11883 3.5918334e-03
11884 3.5469893e-03
11885 3.5021764e-03
11886 3.4573942e-03
11887 3.4126430e-03
11888 3.3679230e-03
11889 3.3232335e-03
11890 3.2785756e-03
11891 3.2339483e-03
11892 3.1893516e-03
11893 3.1447865e-03
11894 3.1002518e-03
11895 3.0557483e-03
11896 3.0112760e-03
11897 2.9668342e-03
11898 2.9224234e-03
11899 2.8780440e-03
11900 2.8336954e-03
11901 2.7893775e-03
11902 2.7450908e-03
11903 2.7008350e-03
11904 2.6652319e-03
11905 2.6303492e-03
11906 2.5961876e-03
11907 2.5627466e-03
11908 2.5300265e-03
11909 2.4980267e-03
11910 2.4667475e-03
11911 2.4361897e-03
11912 2.4063524e-03
11913 2.3772353e-03
11914 2.3488393e-03
11915 2.3211639e-03
11916 2.2942093e-03
11917 2.2679751e-03
11918 2.2424618e-03
11919 2.2176693e-03
11920 2.1935974e-03
11921 2.1702459e-03
11922 2.1476157e-03
11923 2.1257058e-03
11924 2.1045168e-03
11925 2.0840482e-03
11926 2.0643005e-03
11927 2.0452735e-03
11928 2.0222806e-03
11929 1.9996341e-03
11930 1.9773333e-03
11931 1.9553781e-03
11932 1.9337687e-03
11933 1.9125052e-03
11934 1.8915876e-03
11935 1.8710155e-03
11936 1.8507895e-03
11937 1.8309091e-03
11938 1.8113747e-03
11939 1.7921859e-03
11940 1.7733430e-03
11941 1.7548460e-03
11942 1.7366947e-03
11943 1.7188890e-03
11944 1.7014295e-03
11945 1.6843154e-03
11946 1.6675472e-03
11947 1.6511249e-03
11948 1.6350485e-03
11949 1.6193178e-03
11950 1.6039329e-03
11951 1.5888937e-03
11952 1.5686796e-03
11953 1.5483692e-03
11954 1.5279631e-03
11955 1.5074610e-03
11956 1.4868631e-03
11957 1.4661694e-03
11958 1.4453797e-03
11959 1.4244942e-03
11960 1.4035128e-03
11961 1.3824353e-03
11962 1.3612621e-03
11963 1.3399930e-03
11964 1.3186281e-03
11965 1.2971670e-03
11966 1.2756104e-03
11967 1.2539577e-03
11968 1.2322091e-03
11969 1.2103647e-03
11970 1.1884243e-03
11971 1.1663882e-03
11972 1.1442561e-03
11973 1.1220281e-03
11974 1.0997043e-03
11975 1.0772846e-03
11976 1.0602339e-03
11977 1.0435244e-03
11978 1.0271564e-03
11979 1.0111296e-03
11980 9.9544413e-04
11981 9.8009990e-04
11982 9.6509693e-04
11983 9.5043547e-04
11984 9.3611516e-04
11985 9.2213618e-04
11986 9.0849848e-04
11987 8.9520216e-04
11988 8.8224711e-04
11989 8.6963340e-04
11990 8.5736101e-04
11991 8.4542984e-04
11992 8.3383993e-04
11993 8.2259148e-04
11994 8.1168429e-04
11995 8.0111844e-04
11996 7.9089386e-04
11997 7.8101055e-04
11998 7.7146856e-04
11999 7.6226785e-04
12000 7.5300311e-04
12001 7.4404717e-04
12002 7.3540013e-04
12003 7.2706200e-04
12004 7.1903272e-04
12005 7.1131223e-04
12006 7.0390070e-04
12007 6.9679797e-04
12008 6.9000426e-04
12009 6.8351929e-04
12010 6.7734323e-04
12011 6.7147601e-04
12012 6.6591770e-04
12013 6.6066824e-04
12014 6.5572769e-04
12015 6.5109599e-04
12016 6.4677309e-04
12017 6.4275926e-04
12018 6.3905417e-04
12019 6.3565793e-04
12020 6.3257065e-04
12021 6.2979216e-04
12022 6.2732259e-04
12023 6.2516192e-04
12024 6.2253466e-04
12025 6.2015420e-04
12026 6.1802065e-04
12027 6.1613391e-04
12028 6.1449403e-04
12029 6.1310100e-04
12030 6.1195472e-04
12031 6.1105541e-04
12032 6.1040290e-04
12033 6.0999725e-04
12034 6.0983835e-04
12035 6.0992630e-04
12036 6.1026122e-04
12037 6.1084289e-04
12038 6.1167142e-04
12039 6.1274681e-04
12040 6.1406894e-04
12041 6.1563798e-04
12042 6.1745389e-04
12043 6.1951653e-04
12044 6.2182616e-04
12045 6.2438258e-04
12046 6.2718580e-04
12047 6.3023588e-04
12048 6.2839786e-04
12049 6.2639581e-04
12050 6.2422996e-04
12051 6.2190008e-04
12052 6.1940623e-04
12053 6.1674841e-04
12054 6.1392662e-04
12055 6.1094086e-04
12056 6.0779118e-04
12057 6.0447759e-04
12058 6.0100004e-04
12059 5.9735851e-04
12060 5.9355306e-04
12061 5.8958353e-04
12062 5.8545015e-04
12063 5.8115280e-04
12064 5.7669141e-04
12065 5.7206623e-04
12066 5.6727690e-04
12067 5.6232384e-04
12068 5.5720663e-04
12069 5.5192556e-04
12070 5.4648053e-04
12071 5.4087152e-04
12072 5.2675384e-04
12073 5.1180465e-04
12074 4.9602386e-04
12075 4.7941168e-04
12076 4.6196787e-04
12077 4.4369252e-04
12078 4.2458565e-04
12079 4.0464723e-04
12080 3.8387731e-04
12081 3.6227587e-04
12082 3.3984290e-04
12083 3.1657831e-04
12084 2.9248229e-04
12085 2.6755471e-04
12086 2.4179560e-04
12087 2.1520496e-04
12088 1.8778276e-04
12089 1.5952901e-04
12090 1.3044375e-04
12091 1.0052700e-04
12092 6.9778682e-05
12093 3.8198828e-05
12094 5.7874445e-06
12095 9.6703819e-17
12096 9.6703819e-17
12097 9.6703819e-17
12098 9.6703819e-17
12099 9.6703819e-17
12100 9.6703819e-17
12101 9.6703819e-17
12102 9.6703819e-17
12103 9.6703819e-17
12104 9.6703819e-17
12105 9.6703819e-17
12106 9.6703819e-17
12107 9.6703819e-17
12108 9.6703819e-17
12109 9.6703819e-17
12110 9.6703819e-17
12111 9.6703819e-17
12112 9.6703819e-17
12113 9.6703819e-17
12114 9.6703819e-17
12115 9.6703819e-17
12116 9.6703819e-17
12117 9.6703819e-17
12118 9.6703819e-17
12119 9.6703819e-17
12120 9.6703819e-17
12121 9.6703819e-17
12122 9.6703819e-17
12123 9.6703819e-17
12124 9.6703819e-17
12125 9.6703819e-17
12126 9.6703819e-17
12127 9.6703819e-17
12128 9.6703819e-17
12129 9.6703819e-17
12130 9.6703819e-17
12131 9.6703819e-17
12132 9.6703819e-17
12133 9.6703819e-17
12134 9.6703819e-17
12135 9.6703819e-17
12136 9.6703819e-17
12137 9.6703819e-17
12138 9.6703819e-17
12139 9.6703819e-17
12140 9.6703819e-17
12141 9.6703819e-17
12142 9.6703819e-17
12143 9.6703819e-17
12144 9.6703819e-17
12145 9.6703819e-17
12146 9.6703819e-17
12147 9.6703819e-17
12148 9.6703819e-17
12149 9.6703819e-17
12150 9.6703819e-17
12151 9.6703819e-17
12152 9.6703819e-17
12153 9.6703819e-17
12154 9.6703819e-17
12155 9.6703819e-17
12156 9.6703819e-17
12157 9.6703819e-17
12158 9.6703819e-17
12159 9.6703819e-17
12160 9.6703819e-17
12161 9.6703819e-17
12162 9.6703819e-17
12163 9.6703819e-17
12164 9.6703819e-17
12165 9.6703819e-17
12166 9.6703819e-17
12167 9.6703819e-17
12168 9.6703819e-17
12169 9.6703819e-17
12170 9.6703819e-17
12171 9.6703819e-17
12172 9.6703819e-17
12173 9.6703819e-17
12174 9.6703819e-17
12175 9.6703819e-17
12176 9.6703819e-17
12177 9.6703819e-17
12178 9.6703819e-17
12179 9.6703819e-17
12180 9.6703819e-17
12181 9.6703819e-17
12182 9.6703819e-17
12183 9.6703819e-17
12184 9.6703819e-17
12185 9.6703819e-17
12186 9.6703819e-17
12187 9.6703819e-17
12188 9.6703819e-17
12189 9.6703819e-17
12190 9.6703819e-17
12191 9.6703819e-17
12192 9.6703819e-17
12193 9.6703819e-17
12194 9.6703819e-17
12195 9.6703819e-17
12196 9.6703819e-17
12197 9.6703819e-17
12198 0.0000000e+00
12199 0.0000000e+00
12200 0.0000000e+00
