0 2458474.52843 18 54.215 0.0
1 2458453.33681 29 90.2887 7.58534399446
2 2458474.33596 32 58.6541 0.491692626527
3 2458453.40097 15 87.1245 8.01220678374
4 2458474.38364 13 54.8708 -2.22534409176
5 2458453.22009 9 90.387 8.27583100916
6 2458453.285 15 89.5649 9.24793773939
7 2458474.40218 27 58.066 0.650747406601
8 2458474.53874 33 58.9682 0.735403805142
9 2458453.46514 26 90.7705 8.69161715522
10 2458474.44985 5 54.6527 -2.14315008042
11 2458453.39685 8 87.5219 5.95916279816
12 2458453.33269 26 88.2108 6.45616811828
13 2458453.2036 19 87.424 4.98635922852
14 2458453.47957 10 87.7595 10.0744789406
15 2458453.41333 14 88.0685 10.0464779546
16 2458474.53461 36 57.7754 0.113337889019
17 2458474.39806 30 56.065 0.138376607075
18 2458474.58846 32 56.4403 -2.66898633589
19 2458474.27888 15 56.9961 3.0599969622
20 2458453.20154 28 87.5287 4.4609730574
21 2458474.60701 15 55.9528 1.36700080464
22 2458474.32772 31 56.7726 -0.759354784357
23 2458474.52637 30 56.636 -1.68539409881
24 2458474.58434 33 57.3462 -2.42710545419
25 2458453.26233 34 87.7606 5.03293520304
26 2458453.4569 32 90.8847 5.91312218457
27 2458453.2747 32 90.5068 7.10842347816
28 2458474.31536 31 57.2258 -2.01884304932
29 2458453.52932 12 87.9007 6.52309419798
30 2458474.60082 35 57.4903 0.80232055634
31 2458453.32857 31 89.0973 4.60340113843
32 2458474.51813 28 58.0235 -2.62152803126
33 2458474.45809 11 54.3927 -1.23628020009
34 2458474.26446 32 57.563 -0.116831082168
35 2458453.21802 31 91.484 7.78633604477
36 2458474.33802 20 54.7307 1.33008237249
37 2458453.40303 34 90.1769 8.35667966405
38 2458474.46633 15 55.3275 0.187202151426
39 2458453.28294 51 91.8156 8.01791998513
40 2458474.27476 11 56.2345 2.5035519832
41 2458474.40424 11 56.0529 1.5025679377
42 2458474.5408 19 58.3863 1.65430614081
43 2458474.38982 27 56.1548 -2.34110031544
44 2458474.2624 13 53.6372 -0.667828139623
45 2458453.39479 24 88.0845 6.17225228958
46 2458474.34214 12 56.4566 2.79917903874
47 2458453.33063 25 85.8675 4.4705201751
48 2458474.5864 5 53.7866 -2.03551994281
49 2458453.53344 9 88.6962 7.14074448438
50 2458453.54992 15 88.6626 8.63785623404
51 2458474.32566 7 54.7572 -0.691422199963
52 2458474.396 8 53.6671 -0.140167003864
53 2458474.47457 20 56.3291 2.85227456932
54 2458453.19948 14 85.5706 4.02756057564
55 2458474.44779 27 56.5139 -2.51840117938
56 2458474.27682 28 58.9679 1.50485110314
57 2458453.28088 7 87.7931 9.22310053977
58 2458453.46308 19 86.4797 6.78706448805
59 2458474.58228 10 54.0173 -3.11473055597
60 2458474.27064 14 55.005 1.69057163039
61 2458474.38158 31 56.4273 -1.94052145443
62 2458453.41127 30 91.2777 9.43374002103
63 2458474.46427 38 56.3402 -0.490980030063
64 2458474.52431 13 53.5074 -0.631478461085
65 2458453.53138 26 90.6451 7.24492981791
66 2458474.59876 27 53.9545 0.650677962182
67 2458474.39394 30 55.8704 -1.13854551992
68 2458453.53756 10 90.4199 7.60892085068
69 2458453.45896 11 86.5512 6.51557785608
70 2458453.27676 17 87.9725 7.69645818065
71 2458474.31742 5 54.5278 -1.71700541489
72 2458453.21184 11 87.4857 6.31018793815
73 2458453.39273 9 85.2887 5.58438708647
74 2458474.52019 14 54.2639 -2.22474993299
75 2458474.46015 28 56.7008 -1.42875665503
76 2458474.2727 25 58.0035 1.21497092297
77 2458474.47045 14 54.532 2.14740230553
78 2458474.53049 27 58.1899 -1.12990729877
79 2458474.3339 23 55.4838 1.14175019028
80 2458453.33887 14 88.113 8.18079483154
81 2458474.3857 24 57.1277 -2.44584400024
82 2458453.26852 24 84.5103 6.49415226551
83 2458474.32154 13 54.8771 -1.56915080308
84 2458453.41539 42 90.5747 10.6299729385
85 2458474.59258 26 56.5567 -1.42313080084
86 2458453.5355 30 91.9005 6.54969734066
87 2458474.45191 32 57.2247 -1.6457699242
88 2458453.33475 18 86.2851 6.33878890171
89 2458474.34008 36 57.9987 1.17431361371
90 2458453.48163 35 91.2839 9.44046072581
91 2458474.25828 8 54.5755 -0.43607964911
92 2458453.40715 27 91.2028 8.85484549649
93 2458474.32978 13 53.9513 -0.131776797932
94 2458474.46221 9 54.4548 0.421382800665
95 2458453.26027 8 85.3755 4.38543418778
96 2458474.58022 28 56.8895 -2.57305038412
97 2458453.2139 37 89.8317 7.24296751534
98 2458474.40836 27 54.3687 1.9133202274
99 2458453.46102 36 88.8255 5.49441121857
100 2458453.27882 35 91.1651 7.2391244422
101 2458453.19742 29 87.1321 2.95977223162
102 2458474.47251 40 59.4414 1.189933132
103 2458474.60289 14 54.2924 1.2926724429
104 2458453.32651 14 84.7651 4.69844001677
105 2458453.39067 29 88.5453 4.9675059848
106 2458474.45603 27 58.3507 -2.69359149531
107 2458474.51607 7 55.1237 -1.93869210742
108 2458453.2644 10 84.6417 4.98211784628
109 2458474.26652 12 54.9765 0.519907465142
110 2458453.20978 30 90.7533 6.60608181725
111 2458474.39188 12 54.23 -0.626622068755
112 2458453.54374 35 92.4753 9.37213179636
113 2458474.25622 33 56.4679 -3.08618811747
114 2458453.52519 20 88.7311 6.3622077526
115 2458474.5967 31 57.3909 -0.805432682003
116 2458474.46839 31 58.8771 0.555725906987
117 2458474.4063 33 58.3438 0.892174352275
118 2458474.38776 6 53.6202 -2.01147267577
119 2458453.52313 40 91.2707 5.40961115975
120 2458453.40509 13 87.474 8.30655399081
121 2458474.59052 8 54.1995 -0.397494190843
122 2458453.27058 32 90.5524 5.36263373556
123 2458474.3236 32 57.4766 -2.82049916629
124 2458453.41745 6 88.3406 11.024568527
125 2458474.40012 21 55.8412 0.766898773405
126 2458474.53667 18 54.3489 0.582496197493
127 2458453.20566 32 91.1014 4.98076680792
128 2458474.26034 29 55.5868 0.234105308372
129 2458474.45397 7 54.004 -1.89243801356
130 2458474.51401 29 57.0893 -2.43786528416
131 2458453.39891 37 89.814 7.83221203758
132 2458453.25821 33 87.5241 3.82522834161
133 2458453.21596 17 88.6734 7.4985698867
134 2458453.40921 12 87.4712 10.0968605181
135 2458474.33184 26 56.4874 -0.363645299969
136 2458474.52225 30 57.3046 -1.9357380401
137 2458474.60495 31 57.8843 0.814885442604
138 2458453.26646 27 86.9419 5.7910251125
139 2458474.26858 41 57.3072 0.113391576691
140 2458453.48369 11 87.8956 9.98828506426
141 2458453.20772 18 88.2459 6.75137096567
142 2458453.32445 31 88.0987 4.02714993217
143 2458453.52725 26 91.7144 5.38359436849
144 2458474.59464 8 53.4811 -0.568973299103
145 2458474.53255 12 53.6665 0.111453915284
146 2458474.31948 25 57.6738 -2.21336907029
147 2458453.27264 12 88.2337 7.04213146326
