-0.0876772498188 597442464.544 655311448.542 596783589.445 768498071.948 2458474.52843 1 10 1
-0.44862722455 582523522.238 630005733.54 580107942.431 771852521.61 2458453.33681 0 2 0
-0.100038091365 583058865.649 627299619.073 580967870.686 762606661.204 2458474.33596 1 7 0
-0.444506740988 597672501.12 657737014.883 596950746.418 769113861.053 2458453.40097 0 3 1
-0.0969761435732 596776590.402 655466457.864 595952307.339 774274061.493 2458474.38364 1 8 1
-0.456123359071 598842868.167 659428410.311 598140193.622 772437781.183 2458453.22009 0 0 1
-0.451954548467 598851323.549 659005989.504 598183931.202 772026804.732 2458453.285 0 1 1
-0.0957852490426 582579745.22 627495356.551 580256189.196 767870708.132 2458474.40218 1 8 0
-0.0870156525553 582894768.432 628089193.899 580489054.981 769391801.002 2458474.53874 1 10 0
-0.440385508866 581916031.145 628596876.485 579666460.871 765997195.07 2458453.46514 0 4 0
-0.0927240382665 596763762.931 656672215.97 596016033.379 774140150.015 2458474.44985 1 9 1
-0.444771383506 597317231.877 658016580.703 596603350.928 773824296.645 2458453.39685 0 3 1
-0.448891866051 581989352.18 629765005.309 579598075.436 771337538.054 2458453.33269 0 2 0
-0.457181905638 597061413.135 657240414.192 596387094.145 771591081.693 2458453.2036 0 0 1
-0.439459272733 597922922.671 658249170.518 597181099.181 771886732.135 2458453.47957 0 4 1
-0.443712826233 597595361.08 659152412.184 596811611.103 776736476.24 2458453.41333 0 3 1
-0.0872802897501 582823000.286 628379725.626 580479580.127 769043894.848 2458474.53461 1 10 0
-0.0960498882709 582755255.354 628057101.784 580628046.945 763683140.271 2458474.39806 1 8 0
-0.0838221094552 582269317.819 626846400.157 579874569.542 768784458.285 2458474.58846 1 11 0
-0.103703690581 598030034.374 655780407.106 597330308.056 767635443.861 2458474.27888 1 6 1
-0.457314226328 581039838.98 629880253.62 578922243.959 771206566.621 2458453.20154 0 0 0
-0.0826312294287 597721019.891 658150469.015 596975316.991 775492985.716 2458474.60701 1 11 1
-0.100567372184 582925905.478 628478503.323 580620519.717 768227481.929 2458474.32772 1 7 0
-0.0878095708983 582177205.131 628113505.028 579803004.67 768227964.293 2458474.52637 1 10 0
-0.0840867553824 582296473.846 627530675.934 579849776.034 766686274.731 2458474.58434 1 11 0
-0.45341006183 582952180.965 628832382.046 580759525.804 765149521.721 2458453.26233 0 1 0
-0.440914796832 581415725.737 628425818.909 578573353.488 769964244.853 2458453.4569 0 4 0
-0.452616137686 583067423.452 630387284.295 580780843.376 770066541.86 2458453.2747 0 1 0
-0.101361309338 581709914.298 627039029.173 579073488.365 765127174.083 2458474.31536 1 7 0
-0.436264276983 597785410.405 658453735.396 597068900.707 770220152.485 2458453.52932 0 5 1
-0.0830281846527 582859686.499 627369285.42 580691510.973 764265521.581 2458474.60082 1 11 0
-0.449156509437 582382604.305 629829558.405 579971949.559 770144026.272 2458453.32857 0 2 0
-0.0883388608088 581858922.797 627118532.961 579414529.034 766809699.919 2458474.51813 1 10 0
-0.0921947465318 596930222.052 655132442.473 596231857.616 765928172.692 2458474.45809 1 9 1
-0.104629921899 581650459.243 627444751.634 579518478.744 765408683.985 2458474.26446 1 6 0
-0.456255675934 583371936.611 630897377.211 581167839.046 771351768.346 2458453.21802 0 0 0
-0.0999057725884 598494013.573 657802441.75 597764774.74 775966331.97 2458474.33802 1 7 1
-0.444374420476 582417594.053 629663102.294 580184390.945 766294706.544 2458453.40303 0 3 0
-0.09166546335 597031782.93 655745268.545 596260907.1 773781362.808 2458474.46633 1 9 1
-0.452086865449 583442257.358 631237364.276 581242454.289 773177697.198 2458453.28294 0 1 0
-0.103968326161 597909803.253 656667478.382 597220354.499 768050834.192 2458474.27476 1 6 1
-0.0956529302657 597497663.523 656016515.377 596831642.971 768112544.876 2458474.40424 1 8 1
-0.0868833345261 598022837.08 657414809.954 597289352.058 775098570.531 2458474.5408 1 10 1
-0.0965791741442 582556949.239 628431508.548 580196151.731 767516768.869 2458474.38982 1 8 0
-0.104762242739 596734088.086 654498141.351 596063138.537 766276110.888 2458474.2624 1 6 1
-0.444903705393 582477046.942 630048294.289 580030193.162 772277862.366 2458453.39479 0 3 0
-0.099641136201 598277199.042 656259960.195 597597192.376 768392964.033 2458474.34214 1 7 1
-0.44902418755 597691207.787 659008560.773 596870219.688 778023399.846 2458453.33063 0 2 1
-0.0839544322095 597662958.113 655591979.268 596937574.197 767321952.931 2458474.5864 1 11 1
-0.435999634465 597878549.187 658602960.515 597144426.201 770704866.666 2458453.53344 0 5 1
-0.434941085208 598100971.842 658377340.645 597380583.006 770791532.876 2458453.54992 0 5 1
-0.100699693862 597518249.791 655031855.574 596869666.583 769099231.374 2458474.32566 1 7 1
-0.0961822087524 597596798.814 656165319.217 596909388.315 767407907.976 2458474.396 1 8 1
-0.0911361888408 597754277.301 658346232.809 597017035.843 775701270.417 2458474.47457 1 9 1
-0.457446547498 595845486.099 654796383.711 595111403.184 769412733.27 2458453.19948 0 0 1
-0.0928563619777 581516612.217 627510992.057 578793467.571 769020222.242 2458474.44779 1 9 0
-0.103836008281 582802981.955 628565744.01 580544839.841 768245914.131 2458474.27682 1 6 0
-0.452219182821 598975639.623 659556053.28 598243396.331 773224396.034 2458453.28088 0 1 1
-0.440517830364 597506942.221 657863338.889 596809341.496 770000055.59 2458453.46308 0 4 1
-0.0842190789142 597266555.931 654935011.812 596576643.589 767099319.548 2458474.58228 1 11 1
-0.104232962937 597611459.143 657043522.608 596882075.221 774586874.025 2458474.27064 1 6 1
-0.0971084673143 581344446.743 626911715.735 578617497.624 767051998.098 2458474.38158 1 8 0
-0.443845144053 582730327.216 630146486.296 580362921.792 771487134.027 2458453.41127 0 3 0
-0.0917977832632 581940708.018 628672538.322 580012543.699 764106101.954 2458474.46427 1 9 0
-0.0879418926059 596839951.075 654919589.77 596139179.387 765797040.914 2458474.52431 1 10 1
-0.436131955515 582766536.524 629761590.175 580450053.281 768948464.165 2458453.53138 0 5 0
-0.0831605039977 598083694.249 656852451.927 597444869.273 770735225.195 2458474.59876 1 11 1
-0.0963145298618 582273124.477 626195093.026 580231980.737 757927493.075 2458474.39394 1 8 0
-0.435734993981 597902159.115 658099107.218 597241467.637 772473694.967 2458453.53756 0 5 1
-0.440782474437 597217217.515 657364714.804 596479414.069 772414602.348 2458453.45896 0 4 1
-0.452483818849 598632102.176 660802668.306 597816560.312 780269428.944 2458453.27676 0 1 1
-0.101228985597 597283454.96 654738114.435 596566180.122 767357699.867 2458474.31742 1 7 1
-0.456652628497 598282839.313 658110170.425 597659273.802 772268328.809 2458453.21184 0 0 1
-0.445036027549 596956080.853 657297379.886 596222378.047 772483603.41 2458453.39273 0 3 1
-0.0882065376059 597163681.729 656844618.486 596405874.732 774765786.16 2458474.52019 1 10 1
-0.0920624248541 582352802.524 627647382.0 579963687.302 768397461.057 2458474.46015 1 9 0
-0.104100644369 582891868.583 629194563.142 580705966.285 768078918.732 2458474.2727 1 6 0
-0.0914008252281 597144933.562 655103329.779 596499939.394 766354260.694 2458474.47045 1 9 1
-0.0875449293074 582064122.084 627579819.513 579881981.658 771831207.893 2458474.53049 1 10 0
-0.10017041071 598051681.728 656505036.685 597378491.916 769747761.246 2458474.3339 1 7 1
-0.448494904607 597655479.049 658249600.832 596933234.442 772825366.187 2458453.33887 0 2 1
-0.0968438200713 582049719.517 627139432.226 579838933.625 761495212.734 2458474.3857 1 8 0
-0.453013097485 598610896.895 659509142.155 597926615.093 772681068.034 2458453.26852 0 1 1
-0.100964338892 598041408.903 656057382.258 597345955.5 770802430.867 2458474.32154 1 7 1
-0.443580508892 582680161.213 629648065.782 580255840.506 770468163.293 2458453.41539 0 3 0
-0.0835574655018 582616767.44 627969561.643 580221543.678 767562530.039 2458474.59258 1 11 0
-0.435867313954 583108134.167 629975204.736 580651988.46 772759805.732 2458453.5355 0 5 0
-0.0925917147347 581858920.233 626223256.35 579623228.282 760380017.469 2458474.45191 1 9 0
-0.448759545062 597725620.298 658267045.106 597073591.083 772613759.481 2458453.33475 0 2 1
-0.0997734542003 583310261.495 628484526.106 581001754.647 769175127.111 2458474.34008 1 7 0
-0.439326955362 583170240.006 630646542.17 580742979.657 771004286.699 2458453.48163 0 4 0
-0.105026886184 594174975.826 651239715.867 593493604.221 764912497.056 2458474.25828 1 6 1
-0.444109781128 582947925.312 630065931.07 580710385.623 767518082.658 2458453.40715 0 3 0
-0.100435051075 598217182.531 656454872.601 597490200.055 770085639.139 2458474.32978 1 7 1
-0.0919301037447 596917570.094 655600872.55 596225858.072 768686708.862 2458474.46221 1 9 1
-0.453542384316 598034882.219 657418402.191 597264144.094 770593201.772 2458453.26027 0 1 1
-0.0843514026553 581671414.581 627170413.126 578917884.212 768484408.794 2458474.58022 1 11 0
-0.456520310527 583666855.206 630415475.564 581620809.274 767425301.991 2458453.2139 0 0 0
-0.0953882938784 597544398.883 657235024.828 596923205.124 774548111.242 2458474.40836 1 8 1
-0.440650152251 582370016.784 629831766.52 579820154.841 772617820.761 2458453.46102 0 4 0
-0.452351500611 583671211.471 630754403.116 581324615.635 771254273.602 2458453.27882 0 1 0
-0.457578869116 577614368.064 625726805.4 575322569.707 766804112.661 2458453.19742 0 0 0
-0.0912685068401 582498899.509 628384192.049 580215241.212 770904281.956 2458474.47251 1 9 0
-0.0828958658459 597801760.604 657718203.907 597137240.615 775821687.855 2458474.60289 1 11 1
-0.449288831593 597242454.339 657702649.06 596497707.699 773268205.288 2458453.32651 0 2 1
-0.445168349944 581409213.125 628676998.241 578523932.382 771469413.274 2458453.39067 0 3 0
-0.0923270688075 582310803.196 627674815.232 579897868.349 766331903.991 2458474.45603 1 9 0
-0.0884711842807 596601393.424 654620081.029 595814497.643 769198688.383 2458474.51607 1 10 1
-0.453277739973 598278852.037 658817030.739 597532330.327 772119301.449 2458453.2644 0 1 1
-0.104497601687 597661875.958 655708306.813 597007015.392 767741916.401 2458474.26652 1 6 1
-0.456784946915 582700205.29 631290612.222 580562373.548 773456839.71 2458453.20978 0 0 0
-0.0964468515395 597166953.096 656423426.17 596447368.525 770553693.309 2458474.39188 1 8 1
-0.435338037441 583389887.417 629192066.74 581033873.267 767627329.091 2458453.54374 0 5 0
-0.105159208729 578864220.721 625107010.571 576388558.052 766466642.907 2458474.25622 1 6 0
-0.436528921086 597630570.473 657007450.744 596831471.595 772506002.692 2458453.52519 0 5 1
-0.0832928238811 582692844.228 628097797.189 580414020.791 767293272.973 2458474.5967 1 11 0
-0.091533144005 582184771.081 626569824.37 579888070.13 766342762.25 2458474.46839 1 9 0
-0.0955206118777 582678772.646 628437269.678 580397735.683 768159875.809 2458474.4063 1 8 0
-0.0967114968685 597365461.642 656084213.662 596675379.072 767811409.071 2458474.38776 1 8 1
-0.436661243452 581879709.209 628499188.663 579300930.92 767742128.118 2458453.52313 0 5 0
-0.444242100533 597596868.597 658683599.32 596892515.73 771628230.881 2458453.40509 0 3 1
-0.0836897871795 597203646.851 656211143.025 596509343.723 769224307.432 2458474.59052 1 11 1
-0.452880776974 583311074.273 629899361.674 581143080.841 767414384.834 2458453.27058 0 1 0
-0.100832016138 582696581.763 627183881.632 580580220.683 761878810.553 2458474.3236 1 7 0
-0.44344819185 597771960.99 657516255.279 597077146.311 770723443.658 2458453.41745 0 3 1
-0.0959175683876 597503809.86 656740273.517 596845277.892 772136477.364 2458474.40012 1 8 1
-0.0871479709434 598217792.739 657517471.783 597452436.844 775979040.533 2458474.53667 1 10 1
-0.457049585515 582091969.693 629973935.794 579957241.381 769173543.926 2458453.20566 0 0 0
-0.104894564148 581207220.194 626209250.648 579359841.26 763391872.26 2458474.26034 1 6 0
-0.0924593915618 596969375.275 654921292.251 596327084.464 768530207.295 2458474.45397 1 9 1
-0.0886035080517 581240124.347 625292842.265 578640582.509 762751148.99 2458474.51401 1 10 0
-0.444639062037 582159205.86 629378387.732 579673602.107 770690010.805 2458453.39891 0 3 0
-0.453674706651 582100628.877 628852776.388 579771595.26 764922509.674 2458453.25821 0 1 0
-0.456387993066 598475174.954 659603814.473 597832384.054 774545917.241 2458453.21596 0 0 1
-0.443977462352 597511537.444 657770339.07 596767439.672 770813910.384 2458453.40921 0 3 1
-0.100302730594 583276259.472 627734252.606 580968065.226 768795214.108 2458474.33184 1 7 0
-0.0880742148218 582226715.337 627831556.682 579933168.743 766978870.032 2458474.52225 1 10 0
-0.0827635474579 583151941.966 627915222.346 580948951.249 763259589.649 2458474.60495 1 11 0
-0.453145418475 582897237.511 630639216.509 580584800.363 771592188.723 2458453.26646 0 1 0
-0.104365282043 582300883.352 628491230.56 580144131.503 767971973.819 2458474.26858 1 6 0
-0.439194638319 598303078.613 658676036.528 597621763.449 772555922.803 2458453.48369 0 4 1
-0.456917265931 597738032.508 657762460.89 597055499.688 770234731.703 2458453.20772 0 0 1
-0.449421153958 581017677.818 627785227.223 578246699.825 769561401.526 2458453.32445 0 2 0
-0.4363965989 582867045.349 628911552.927 580505077.743 766364176.63 2458453.52725 0 5 0
-0.0834251443924 598052298.086 656531728.321 597354019.17 771128620.609 2458474.59464 1 11 1
-0.0874126093942 597296742.924 655259043.407 596565411.256 769754852.168 2458474.53255 1 10 1
-0.101096662065 582363775.414 627476813.0 580008888.329 765635751.119 2458474.31948 1 7 0
-0.452748457031 598551728.954 658609076.675 597861767.657 771352925.955 2458453.27264 0 1 1
