0 2458474.52843 13 54.215 0.0
1 2458453.33681 26 90.2887 7.81108235428
2 2458474.33596 24 58.6541 0.92034033163
3 2458453.40097 18 87.1245 7.95294784628
4 2458474.38364 19 54.8708 -1.61761800198
5 2458453.22009 12 90.387 8.3337953264
6 2458453.285 15 89.5649 9.40800843579
7 2458516.56573 14 35.1752 1.04305597131
8 2458474.40218 25 58.066 1.2362966004
9 2458474.53874 29 58.9682 1.25348251015
10 2458453.46514 20 90.7705 7.13929427074
11 2458516.64842 13 34.6738 0.148713502569
12 2458516.37845 23 39.3034 -1.27132480001
13 2458516.71877 15 37.5503 1.40112048884
14 2458516.69816 16 36.0744 0.928659230597
15 2458474.44985 17 54.6527 -1.37695933763
16 2458453.39685 14 87.5219 6.13189312733
17 2458516.51807 21 39.7396 0.503937757167
18 2458453.33269 25 88.2108 5.83984465827
19 2458453.2036 16 87.424 5.76647924627
20 2458453.47957 15 87.7595 10.1850560747
21 2458516.63606 14 36.4386 0.543758046138
22 2458453.41333 14 88.0685 10.4398111884
23 2458516.56985 16 34.9314 0.822083213227
24 2458474.53461 25 57.7754 0.668708666719
25 2458516.58222 15 34.9561 0.971058493326
26 2458474.39806 24 56.065 0.0648864426901
27 2458474.58846 30 56.4403 -2.39052177874
28 2458516.37433 23 39.8612 -1.22293483686
29 2458474.27888 15 56.9961 3.07342256632
30 2458516.50158 24 38.6635 -0.0468361018229
31 2458516.65048 26 39.538 0.533172690842
32 2458516.72289 16 39.3038 2.37569671926
33 2458453.20154 26 87.5287 4.97156751091
34 2458474.60701 23 55.9528 2.01055313257
35 2458474.32772 26 56.7726 -0.519552280729
36 2458516.71258 20 38.7675 -0.427627898279
37 2458474.52637 25 56.636 -1.29356169306
38 2458474.58434 31 57.3462 -2.42460731887
39 2458453.26233 26 87.7606 4.74245467826
40 2458516.44773 32 38.7206 -1.26994241912
41 2458516.43948 28 38.9378 -0.857943704285
42 2458453.4569 25 90.8847 6.33854854782
43 2458453.2747 27 90.5068 7.31827783004
44 2458516.49746 27 40.3156 0.274152479623
45 2458474.31536 27 57.2258 -1.69010424252
46 2458453.52932 13 87.9007 6.37549548968
47 2458516.6546 28 41.3493 1.04815883608
48 2458474.60082 30 57.4903 0.672086769786
49 2458516.50983 25 39.2054 -0.252000352689
50 2458453.32857 24 89.0973 4.88359754788
51 2458474.51813 27 58.0235 -2.19872660848
52 2458474.45809 12 54.3927 -0.943184677619
53 2458516.70228 21 36.7074 0.445365423663
54 2458474.26446 26 57.563 0.125355826962
55 2458516.43124 23 40.0372 -0.570134739084
56 2458516.62988 36 38.8779 0.234518179474
57 2458453.21802 26 91.484 7.47948804859
58 2458516.44567 18 36.4931 0.00667291236531
59 2458516.52219 30 39.9971 1.58450252625
60 2458474.33802 16 54.7307 2.01542310354
61 2458453.40303 26 90.1769 7.91254980481
62 2458516.64636 24 38.4518 -0.174874121024
63 2458474.46633 14 55.3275 1.00754977155
64 2458516.38051 20 36.455 -0.411886660312
65 2458516.7167 21 39.9509 0.174028620937
66 2458453.28294 37 91.8156 8.34575980066
67 2458516.50776 19 35.9678 0.271871305497
68 2458474.27476 18 56.2345 2.61906721277
69 2458516.56367 23 39.258 0.809432653235
70 2458474.40424 12 56.0529 1.94536810608
71 2458474.5408 16 58.3863 2.18393132369
72 2458474.38982 23 56.1548 -1.52905607065
73 2458516.634 22 39.5383 -0.223298291745
74 2458474.2624 15 53.6372 -0.251658822408
75 2458516.70022 21 39.2269 -0.40510145373
76 2458453.39479 23 88.0845 5.68897091857
77 2458474.34214 17 56.4566 2.71088834817
78 2458516.52013 16 37.132 2.31154189199
79 2458453.33063 12 85.8675 5.40381635812
80 2458474.5864 14 53.7866 -1.60184176538
81 2458516.37227 14 35.3232 -0.390348537385
82 2458453.53344 20 88.6962 7.56365605967
83 2458453.54992 16 88.6626 9.63024973535
84 2458474.32566 15 54.7572 -0.697801661291
85 2458516.45803 12 38.5727 1.96179332342
86 2458516.58015 26 39.5698 -0.0645991829075
87 2458474.396 17 53.6671 0.182658057329
88 2458474.47457 18 56.3291 2.78699335133
89 2458516.72083 26 41.8323 1.12630896561
90 2458516.38257 22 38.3202 -1.09178072055
91 2458453.19948 12 85.5706 4.65623667729
92 2458474.44779 24 56.5139 -1.77291697511
93 2458474.27682 23 58.9679 2.0548478954
94 2458453.28088 13 87.7931 9.25342512337
95 2458516.50364 16 35.745 0.712133201415
96 2458453.46308 15 86.4797 7.1551983792
97 2458474.58228 13 54.0173 -2.31528633795
98 2458516.44979 17 34.9864 0.362350247848
99 2458474.27064 15 55.005 1.72989959483
100 2458516.58634 14 37.7237 1.99379511421
101 2458516.43742 17 35.8709 -0.0633439072731
102 2458474.38158 27 56.4273 -1.57449729624
103 2458453.41127 27 91.2777 9.43614379545
104 2458516.71052 16 35.5078 0.604153409998
105 2458474.46427 22 56.3402 0.00341465711159
106 2458474.52431 12 53.5074 -1.24285429196
107 2458453.53138 23 90.6451 6.13207064268
108 2458516.65667 22 37.8464 2.13239649859
109 2458474.59876 13 53.9545 0.435193058582
110 2458516.57191 28 38.1132 0.143265010351
111 2458474.39394 26 55.8704 -0.721886898808
112 2458453.53756 14 90.4199 8.09131235051
113 2458453.45896 11 86.5512 6.61487740422
114 2458453.27676 13 87.9725 8.00526841169
115 2458474.31742 13 54.5278 -1.31706528294
116 2458516.45391 15 37.7758 1.26078482809
117 2458453.21184 23 87.4857 7.11887544113
118 2458516.4333 14 36.459 0.299705412697
119 2458516.63812 22 38.852 0.0879505510176
120 2458453.39273 15 85.2887 6.02427956473
121 2458474.52019 12 54.2639 -1.59398030141
122 2458516.70434 26 38.594 -0.16051642607
123 2458474.46015 26 56.7008 -0.959669553095
124 2458474.2727 23 58.0035 1.30749924002
125 2458516.71464 15 35.3993 0.385500023111
126 2458474.47045 19 54.532 2.26556348463
127 2458516.6443 17 36.2187 0.0914073318595
128 2458474.53049 25 58.1899 -0.52672793182
129 2458474.3339 12 55.4838 1.23144342926
130 2458453.33887 14 88.113 8.42747614266
131 2458474.3857 23 57.1277 -1.98561836064
132 2458516.59046 19 38.385 2.28724374129
133 2458516.44154 14 36.4131 -0.270721215724
134 2458453.26852 17 84.5103 6.72221395556
135 2458516.45597 28 39.639 1.24003569986
136 2458474.32154 13 54.8771 -1.15542107326
137 2458453.41539 28 90.5747 10.2685946658
138 2458516.57809 15 35.4934 0.522980592129
139 2458474.59258 25 56.5567 -1.52203327749
140 2458453.5355 24 91.9005 7.26453852019
141 2458474.45191 30 57.2247 -1.81603646331
142 2458516.51601 14 35.2835 0.996673326096
143 2458453.33475 12 86.2851 7.15750420401
144 2458474.34008 29 57.9987 1.74496274423
145 2458453.48163 26 91.2839 9.87293446622
146 2458516.38669 25 39.1201 0.0327255284696
147 2458474.25828 15 54.5755 -1.25407021895
148 2458453.40715 23 91.2028 9.27517943898
149 2458474.32978 15 53.9513 0.392374854426
150 2458474.46221 16 54.4548 0.3897252187
151 2458453.26027 11 85.3755 5.01459744335
152 2458474.58022 25 56.8895 -2.26845444045
153 2458453.2139 25 89.8317 7.42405635918
154 2458474.40836 15 54.3687 2.60452239598
155 2458453.46102 32 88.8255 6.39615895809
156 2458453.27882 27 91.1651 7.85124896141
157 2458516.38463 16 34.347 0.166919281707
158 2458453.19742 25 87.1321 3.30722271282
159 2458474.47251 34 59.4414 1.73112633134
160 2458474.60289 15 54.2924 1.54030661311
161 2458516.51189 16 36.1925 0.65291574001
162 2458453.32651 14 84.7651 5.24544840801
163 2458453.39067 23 88.5453 5.43195903165
164 2458474.45603 24 58.3507 -1.9112859036
165 2458516.7064 13 36.6665 0.121147545542
166 2458474.51607 15 55.1237 -1.68345002642
167 2458453.2644 17 84.6417 5.2831050145
168 2458474.26652 22 54.9765 0.542872203257
169 2458516.64224 26 38.8669 -0.325852305396
170 2458453.20978 24 90.7533 6.62537196096
171 2458474.39188 18 54.23 -0.900378647305
172 2458516.57603 24 38.7632 0.00371457409418
173 2458453.54374 28 92.4753 8.87952920957
174 2458474.25622 27 56.4679 -2.43912311184
175 2458453.52519 13 88.7311 6.16428830971
176 2458516.36815 15 35.5428 -0.550930963413
177 2458474.5967 30 57.3909 -0.628005027198
178 2458516.37639 15 35.5721 -0.449519959537
179 2458474.46839 30 58.8771 1.05318080934
180 2458516.5057 24 38.2118 -0.348572781293
181 2458516.58428 20 38.5967 0.785737896394
182 2458474.4063 27 58.3438 1.65944966071
183 2458474.38776 13 53.6202 -1.01315439669
184 2458453.52313 29 91.2707 5.25155393031
185 2458516.4436 19 38.7401 -0.722328195877
186 2458453.40509 13 87.474 9.12078686435
187 2458516.52425 15 37.6505 2.9540205634
188 2458474.59052 16 54.1995 -1.36355435239
189 2458516.37021 19 38.5945 -1.00543808722
190 2458453.27058 28 90.5524 6.03678055537
191 2458474.3236 24 57.4766 -1.88156023601
192 2458453.41745 13 88.3406 11.5283141174
193 2458516.56779 23 38.9362 0.0331312884444
194 2458474.40012 19 55.8412 1.22141847932
195 2458474.53667 18 54.3489 1.74059214665
196 2458516.63194 14 36.519 1.12040915397
197 2458453.20566 24 91.1014 5.54674075216
198 2458516.38875 14 36.7008 0.885967059682
199 2458474.26034 24 55.5868 -0.639075678439
200 2458474.45397 13 54.004 -1.26536825922
201 2458516.6961 24 40.4158 -0.0617578824148
202 2458474.51401 25 57.0893 -1.87374884205
203 2458453.39891 27 89.814 6.80583049122
204 2458453.25821 24 87.5241 3.98740452705
205 2458516.45185 22 39.146 -0.124758909777
206 2458453.21596 14 88.6734 8.25508993927
207 2458516.5884 18 41.4268 1.25496923261
208 2458453.40921 14 87.4712 9.92506328277
209 2458474.33184 23 56.4874 0.11492279225
210 2458474.52225 25 57.3046 -2.19487507202
211 2458516.65254 20 37.8986 1.78820732697
212 2458474.60495 25 57.8843 1.06137370955
213 2458453.26646 24 86.9419 5.47798229833
214 2458474.26858 35 57.3072 0.949148764893
215 2458516.64018 12 35.4523 0.412242669576
216 2458453.48369 16 87.8956 10.5717728746
217 2458453.20772 24 88.2459 6.63453822814
218 2458516.43536 29 39.3819 -0.685993521057
219 2458516.51395 23 38.7685 -0.427042190006
220 2458453.32445 30 88.0987 4.80322925082
221 2458516.70846 29 39.111 -0.701046657877
222 2458453.52725 23 91.7144 5.65034703531
223 2458516.36609 20 38.9511 -0.944029388271
224 2458474.59464 13 53.4811 -0.241510111212
225 2458474.53255 17 53.6665 0.870135557214
226 2458516.57397 15 36.3489 0.760482401214
227 2458474.31948 24 57.6738 -2.22628009238
228 2458453.27264 14 88.2337 7.55073807483
229 2458516.49952 17 37.1891 0.833155684889
