-0.0876772498188 1428251283.76 1485188738.6 1427727815.15 1535451831.55 2458474.52843 1 10 1
-0.44862722455 1425330591.48 1483681640.35 1424804090.28 1535430633.25 2458453.33681 0 2 0
-0.100038091365 1426420447.57 1483731973.88 1426061033.51 1534165162.68 2458474.33596 1 7 0
-0.444506740988 1428303511.43 1486173276.52 1427700218.37 1537858945.33 2458453.40097 0 3 1
-0.0969761435732 1426779670.1 1483978479.18 1426103583.43 1535143004.26 2458474.38364 1 8 1
-0.456123359071 1429833082.89 1488301643.88 1429295942.66 1540143267.36 2458453.22009 0 0 1
-0.451954548467 1430406253.79 1488525748.07 1429902496.01 1540641406.38 2458453.285 0 1 1
-0.387994580626 1427102322.06 1483268383.09 1426477995.74 1533017896.66 2458516.56573 2 15 1
-0.0957852490426 1424906931.52 1481910670.43 1424391179.56 1532880921.97 2458474.40218 1 8 0
-0.0870156525553 1426414889.59 1484098718.67 1425997860.94 1534838844.13 2458474.53874 1 10 0
-0.440385508866 1424901302.58 1483256886.93 1424409047.58 1535269396.56 2458453.46514 0 4 0
-0.382684018977 1429151212.82 1485577266.26 1428591801.54 1535538024.44 2458516.64842 2 16 1
-0.400022112348 1424469252.6 1481058933.83 1423972743.39 1531241860.46 2458516.37845 2 12 0
-0.378166627291 1429520075.94 1485641007.7 1428948669.34 1535603636.99 2458516.71877 2 17 1
-0.379489810634 1428231591.66 1484589083.11 1427652537.09 1534639819.64 2458516.69816 2 17 1
-0.0927240382665 1426669647.28 1483831962.51 1426124993.5 1534968465.22 2458474.44985 1 9 1
-0.444771383506 1428089549.36 1486654010.81 1427522601.21 1539015328.92 2458453.39685 0 3 1
-0.391055723337 1425319522.3 1482123856.15 1424868378.15 1531898531.29 2458516.51807 2 14 0
-0.448891866051 1424846592.17 1483104150.21 1424313055.87 1535326927.26 2458453.33269 0 2 0
-0.457181905638 1425525220.43 1484331594.34 1425034728.96 1536674790.29 2458453.2036 0 0 1
-0.439459272733 1429760350.47 1487898403.9 1429149062.79 1539744144.16 2458453.47957 0 4 1
-0.383477929425 1427807693.94 1484222250.12 1427240189.22 1533862533.68 2458516.63606 2 16 1
-0.443712826233 1428731789.39 1486794446.56 1428163995.08 1538639042.82 2458453.41333 0 3 1
-0.387729939663 1427744888.93 1484420252.99 1427210511.65 1534302416.28 2458516.56985 2 15 1
-0.0872802897501 1425603461.45 1483230903.07 1425171357.9 1534238474.45 2458474.53461 1 10 0
-0.386936029155 1428383333.11 1485103055.27 1427821112.28 1535044209.6 2458516.58222 2 15 1
-0.0960498882709 1424800903.33 1482173075.03 1424300077.87 1533443394.04 2458474.39806 1 8 0
-0.0838221094552 1425557246.81 1482880331.38 1425033950.61 1533904262.28 2458474.58846 1 11 0
-0.400286749902 1423143885.51 1479562263.6 1422680387.09 1529306786.51 2458516.37433 2 12 0
-0.103703690581 1429364808.88 1486566599.22 1428813758.37 1537052812.85 2458474.27888 1 6 1
-0.392114270801 1424077851.59 1480475191.74 1423554911.14 1530754025.46 2458516.50158 2 14 0
-0.382551702682 1426273339.65 1483081532.3 1425781807.67 1533008015.06 2458516.65048 2 16 0
-0.377901997035 1429781911.93 1486300487.79 1429215193.4 1536227862.09 2458516.72289 2 17 1
-0.457314226328 1420022627.99 1478999196.22 1419602396.07 1531360523.76 2458453.20154 0 0 0
-0.0826312294287 1429622922.32 1486999039.78 1429126977.48 1538046253.24 2458474.60701 1 11 1
-0.100567372184 1425936316.22 1483213265.47 1425467731.01 1533884218.74 2458474.32772 1 7 0
-0.378563576146 1426136210.09 1482629087.37 1425626704.08 1532308002.1 2458516.71258 2 17 0
-0.0878095708983 1424580264.32 1481730490.18 1424041949.31 1532553918.74 2458474.52637 1 10 0
-0.0840867553824 1425032561.56 1482024746.13 1424552394.11 1532615118.36 2458474.58434 1 11 0
-0.45341006183 1425606036.38 1483492159.87 1425177666.28 1534717399.29 2458453.26233 0 1 0
-0.395573105304 1426500497.72 1482941322.79 1426024426.95 1532420203.26 2458516.44773 2 13 0
-0.396102379095 1426060995.67 1482652285.32 1425665555.23 1532206173.56 2458516.43948 2 13 0
-0.440914796832 1422668925.71 1480298133.56 1422210832.22 1532550535.03 2458453.4569 0 4 0
-0.452616137686 1427015936.25 1485245213.93 1426621619.37 1536558578.74 2458453.2747 0 1 0
-0.392378912362 1422538267.15 1479093114.12 1422030662.16 1530030191.23 2458516.49746 2 14 0
-0.101361309338 1423059327.95 1479456565.27 1422472478.14 1530251466.79 2458474.31536 1 7 0
-0.436264276983 1429233315.74 1487090434.07 1428645365.8 1538547616.79 2458453.52932 0 5 1
-0.382287071289 1426425851.97 1483299317.61 1425933989.92 1533558869.62 2458516.6546 2 16 0
-0.0830281846527 1426035152.61 1483269478.76 1425559712.17 1534235436.45 2458474.60082 1 11 0
-0.391584992524 1425044201.9 1481553496.84 1424586562.88 1531212982.0 2458516.50983 2 14 0
-0.449156509437 1424521565.94 1482613516.49 1424078512.1 1534233426.04 2458453.32857 0 2 0
-0.0883388608088 1423916751.72 1481038559.68 1423390083.67 1531733474.37 2458474.51813 1 10 0
-0.0921947465318 1427810489.73 1485224488.61 1427255596.32 1535966807.36 2458474.45809 1 9 1
-0.379225169671 1428959825.27 1485328632.5 1428428189.91 1535156001.39 2458516.70228 2 17 1
-0.104629921899 1423240448.48 1480559003.35 1422811762.07 1530821883.21 2458474.26446 1 6 0
-0.396631660901 1423218249.39 1479317941.0 1422675013.46 1529847646.06 2458516.43124 2 13 0
-0.383874891258 1422284512.38 1478001872.96 1421706732.1 1528370680.72 2458516.62988 2 16 0
-0.456255675934 1426191693.26 1484479401.4 1425773333.84 1536124633.82 2458453.21802 0 0 0
-0.395705422795 1429825000.37 1486524166.55 1429253226.56 1536353385.54 2458516.44567 2 13 1
-0.390791092184 1425362294.12 1482075827.97 1424931806.3 1531954309.82 2458516.52219 2 14 0
-0.0999057725884 1429824357.12 1486856511.22 1429333266.8 1537218756.93 2458474.33802 1 7 1
-0.444374420476 1424997719.87 1483492022.94 1424521879.29 1535667350.28 2458453.40303 0 3 0
-0.38281633584 1425362955.98 1481841246.75 1424848732.01 1531426466.91 2458516.64636 2 16 0
-0.09166546335 1428218890.35 1485093619.34 1427672182.44 1535282015.72 2458474.46633 1 9 1
-0.399889794528 1428368911.83 1484667713.84 1427791936.05 1534476378.55 2458516.38051 2 12 1
-0.378298943018 1426304360.07 1482820098.92 1425824252.22 1532710148.25 2458516.7167 2 17 0
-0.452086865449 1427412834.35 1485935142.51 1427172556.68 1537605682.09 2458453.28294 0 1 0
-0.39171731127 1428172976.99 1484966762.77 1427679448.67 1535027623.01 2458516.50776 2 14 1
-0.103968326161 1429003861.48 1486641951.96 1428474502.21 1537567609.41 2458474.27476 1 6 1
-0.388126901496 1422255709.6 1478392516.23 1421727979.17 1529048425.43 2458516.56367 2 15 0
-0.0956529302657 1428342956.04 1485592918.23 1427811201.34 1536532680.71 2458474.40424 1 8 1
-0.0868833345261 1429725680.77 1487275701.38 1429196958.64 1538062765.02 2458474.5408 1 10 1
-0.0965791741442 1424424705.47 1481771729.18 1423957133.73 1532562969.94 2458474.38982 1 8 0
-0.383610249727 1424138399.5 1480626086.45 1423596280.32 1530701990.76 2458516.634 2 16 0
-0.104762242739 1425789367.84 1482899780.18 1425260019.84 1533130117.99 2458474.2624 1 6 1
-0.379357489973 1425599585.17 1482139595.32 1425195795.29 1531902013.71 2458516.70022 2 17 0
-0.444903705393 1424418418.08 1482796703.68 1423881269.96 1534835017.15 2458453.39479 0 3 0
-0.099641136201 1430004689.75 1487421833.94 1429506261.87 1538022097.02 2458474.34214 1 7 1
-0.390923407521 1428672561.71 1485447317.12 1428141031.81 1535589673.99 2458516.52013 2 14 1
-0.44902418755 1428232605.69 1486473238.93 1427661682.71 1538136018.57 2458453.33063 0 2 1
-0.0839544322095 1428765816.99 1485950439.69 1428194348.21 1536793461.59 2458474.5864 1 11 1
-0.400419069546 1425473862.19 1481451471.97 1424930610.52 1530862729.97 2458516.37227 2 12 1
-0.435999634465 1429787984.69 1488144323.57 1429321502.23 1540005573.54 2458453.53344 0 5 1
-0.434941085208 1429990025.75 1488251968.82 1429408912.99 1540315150.21 2458453.54992 0 5 1
-0.100699693862 1429207098.36 1486459232.59 1428680741.4 1537366506.07 2458474.32566 1 7 1
-0.394911525924 1430274769.56 1486681769.84 1429716377.45 1536186096.28 2458516.45803 2 13 1
-0.387068346048 1424855439.2 1481701911.25 1424345345.82 1532042256.59 2458516.58015 2 15 0
-0.0961822087524 1428149346.54 1485583119.87 1427596575.89 1536406247.79 2458474.396 1 8 1
-0.0911361888408 1428195545.63 1485903964.23 1427665492.8 1537442386.05 2458474.47457 1 9 1
-0.378034311984 1426441029.11 1483144363.72 1425935957.49 1532957128.24 2458516.72083 2 17 0
-0.399757477307 1425394067.82 1481890005.27 1424921267.75 1531597567.82 2458516.38257 2 12 0
-0.457446547498 1420894498.93 1479097800.43 1420308026.4 1531001366.05 2458453.19948 0 0 1
-0.0928563619777 1421896499.51 1478961497.9 1421254379.87 1530937466.02 2458474.44779 1 9 0
-0.103836008281 1425720910.59 1483242673.51 1425271651.0 1533906279.79 2458474.27682 1 6 0
-0.452219182821 1430611145.98 1489434895.58 1430068587.45 1541634916.03 2458453.28088 0 1 1
-0.391981950499 1427787260.59 1484435789.45 1427248154.81 1534620255.12 2458516.50364 2 14 1
-0.440517830364 1428026274.95 1486216496.78 1427474655.63 1538055446.55 2458453.46308 0 4 1
-0.0842190789142 1427944431.13 1485058831.94 1427301728.68 1536375315.37 2458474.58228 1 11 1
-0.395440788381 1429921559.09 1486555735.23 1429370087.01 1536418815.23 2458516.44979 2 13 1
-0.104232962937 1428465420.23 1485954717.87 1427942152.11 1536962313.89 2458474.27064 1 6 1
-0.386671397074 1428373070.3 1484887644.52 1427801447.41 1534888404.35 2458516.58634 2 15 1
-0.396234699009 1429162302.97 1485807110.6 1428622742.96 1535750766.88 2458516.43742 2 13 1
-0.0971084673143 1422043805.53 1478652466.51 1421372249.63 1530517032.68 2458474.38158 1 8 0
-0.443845144053 1425358196.35 1483796188.0 1424921687.08 1535601173.34 2458453.41127 0 3 0
-0.378695893637 1429449344.52 1485662960.53 1428872998.71 1535172375.01 2458516.71052 2 17 1
-0.0917977832632 1424789756.08 1482190592.4 1424300614.02 1532978112.16 2458474.46427 1 9 0
-0.0879418926059 1427882216.85 1484795637.05 1427263444.22 1535154483.56 2458474.52431 1 10 1
-0.436131955515 1425925148.98 1483912165.57 1425453269.88 1535832902.07 2458453.53138 0 5 0
-0.38215475634 1429783422.49 1486478737.82 1429299963.29 1536579153.06 2458516.65667 2 16 1
-0.0831605039977 1429422871.54 1486756011.52 1428927455.53 1537511747.88 2458474.59876 1 11 1
-0.38759761978 1424599421.39 1481280277.46 1424139280.23 1531254095.24 2458516.57191 2 15 0
-0.0963145298618 1424866630.96 1482208147.11 1424432367.61 1532690310.14 2458474.39394 1 8 0
-0.435734993981 1429910571.37 1488543021.35 1429447863.34 1540724556.52 2458453.53756 0 5 1
-0.440782474437 1427226865.83 1485191622.5 1426608855.61 1537195428.21 2458453.45896 0 4 1
-0.452483818849 1430343728.92 1488762882.44 1429777239.96 1540810806.85 2458453.27676 0 1 1
-0.101228985597 1427954525.03 1484874300.38 1427344597.14 1535519509.8 2458474.31742 1 7 1
-0.39517615627 1430314736.73 1486465297.05 1429754609.91 1535631936.4 2458516.45391 2 13 1
-0.456652628497 1428675319.49 1487079472.27 1428215333.05 1539109128.36 2458453.21184 0 0 1
-0.396499340001 1428025716.9 1484215198.78 1427392523.26 1534226414.08 2458516.4333 2 13 1
-0.383345609572 1424737734.08 1481537698.45 1424227534.59 1531538192.03 2458516.63812 2 16 0
-0.445036027549 1427380658.44 1485705787.99 1426834487.52 1537762020.8 2458453.39273 0 3 1
-0.0882065376059 1427538270.74 1484784860.46 1426984296.06 1535398507.91 2458474.52019 1 10 1
-0.379092849818 1425817250.84 1482635600.45 1425364812.86 1532632433.48 2458516.70434 2 17 0
-0.0920624248541 1424687975.43 1482282630.33 1424239578.88 1533109419.18 2458474.46015 1 9 0
-0.104100644369 1425285949.63 1482902640.9 1424844504.53 1533544510.02 2458474.2727 1 6 0
-0.378431259313 1429601234.8 1486376142.08 1429023179.15 1536585998.13 2458516.71464 2 17 1
-0.0914008252281 1428213958.81 1485125499.6 1427755493.94 1535488388.0 2458474.47045 1 9 1
-0.382948653361 1428333703.93 1484872273.24 1427744288.53 1534900125.34 2458516.6443 2 16 1
-0.0875449293074 1424921818.03 1482537857.01 1424468038.64 1533578786.66 2458474.53049 1 10 0
-0.10017041071 1429754028.18 1487363463.77 1429207121.49 1538225280.37 2458474.3339 1 7 1
-0.448494904607 1428851337.35 1487399908.39 1428338197.12 1539552868.14 2458453.33887 0 2 1
-0.0968438200713 1424065948.93 1481473430.55 1423564900.79 1532088706.71 2458474.3857 1 8 0
-0.386406766787 1428479662.79 1484792588.19 1427937907.15 1534387444.46 2458516.59046 2 15 1
-0.39597005972 1429607036.24 1486318176.77 1429058573.77 1536102553.46 2458516.44154 2 13 1
-0.453013097485 1429886772.05 1487936352.97 1429339561.42 1539514264.12 2458453.26852 0 1 1
-0.395043840903 1426814243.03 1483313483.71 1426353102.68 1533048375.64 2458516.45597 2 13 0
-0.100964338892 1428794558.13 1486205861.18 1428269578.08 1537127990.19 2458474.32154 1 7 1
-0.443580508892 1425394642.53 1483329735.7 1424942424.18 1534746640.8 2458453.41539 0 3 0
-0.387200663539 1428275484.43 1485056162.49 1427744952.68 1534837596.37 2458516.57809 2 15 1
-0.0835574655018 1425839833.75 1483207177.63 1425333142.15 1534220728.8 2458474.59258 1 11 0
-0.435867313954 1426464389.98 1484900649.29 1425969246.52 1536709805.74 2458453.5355 0 5 0
-0.0925917147347 1423660749.52 1480699664.93 1423256145.76 1531371915.36 2458474.45191 1 9 0
-0.391188039632 1428396444.28 1484896395.15 1427836818.19 1534687432.09 2458516.51601 2 14 1
-0.448759545062 1428555419.46 1486602739.1 1427998751.84 1538075322.97 2458453.33475 0 2 1
-0.0997734542003 1426635178.75 1484276320.48 1426192994.75 1535185003.13 2458474.34008 1 7 0
-0.439326955362 1426553376.18 1484600244.06 1426031927.04 1536412384.04 2458453.48163 0 4 0
-0.399492844628 1425882451.5 1482437710.29 1425355401.13 1532325537.82 2458516.38669 2 12 0
-0.105026886184 1422130603.41 1479051643.69 1421477014.01 1530232423.07 2458474.25828 1 6 1
-0.444109781128 1425192794.69 1483475928.46 1424717354.19 1535416161.76 2458453.40715 0 3 0
-0.100435051075 1429611666.86 1486868149.62 1429076382.24 1537364627.68 2458474.32978 1 7 1
-0.0919301037447 1427976099.24 1485444748.35 1427400307.69 1536829183.09 2458474.46221 1 9 1
-0.453542384316 1428319863.17 1486276715.88 1427639986.73 1538461856.76 2458453.26027 0 1 1
-0.0843514026553 1423292958.26 1480186620.26 1422675662.68 1531877604.58 2458474.58022 1 11 0
-0.456520310527 1425552721.04 1483784445.2 1425099758.75 1535705703.74 2458453.2139 0 0 0
-0.0953882938784 1428342533.37 1485486785.94 1427822003.46 1536191308.64 2458474.40836 1 8 1
-0.440650152251 1424475413.27 1483179453.24 1424010836.13 1535489176.02 2458453.46102 0 4 0
-0.452351500611 1427186181.6 1485597031.75 1426737101.02 1537217129.86 2458453.27882 0 1 0
-0.399625160653 1428989830.58 1485680792.4 1428388898.59 1535863174.74 2458516.38463 2 12 1
-0.457578869116 1411198494.37 1469457875.49 1410706852.85 1522012862.94 2458453.19742 0 0 0
-0.0912685068401 1424998079.25 1482884095.22 1424609335.18 1534087552.67 2458474.47251 1 9 0
-0.0828958658459 1429520043.0 1487057816.44 1428978590.78 1538164994.07 2458474.60289 1 11 1
-0.391452674016 1428307129.15 1484547470.15 1427743648.25 1534047209.27 2458516.51189 2 14 1
-0.449288831593 1427526458.36 1485913847.25 1426952124.52 1538065544.99 2458453.32651 0 2 1
-0.445168349944 1422525601.88 1480519457.3 1421901805.99 1533540408.21 2458453.39067 0 3 0
-0.0923270688075 1424241084.88 1481292761.91 1423741224.3 1531881263.04 2458474.45603 1 9 0
-0.378960530502 1429277153.38 1485984510.39 1428775222.98 1535997347.29 2458516.7064 2 17 1
-0.0884711842807 1426840393.26 1484033421.43 1426301391.68 1535016940.42 2458474.51607 1 10 1
-0.453277739973 1429515114.66 1487922253.53 1429012120.99 1539690930.79 2458453.2644 0 1 1
-0.104497601687 1427325808.63 1484499687.77 1426802069.04 1535343959.27 2458474.26652 1 6 1
-0.38308097148 1424878558.4 1481461391.59 1424398972.53 1531623952.54 2458516.64224 2 16 0
-0.456784946915 1424658930.12 1483581613.04 1424203531.35 1535954894.13 2458453.20978 0 0 0
-0.0964468515395 1427919172.58 1485429677.86 1427352013.93 1536646528.76 2458474.39188 1 8 1
-0.387332981688 1424487322.28 1481024274.53 1424053099.48 1531392884.07 2458516.57603 2 15 0
-0.435338037441 1426567538.62 1484718955.49 1426108485.69 1536461390.6 2458453.54374 0 5 0
-0.105159208729 1414633645.75 1471514212.87 1414101207.28 1523173500.21 2458474.25622 1 6 0
-0.436528921086 1428487366.44 1486749447.21 1427868407.5 1539147747.16 2458453.52519 0 5 1
-0.40068371018 1421594935.85 1477987431.18 1420987195.89 1528199015.78 2458516.36815 2 12 1
-0.0832928238811 1425764694.42 1482831742.21 1425293136.22 1533772491.94 2458474.5967 1 11 0
-0.400154430826 1427511415.32 1483602971.06 1426974260.73 1532889779.97 2458516.37639 2 12 1
-0.091533144005 1424986767.15 1482233332.16 1424575111.49 1532600816.25 2458474.46839 1 9 0
-0.391849630616 1424683917.05 1481331863.04 1424227161.56 1531224004.98 2458516.5057 2 14 0
-0.38680371283 1425137673.2 1481863418.45 1424680092.61 1531644105.83 2458516.58428 2 15 0
-0.0955206118777 1425211662.51 1482900247.49 1424800953.8 1533592463.76 2458474.4063 1 8 0
-0.0967114968685 1427591703.78 1484757991.33 1427054255.82 1535413973.8 2458474.38776 1 8 1
-0.436661243452 1423746296.76 1482100677.21 1423161634.98 1535400439.38 2458453.52313 0 5 0
-0.395837740973 1426120662.73 1482916302.61 1425626803.11 1533265022.14 2458516.4436 2 13 0
-0.444242100533 1428497044.19 1487221416.92 1427910277.12 1539744816.55 2458453.40509 0 3 1
-0.390658777235 1428550987.12 1484944551.4 1427986113.41 1534931863.08 2458516.52425 2 14 1
-0.0836897871795 1429201199.74 1486786144.21 1428695206.68 1537919394.33 2458474.59052 1 11 1
-0.400551389669 1420374196.6 1477132509.06 1419920826.97 1527332162.7 2458516.37021 2 12 0
-0.452880776974 1426702391.85 1485056527.11 1426276553.71 1536769411.49 2458453.27058 0 1 0
-0.100832016138 1425620711.43 1482890622.49 1425157717.99 1533369732.2 2458474.3236 1 7 0
-0.44344819185 1428780554.33 1486839974.39 1428210615.95 1538523401.8 2458453.41745 0 3 1
-0.387862259935 1424140005.03 1480430370.25 1423678445.75 1530014517.95 2458516.56779 2 15 0
-0.0959175683876 1428333982.04 1485813076.44 1427727841.59 1536880627.0 2458474.40012 1 8 1
-0.0871479709434 1429317935.58 1486526126.03 1428773267.24 1537261422.22 2458474.53667 1 10 1
-0.383742570388 1427065602.63 1483341424.02 1426515448.62 1533131472.55 2458516.63194 2 16 1
-0.457049585515 1423009287.56 1481060503.92 1422570818.3 1532521951.01 2458453.20566 0 0 0
-0.399360529051 1429574700.2 1486177167.33 1429001486.55 1536089527.39 2458516.38875 2 12 1
-0.104894564148 1420790152.35 1478219568.85 1420348317.19 1529158676.4 2458474.26034 1 6 0
-0.0924593915618 1427539456.93 1484621987.67 1426998184.63 1535228685.21 2458474.45397 1 9 1
-0.379622131474 1423509544.22 1480020041.94 1422990942.8 1530888793.88 2458516.6961 2 17 0
-0.0886035080517 1422215909.49 1479026859.52 1421633530.45 1530422297.46 2458474.51401 1 10 0
-0.444639062037 1424832276.86 1483063415.62 1424353039.83 1534858150.28 2458453.39891 0 3 0
-0.453674706651 1423602496.24 1481499766.5 1423119877.21 1533745652.14 2458453.25821 0 1 0
-0.395308472027 1426654356.81 1483028130.17 1426214320.85 1532404770.2 2458516.45185 2 13 0
-0.456387993066 1429359524.6 1488328677.78 1428817344.79 1541045929.47 2458453.21596 0 0 1
-0.386539081736 1425000330.36 1481069343.94 1424564409.97 1530423818.05 2458516.5884 2 15 0
-0.443977462352 1428581329.71 1486864936.28 1428006574.09 1539029294.33 2458453.40921 0 3 1
-0.100302730594 1426119374.09 1483267994.81 1425628313.49 1534348266.98 2458474.33184 1 7 0
-0.0880742148218 1424297744.36 1481636145.5 1423774289.73 1532759550.58 2458474.52225 1 10 0
-0.382419386926 1429788534.5 1486540232.18 1429209161.71 1536633322.25 2458516.65254 2 16 1
-0.0827635474579 1426337358.23 1483338235.05 1425951436.78 1533466844.91 2458474.60495 1 11 0
-0.453145418475 1426112402.71 1484215961.16 1425680300.99 1535877991.9 2458453.26646 0 1 0
-0.104365282043 1424392310.91 1481954530.41 1423983879.16 1532849432.56 2458474.26858 1 6 0
-0.383213290227 1428070239.46 1484642791.63 1427467274.57 1534820651.62 2458516.64018 2 16 1
-0.439194638319 1430101520.3 1488631850.01 1429529612.8 1540781900.81 2458453.48369 0 4 1
-0.456917265931 1427505008.19 1485818739.52 1427009210.45 1537811399.28 2458453.20772 0 0 1
-0.396367019311 1425332870.6 1481620063.41 1424903052.5 1531398937.31 2458516.43536 2 13 0
-0.391320356525 1424958025.29 1481347302.94 1424463515.19 1531143847.46 2458516.51395 2 14 0
-0.449421153958 1422776269.87 1480412026.0 1422283578.28 1532464187.55 2458453.32445 0 2 0
-0.378828211785 1426093075.41 1482707357.68 1425638923.15 1532416914.36 2458516.70846 2 17 0
-0.4363965989 1425441420.85 1483659506.1 1424878023.53 1535925550.88 2458453.52725 0 5 0
-0.40081603099 1412753569.46 1468967675.26 1412241797.56 1519376198.36 2458516.36609 2 12 0
-0.0834251443924 1429495518.92 1487186525.44 1429020053.7 1538105342.83 2458474.59464 1 11 1
-0.0874126093942 1428531386.79 1486021815.98 1427949619.25 1537188661.46 2458474.53255 1 10 1
-0.387465300435 1428076877.37 1484788675.55 1427587847.38 1534710875.89 2458516.57397 2 15 1
-0.101096662065 1425004456.99 1481823157.39 1424506658.09 1531968684.7 2458474.31948 1 7 0
-0.452748457031 1430164741.06 1488562033.82 1429619097.92 1540733930.85 2458453.27264 0 1 1
-0.392246591492 1427169216.32 1483453890.06 1426568459.59 1533430662.58 2458516.49952 2 14 1
